1.503894391699968525e+00 3.335914189305272171e+00 1.414861139767161324e+00 3.417140523326779089e+00 1.068493150684931559e+00 4.801847687374084472e+01 3.932419975992112882e+01 5.381796151763071379e+01 4.000000000000000000e+01
1.218765113667633848e+00 3.515112659837269060e+00 2.287665214379395184e+00 3.287571411680887845e+00 3.964062499999999822e+00 6.118191839183480596e+01 5.997163413377631969e+01 7.113322287954724743e+01 4.000000000000000000e+01
1.695697831162971791e+00 3.411189702003358359e+00 1.484853597342921772e+00 3.338938416031766554e+00 2.764077669902912593e+00 5.315403299501677736e+01 4.790676025969203522e+01 6.163956991558256249e+01 4.000000000000000000e+01
1.790477135880996773e+00 3.411189702003358359e+00 1.681038451336054340e+00 3.057703429851572174e+00 1.941176470588235281e+00 4.696443575184066788e+01 4.427073632609323539e+01 5.523085999928717627e+01 4.000000000000000000e+01
1.723411199143051631e+00 3.443857242552258668e+00 1.974505871044840211e+00 2.869948980324960264e+00 1.713942307692307931e+00 6.282543390844224973e+01 6.337189047702239009e+01 7.189449947471797486e+01 4.000000000000000000e+01
1.554620066776243092e+00 3.552343858581805236e+00 1.831201586848536733e+00 3.207641142464839223e+00 2.789772727272727515e+00 6.179590666231656826e+01 6.314250798608049564e+01 6.860453305820530545e+01 4.000000000000000000e+01
1.225696303627280770e+00 2.540515226981210795e+00 9.541815955777213087e-01 2.596773468755051884e+00 1.029970760233918092e+00 4.546111191842302190e+01 4.146343203061974236e+01 5.252772357676894188e+01 4.000000000000000000e+01
1.049178030914499571e+00 3.515112659837269060e+00 2.195404202135629035e+00 3.573707066712529468e+00 2.328559738134206469e+00 6.027639332923858007e+01 6.861817401766874980e+01 7.445803186016928521e+01 4.000000000000000000e+01
1.625416176326343276e+00 3.586363173595479736e+00 2.035433889182465261e+00 3.453675188600847878e+00 3.301282051282051100e+00 6.315678344058780880e+01 7.297505056141794455e+01 7.547525981989419108e+01 4.000000000000000000e+01
1.688131979932576243e+00 3.473953464439372585e+00 1.914341521829878490e+00 3.363449938756295055e+00 2.062801932367149593e+00 6.449718007785664042e+01 7.144175584130742607e+01 7.477204763838574308e+01 4.000000000000000000e+01
1.849229829433135741e+00 3.375437903527040984e+00 1.968296669069080407e+00 3.261472357162910729e+00 1.341666666666666563e+00 7.122284537372421198e+01 7.399916273018574486e+01 8.102301489550833935e+01 4.000000000000000000e+01
1.452480335865114602e+00 3.473953464439372585e+00 2.124065744527707800e+00 3.033158680696528275e+00 2.261904761904762307e+00 5.210314449623074040e+01 4.810609533106416080e+01 5.959009059117622797e+01 4.000000000000000000e+01
2.021442348751772755e+00 3.346195160597230434e+00 1.502203256165179690e+00 3.119171069940216867e+00 2.305555555555555358e+00 6.066459162476554212e+01 6.149517437797003083e+01 6.919920480340705637e+01 4.000000000000000000e+01
1.220587080061055207e+00 3.473953464439372585e+00 1.370960256694922386e+00 3.272404464991762296e+00 2.178787878787878718e+00 5.613193539064364046e+01 5.634572718784423984e+01 6.938427776218307486e+01 4.000000000000000000e+01
1.171081513808162722e+00 3.515112659837269060e+00 1.105423509219858547e+00 3.709087424432790492e+00 1.108208955223880743e+00 4.844057729077084673e+01 4.562416554579649386e+01 5.634831070190456614e+01 4.000000000000000000e+01
1.108876417838425166e+00 3.314454017339988567e+00 2.649827588403108170e+00 2.900739272273812563e+00 4.246551724137931139e+00 6.023061551051986839e+01 6.736848353588486304e+01 7.307294264200983491e+01 4.000000000000000000e+01
1.752238702106315493e+00 3.375437903527040984e+00 1.758435706832943479e+00 3.191629912950932013e+00 1.745689655172413701e+00 5.924593934086873048e+01 5.795174518522656371e+01 6.736355155009472639e+01 4.000000000000000000e+01
1.288121532106062395e+00 3.586363173595479736e+00 2.257471634954392847e+00 3.353149279000498417e+00 2.004504504504504236e+00 5.700523627101971869e+01 5.148322857567303146e+01 6.913678581145056512e+01 4.000000000000000000e+01
1.566699313442732944e+00 3.515112659837269060e+00 2.092319120555591105e+00 3.200832533561183357e+00 2.633333333333333304e+00 5.905228457752616578e+01 6.331280405237841791e+01 6.972133564535698724e+01 4.000000000000000000e+01
1.383034464262419050e+00 3.427873620019257661e+00 1.166877293656806813e+00 3.288518223431894150e+00 1.013636363636363669e+00 5.821618900927212792e+01 6.027324950228771172e+01 6.700757242831075189e+01 4.000000000000000000e+01
1.239044092783704087e+00 3.515112659837269060e+00 2.327821434125679101e+00 3.077032564966097006e+00 3.296527777777777501e+00 5.853103173520965186e+01 5.356048669903446324e+01 6.792804160259515811e+01 4.000000000000000000e+01
1.155874724683863652e+00 3.586363173595479736e+00 2.436620557888189431e+00 3.228799066354465008e+00 3.555319148936170404e+00 5.670986158256283716e+01 6.362957355780189062e+01 7.072343760836288595e+01 4.000000000000000000e+01
1.409016892762292361e+00 3.552343858581805236e+00 2.183071910239247959e+00 2.966645571968749895e+00 4.386363636363636687e+00 5.193193567356513540e+01 5.118070406307991504e+01 6.372835308457561609e+01 4.000000000000000000e+01
1.440346620260659849e+00 3.411189702003358359e+00 2.185462206017917186e+00 2.923953864651810619e+00 2.549157303370786387e+00 5.252050079487859335e+01 4.680787679756677022e+01 6.123928445201497084e+01 4.000000000000000000e+01
1.403059282166273958e+00 6.324555320336762598e+00 3.538633745760003002e+00 4.878524367060185440e+00 9.821428571428572063e-01 6.532616548998716155e+01 6.721240615400384399e+01 7.595310409377972860e+01 4.000000000000000000e+01
1.361088472648359415e+00 3.443857242552258668e+00 2.271337450996232743e+00 3.071851346427468155e+00 2.387096774193548487e+00 6.363728726499853394e+01 6.292214842006220010e+01 7.154861280651377342e+01 4.000000000000000000e+01
1.391849784388844213e+00 2.479980506953562092e+00 1.218970708374951473e+00 2.561662555378031225e+00 2.307613168724279795e+00 5.731327361610929927e+01 5.717388840993557864e+01 6.363567511140784205e+01 4.000000000000000000e+01
1.504876407205179456e+00 6.324555320336760822e+00 3.108210572768784985e+00 4.773832180147360660e+00 3.200000000000000178e+00 5.380548865361700450e+01 5.045844843771786259e+01 6.351316999162978050e+01 4.000000000000000000e+01
1.914582313735736951e+00 3.375437903527040984e+00 1.817687015905780301e+00 2.987387268480693692e+00 2.257389162561576512e+00 4.752426951492320484e+01 4.470348795757543314e+01 5.499394422131214810e+01 4.000000000000000000e+01
1.455649904952030615e+00 3.552343858581805236e+00 2.014203201319241465e+00 3.067213621035871807e+00 3.476190476190476275e+00 5.821031326502657066e+01 6.054517602013675770e+01 6.905888881817649860e+01 4.000000000000000000e+01
1.825377693701243142e+00 3.411189702003358359e+00 1.740870996178065955e+00 3.284670645634897301e+00 2.072093023255813904e+00 6.210762624912580776e+01 6.544802549956828841e+01 7.086918162900141738e+01 4.000000000000000000e+01
1.240017546272730975e+00 3.411189702003358359e+00 2.413407201243300548e+00 3.120447612304323659e+00 3.995192307692307487e+00 6.233972514130435627e+01 6.980677051556438073e+01 7.361697670321230191e+01 4.000000000000000000e+01
1.959997215967534290e+00 3.443857242552258668e+00 1.401452646213955155e+00 3.035398010571051408e+00 1.128947368421052477e+00 6.539420222540371697e+01 7.181268030016560999e+01 7.403298298353323048e+01 4.000000000000000000e+01
1.510244836331963603e+00 3.411189702003358359e+00 2.326628110182203280e+00 2.920172691142678634e+00 2.442528735632183867e+00 6.057914605332889835e+01 6.669257639814597383e+01 7.171685041453945075e+01 4.000000000000000000e+01
1.286824984633236912e+00 3.411189702003358359e+00 2.431506123574273204e+00 3.197698724627429545e+00 3.166666666666666963e+00 6.049196576931894498e+01 6.973711572459616548e+01 7.172028355614500583e+01 4.000000000000000000e+01
1.110715247807872341e+00 3.552343858581805236e+00 2.318115554501180675e+00 3.296873459585412558e+00 4.246794871794872250e+00 4.941167980204485843e+01 4.528039075195899699e+01 6.328058643013782358e+01 4.000000000000000000e+01
1.507265469407780278e+00 3.552343858581805236e+00 2.208660297068872236e+00 3.313441871960613572e+00 5.024159663865546577e+00 5.355637573268877105e+01 5.145687223834904955e+01 6.276622462597631369e+01 4.000000000000000000e+01
1.512491145776619472e+00 3.411189702003358359e+00 1.790691472852972588e+00 3.346625167980755933e+00 1.756578947368421018e+00 5.174603219467455517e+01 5.067028932568251776e+01 6.346885849115680855e+01 4.000000000000000000e+01
1.358615619803042796e+00 3.279716080596870142e+00 2.062965834237090679e+00 3.140263719833272127e+00 1.361888111888112096e+00 5.892896338573002879e+01 6.195265988404331381e+01 6.652018298439882926e+01 4.000000000000000000e+01
1.281930803939684393e+00 3.335914189305272171e+00 1.799968517602187346e+00 3.227522662413499610e+00 3.164102564102564408e+00 5.412024774325369947e+01 5.540900281224066504e+01 6.188853141844062122e+01 4.000000000000000000e+01
1.404007250910973337e+00 3.411189702003358359e+00 2.052451098643291338e+00 3.189961913224319989e+00 3.086842105263158054e+00 5.865546529994621494e+01 6.325622319091267087e+01 6.912029230825446291e+01 4.000000000000000000e+01
1.774341939422644288e+00 3.443857242552258668e+00 1.588967432187025519e+00 3.065098423157802010e+00 9.695945945945946276e-01 6.278871334291783057e+01 5.869858206171574011e+01 7.060997863882531078e+01 4.000000000000000000e+01
1.737809118163919919e+00 3.443857242552258668e+00 2.102221749972757792e+00 2.977325427240064215e+00 2.083333333333333037e+00 5.534608230733198297e+01 5.581812562116419230e+01 6.563087764487266895e+01 4.000000000000000000e+01
9.771424990745392058e-01 3.411189702003358359e+00 1.516928328197963971e+00 3.211328629325385986e+00 7.575757575757576801e-01 4.824982806308569394e+01 4.128255877885650449e+01 5.610840687500287771e+01 4.000000000000000000e+01
1.337093145531189631e+00 3.443857242552258668e+00 1.632301903159080636e+00 3.038795399301425615e+00 6.570796460176991927e-01 6.529603365179571028e+01 6.173700227968863175e+01 7.154333347176010705e+01 4.000000000000000000e+01
1.669460440006537594e+00 3.473953464439372585e+00 1.987458699499727199e+00 3.213406886950107122e+00 1.874125874125874169e+00 6.364744946432121964e+01 6.311909448892107122e+01 6.982366461100517085e+01 4.000000000000000000e+01
1.321134350634451726e+00 2.521757574239154476e+00 1.110222968194535920e+00 2.607573287878910850e+00 1.212204007285974550e+00 6.008415443868106820e+01 6.148325876229314702e+01 6.727725566246019184e+01 4.000000000000000000e+01
1.418712900770663587e+00 3.411189702003358359e+00 2.369922701074379745e+00 3.155647672471298293e+00 3.740740740740740478e+00 5.946076636411072514e+01 5.949513349421831521e+01 6.848867674568820973e+01 4.000000000000000000e+01
1.367144087327468283e+00 3.443857242552258668e+00 1.861361322902040483e+00 3.185405313035582164e+00 1.347859327217125314e+00 5.187264304992893926e+01 5.196769650858569634e+01 5.902481814820264816e+01 4.000000000000000000e+01
1.335216661187582643e+00 3.346195160597230434e+00 1.519593081952114400e+00 3.024308697632369203e+00 9.301242236024844789e-01 5.260175380484889729e+01 5.002561018548237826e+01 6.312596854997835294e+01 4.000000000000000000e+01
