4.898979485566353986e+00 3.384796495285439466e+00 3.840572873934303910e+00 1.441605815532988055e+00 6.591924851358257342e+01 6.649225912966531382e+01 9.345377402551807222e+01 2.400000000000000000e+01
3.464101615137757495e+00 2.796694148829445226e+00 2.999999999999998668e+00 1.316147475156066671e+00 5.146914154325108370e+01 5.760816080072273593e+01 7.398883210521769627e+01 1.200000000000000000e+01
4.408096694603393928e+00 2.565550591171593453e+00 3.568606305706538251e+00 1.426737253617156753e+00 4.739245534461197451e+01 4.737513369005370123e+01 6.701646796148814644e+01 9.000000000000000000e+01
3.287503659034452408e+00 1.770675680680781072e+00 2.795019558377367819e+00 1.599891383848600634e+00 6.033769938589771442e+01 6.323060576107789643e+01 8.473490718113015419e+01 3.200000000000000000e+01
4.271410380525042072e+00 2.572017026106275139e+00 3.787837203908467121e+00 1.552180416714553202e+00 6.289744642053159396e+01 6.607871866901085411e+01 9.163104225221708532e+01 8.200000000000000000e+01
3.651851665012083803e+00 2.313853171413719600e+00 2.934364643098554826e+00 1.557820684241611797e+00 5.739797603488278810e+01 5.684770836641840219e+01 8.220546271424578322e+01 5.200000000000000000e+01
3.767404466638948790e+00 1.942124620664047230e+00 3.291608694275559355e+00 1.309350536447666968e+00 4.197093817001992022e+01 3.504619745756711779e+01 5.568814790550315053e+01 6.000000000000000000e+01
3.005976717387371711e+00 1.457996333639821618e+00 2.932319336354967554e+00 1.437375748569873712e+00 4.798859853223843430e+01 4.801511315670625635e+01 6.861290637125861736e+01 7.400000000000000000e+01
5.099019513592788932e+00 2.680610907488327754e+00 3.668043818514911791e+00 1.899475067140644402e+00 5.453347983208468008e+01 5.373105833193829994e+01 7.580086601807812485e+01 2.600000000000000000e+01
3.902627371513785359e+00 2.165275147547506052e+00 3.783417009609019388e+00 1.629900508805084858e+00 6.042004198812711024e+01 5.858454828349730548e+01 8.616863976510941825e+01 5.600000000000000000e+01
3.040775722561616323e+00 1.446476050207217368e+00 2.996636823739405653e+00 1.480266149762904382e+00 5.886563452985164702e+01 5.553489402709629275e+01 8.364000276076990303e+01 9.600000000000000000e+01
4.573050519273265557e+00 2.705266322144472824e+00 4.036686293185326235e+00 1.574134430387799322e+00 5.781562547271337138e+01 6.344448073739857108e+01 8.328103857511010233e+01 1.000000000000000000e+02
3.525175850184141702e+00 1.268882559412462641e+00 3.751050905717125072e+00 1.341264235129781213e+00 4.862051042302810089e+01 4.638202947900063577e+01 6.788605718935777134e+01 4.200000000000000000e+01
3.871258567902145398e+00 2.547663813814784017e+00 3.446344578534233705e+00 1.738120914568570985e+00 5.209595845474865428e+01 4.982416181691881718e+01 7.674803966310032877e+01 6.000000000000000000e+01
4.511359021331792007e+00 1.949903853901373330e+00 4.135916102515430737e+00 1.620048934693054665e+00 4.891963780003596440e+01 4.724444168245840814e+01 6.995636274300018442e+01 8.200000000000000000e+01
5.099019513592788932e+00 2.919687311877257052e+00 3.926406329796581662e+00 1.372580285651611831e+00 6.262562804178234899e+01 6.115331414773213936e+01 8.378483512984477954e+01 2.600000000000000000e+01
6.480740698407865708e+00 3.711457835140213657e+00 5.244044240850755934e+00 1.288604063568028923e+00 5.099301142532330289e+01 4.728660319883468333e+01 7.206147493766677314e+01 4.200000000000000000e+01
3.186708769871326119e+00 1.901314998482490859e+00 2.668216840070789964e+00 1.418238951550359284e+00 6.113630873249401532e+01 6.994515622526681398e+01 8.540740561655847785e+01 3.000000000000000000e+01
2.449489742783179214e+00 1.860611887253645458e+00 2.345207879911713089e+00 1.000000000000000000e+00 7.214084309131456507e+01 7.119745809602977715e+01 9.325465745582616250e+01 6.000000000000000000e+00
4.539482006091416721e+00 2.639679314326631054e+00 3.718513830066399350e+00 1.484823425258547269e+00 5.784042264595942129e+01 5.787189002041762365e+01 8.494275642219533040e+01 9.600000000000000000e+01
3.375437903527040984e+00 1.558354289130401638e+00 3.070003782639406431e+00 2.020510782618634149e+00 5.707978805186736793e+01 6.061625300351287393e+01 8.015140442465832393e+01 4.000000000000000000e+01
3.365865436338598915e+00 1.206445253481194468e+00 3.408147656340173803e+00 1.590282614018447616e+00 5.761638677544165432e+01 5.854037909377324667e+01 7.878576369957421832e+01 3.600000000000000000e+01
4.000000000000004441e+00 3.200935656962302200e+00 3.240370349203928413e+00 1.296491393189775687e+00 5.084346291985832522e+01 5.470178541221377344e+01 7.329158911796592690e+01 1.600000000000000000e+01
1.999999999999999778e+00 3.521249342581823927e-02 1.999999999999999778e+00 1.094068526668644292e+00 7.804521066990376710e+01 7.804521066990376710e+01 8.155024629975730477e+01 2.000000000000000000e+00
3.723115112147556527e+00 2.268575821388139957e+00 3.504284070755234737e+00 1.665214219377554761e+00 6.386374723203277171e+01 6.855369039323973368e+01 9.348243238350615059e+01 5.400000000000000000e+01
3.111972875488456580e+00 1.673503789480743187e+00 2.852456487574258404e+00 1.503393919886080843e+00 4.922862626915571127e+01 4.914105104780784927e+01 7.177627008268379427e+01 8.800000000000000000e+01
3.929645815211466164e+00 1.285833479534230106e+00 3.582033459181333424e+00 1.549539197568804649e+00 5.035469589036641480e+01 4.830855684921495907e+01 7.098814311383411280e+01 5.600000000000000000e+01
3.747522087408219793e+00 2.396977314474864951e+00 3.301970048557652415e+00 1.676394334886452953e+00 6.780633425573181228e+01 7.445782156812035169e+01 9.813448789610856693e+01 5.800000000000000000e+01
4.144021832308375508e+00 1.718382278977909294e+00 4.223335435601539345e+00 1.471369864369819869e+00 5.076833867707010484e+01 4.515117805299466625e+01 7.035368705685908708e+01 6.800000000000000000e+01
4.391851715568663828e+00 3.066328869064696150e+00 3.776989511028462587e+00 1.304909289163259878e+00 5.415437581382835930e+01 5.278564882659247814e+01 7.833351068006852813e+01 9.200000000000000000e+01
2.770261746883892595e+00 8.792642937714060247e-01 2.900098068123040829e+00 1.191105463000133646e+00 5.199267703059910417e+01 3.958814219956498448e+01 6.791451935581388000e+01 2.200000000000000000e+01
4.317796256667672417e+00 2.234826516702256960e+00 3.794672696177097571e+00 1.290029624071298064e+00 4.495530014180543787e+01 3.958738023629322100e+01 6.362431343556927033e+01 8.400000000000000000e+01
3.609134996572830989e+00 2.052198193551792560e+00 3.119768895137562836e+00 1.534326869309842190e+00 5.313266510296649869e+01 5.106604965350653202e+01 7.567856653703184122e+01 5.000000000000000000e+01
4.211628702983268191e+00 2.648147281672259545e+00 3.592807891093925843e+00 1.512837544410191359e+00 6.120464110418688364e+01 6.311841591479502256e+01 9.069196367937500725e+01 7.600000000000000000e+01
3.603445953932019385e+00 2.030832507175855284e+00 3.392400919501341594e+00 1.133583090548898165e+00 4.780919414325729377e+01 4.128238547141289416e+01 6.707440625717811145e+01 4.400000000000000000e+01
3.464101615137754830e+00 2.256794403242142089e+00 2.999999999999998668e+00 1.352700425081783786e+00 7.156244658824654437e+01 7.373406099691018767e+01 9.641812866017401973e+01 1.200000000000000000e+01
2.962229512518212093e+00 1.528009347826073006e+00 2.707959912744651199e+00 1.865251833156090777e+00 4.516468707370346181e+01 4.360942590150327192e+01 6.551738151810327793e+01 7.400000000000000000e+01
2.880339466127438186e+00 1.498389628375677463e+00 2.970807779856718955e+00 1.824084490732249320e+00 6.150908787743676953e+01 6.349171062719638314e+01 8.980861909533439302e+01 6.800000000000000000e+01
4.419853856684193616e+00 2.631239257881881954e+00 3.812425785702867831e+00 1.429994327208380156e+00 6.103565063210736241e+01 6.586371188149406919e+01 9.007380593591787488e+01 8.400000000000000000e+01
3.138661647567554613e+00 1.006181866937601255e+00 2.976804571128425891e+00 1.452294215488833862e+00 5.348937184451966687e+01 5.212416223793983505e+01 7.709549656950242991e+01 9.400000000000000000e+01
3.015151648101881410e+00 1.753178035006424773e+00 3.143365963775966776e+00 1.732687569655526172e+00 6.022861264414614624e+01 6.225002079498322871e+01 8.699435395812905369e+01 9.000000000000000000e+01
4.000000000000001776e+00 3.021920811014611630e+00 3.240370349203929301e+00 1.117723286221574464e+00 5.440646060919189608e+01 5.876723088096809988e+01 7.587667041892763109e+01 1.600000000000000000e+01
4.251961713882900007e+00 2.277492641481349001e+00 3.529397307339577683e+00 1.813847809565046765e+00 4.548930241773489058e+01 4.265867901832674391e+01 6.477391341855938833e+01 7.600000000000000000e+01
3.665629786446681582e+00 2.239324947765191975e+00 3.544151145640880518e+00 1.418371669121796241e+00 6.878401106300206891e+01 7.378587414091988705e+01 1.001067653403355848e+02 4.600000000000000000e+01
3.162277660168380855e+00 9.389286205496202298e-01 2.915475947422649483e+00 1.081503843464907577e+00 7.096236094904146796e+01 7.313108370930663682e+01 9.051228640775391909e+01 1.000000000000000000e+01
4.392122701886505887e+00 2.759250639050032650e+00 3.822047755433748861e+00 1.406559469808666085e+00 4.838525488743123759e+01 4.452254488364594920e+01 7.058002148889490002e+01 8.600000000000000000e+01
4.021250840970684415e+00 2.009843152414250600e+00 3.833836838700293015e+00 1.204914642194164776e+00 5.209040755719887983e+01 4.881674894026549083e+01 7.409325233323495752e+01 5.800000000000000000e+01
4.434583378632606987e+00 2.925413503026820461e+00 3.843503382215477604e+00 1.419756156553158011e+00 6.614330292725082927e+01 7.268536160124018863e+01 9.766310163168211034e+01 9.800000000000000000e+01
3.768298270362488100e+00 2.272507637881323816e+00 3.178167397182805498e+00 1.315208692152386671e+00 5.807176534998799866e+01 5.887405333277758501e+01 8.493283709524703795e+01 5.400000000000000000e+01
2.810524248303257977e+00 1.131333191774789082e+00 3.040443739535367396e+00 1.368461440604386237e+00 5.253705490994946814e+01 4.878842327161337522e+01 7.309895468921844497e+01 6.200000000000000000e+01
2.923647753794257120e+00 1.398698488632356129e+00 3.136559221495199612e+00 1.349800690957190241e+00 5.620767953801136940e+01 5.779082362060132283e+01 8.209541141076906001e+01 7.800000000000000000e+01
3.411189702003358359e+00 2.363543354845670130e+00 3.150302923117842990e+00 1.469137453734920440e+00 6.465217151314249122e+01 6.380401791091232866e+01 9.396993401159774351e+01 4.000000000000000000e+01
2.929489653808834859e+00 1.450153669720137373e+00 2.790654979105231970e+00 1.751718429207134831e+00 4.838303101167107911e+01 4.589953074194546190e+01 6.834241234610065874e+01 7.000000000000000000e+01
3.248864133333840609e+00 1.245305218258814461e+00 3.097441965727054214e+00 9.794128308731090415e-01 5.095998164512090511e+01 5.219882406961320953e+01 6.847000971423102555e+01 3.400000000000000000e+01
2.828427124746190735e+00 1.052363331395303359e+00 2.516611478423582682e+00 7.491604485979026506e-01 4.742123407502016619e+01 4.770860986366397327e+01 6.269321994092336325e+01 8.000000000000000000e+00
2.656402479886668555e+00 1.514118385046779869e+00 2.670344289339604327e+00 1.071957756803054718e+00 6.707251525058951813e+01 6.669493319267317588e+01 9.111889972830184092e+01 1.800000000000000000e+01
3.323894297787715946e+00 1.640763002862386521e+00 3.154846027374319739e+00 2.420156543911183178e+00 6.761731802368501576e+01 7.064811873247734297e+01 9.482066579491406344e+01 3.800000000000000000e+01
4.472135954999580498e+00 3.324545592199871002e+00 3.618136134933162662e+00 1.177343207943333026e+00 6.400533128718541320e+01 7.291332701160150975e+01 9.174097673018761157e+01 2.000000000000000000e+01
5.999999999999997335e+00 5.227700191559102372e+00 3.999999999999999112e+00 1.059157460319687827e+00 6.434113334157702013e+01 7.588291968865223680e+01 8.631991902171336051e+01 6.000000000000000000e+00
4.460076905311534112e+00 2.209159234589599397e+00 3.712131701710292830e+00 1.773553887434764054e+00 5.993755870420035592e+01 6.406028530591042625e+01 8.559310992236865445e+01 9.200000000000000000e+01
3.111972875488456580e+00 1.397569497838115238e+00 3.268616160035692442e+00 1.295948441544853225e+00 4.763840842954694921e+01 4.284976832723285156e+01 6.779173610389869964e+01 8.800000000000000000e+01
3.974267717036507275e+00 2.050402108835482906e+00 3.657464124509522296e+00 1.750201973862470117e+00 5.433108220136367095e+01 5.394740918871602986e+01 7.811472003646507289e+01 6.400000000000000000e+01
3.498098863849139928e+00 1.887657385371393604e+00 3.119039673686827552e+00 1.546674681905038540e+00 6.232465326236421532e+01 6.364545041796875324e+01 8.716924391016189588e+01 3.800000000000000000e+01
3.669259018569607900e+00 1.872340167161098412e+00 3.374979046031712837e+00 1.681837335997103944e+00 5.507844092515849610e+01 5.144715247498973554e+01 7.916669119711606584e+01 4.800000000000000000e+01
3.080024803083043494e+00 1.181090418953409271e+00 3.115809339680866152e+00 1.127046278730111428e+00 5.535585182717851893e+01 5.432680666411769721e+01 7.643323549781356974e+01 2.800000000000000000e+01
4.683895516220591304e+00 2.458089621438765970e+00 4.524142551645649490e+00 1.532739989351951326e+00 6.021851639531432454e+01 5.886356924152217118e+01 8.726457943373409876e+01 9.800000000000000000e+01
2.656402479886668555e+00 1.232675093093677399e+00 2.779690184946337350e+00 1.179723229625565528e+00 5.904054502855749575e+01 7.329416337543302973e+01 8.069807377925499736e+01 1.800000000000000000e+01
3.308641206573625926e+00 1.544077377279727825e+00 3.202550236113217874e+00 1.497163858429378047e+00 5.406678918096887543e+01 5.274719985232724895e+01 7.829912687334726229e+01 3.400000000000000000e+01
3.111497628292656970e+00 1.553807842677626727e+00 3.242206762916822527e+00 1.776474686452062857e+00 5.776061824359977948e+01 5.952482062590903666e+01 8.317207444240588643e+01 8.600000000000000000e+01
3.999999999999999112e+00 3.070656130040415821e+00 3.000000000000000000e+00 8.797232665991207012e-01 5.886776672676435851e+01 5.234971680398871996e+01 7.590115205796931264e+01 4.000000000000000000e+00
4.023631365412828842e+00 2.204820967140135313e+00 3.575931486009206850e+00 9.652970077874635235e-01 5.145100978514133772e+01 5.092065882195516480e+01 7.433418374012534002e+01 6.200000000000000000e+01
3.741657386773943994e+00 2.560966447249512168e+00 3.020761493398641306e+00 1.225245961221651747e+00 7.129272061617731993e+01 7.039787857136028038e+01 9.558155230739752994e+01 1.400000000000000000e+01
6.928203230275514102e+00 4.535490670273845559e+00 5.423713365090993221e+00 1.297020087851060932e+00 5.221833553971118391e+01 4.949753281352428758e+01 7.650302408856008185e+01 4.800000000000000000e+01
2.931893158047083503e+00 1.186129786146233434e+00 2.837911024793575709e+00 1.257898982034842961e+00 4.201793807731043273e+01 3.847706739535679077e+01 5.991948655132706136e+01 8.000000000000000000e+01
2.828427124746190735e+00 1.491805232937089221e+00 2.549509756796390914e+00 9.623283109986463524e-01 6.028068321232611027e+01 5.476584705255070418e+01 7.618488949783125008e+01 8.000000000000000000e+00
3.096338992284571656e+00 1.685466634349783943e+00 2.883489598971678447e+00 1.736957693093211796e+00 6.692535856988631338e+01 7.538780805004525121e+01 9.397273568780961739e+01 3.000000000000000000e+01
4.690415759823432396e+00 3.075273518304902254e+00 3.643175438093432028e+00 1.314590031073698650e+00 6.306810924001619867e+01 7.081378366129293056e+01 8.832589546821125737e+01 2.200000000000000000e+01
4.338733584634183238e+00 2.310015678326446942e+00 4.005129226913697771e+00 1.613077345306546562e+00 6.318555838639990441e+01 7.154093483816124888e+01 8.955496031818643132e+01 7.200000000000000000e+01
2.958956209219444133e+00 1.576097589489245276e+00 2.772167545684166345e+00 1.658287950557667534e+00 6.863135880505689101e+01 7.816548970589812484e+01 9.813031690317188804e+01 7.000000000000000000e+01
3.994785186379445463e+00 2.186892352227690406e+00 3.398875518208701152e+00 1.871666051028672229e+00 5.822623280806412538e+01 5.982438471412065439e+01 8.407088846054324449e+01 6.600000000000000000e+01
4.052422768424732702e+00 2.487473364808502119e+00 3.618729564032615809e+00 1.320687469634903355e+00 5.493806128833835345e+01 5.270226733566830291e+01 7.809130087620155791e+01 7.200000000000000000e+01
5.656854249492385023e+00 3.434920239621112703e+00 4.123105625617660586e+00 1.392598177357529332e+00 6.715669093240495613e+01 7.452509488411628524e+01 9.576170897159734352e+01 3.200000000000000000e+01
3.798288964661869382e+00 2.453828298342536129e+00 3.776394086099596592e+00 1.172883671882751999e+00 5.292793700235090171e+01 4.584832543406255922e+01 7.458658148839680280e+01 5.000000000000000000e+01
3.270489834451514533e+00 1.544409681848648574e+00 3.390423481115639071e+00 1.664786777773700210e+00 4.776658624383447460e+01 4.887044274641259989e+01 7.121478040685116184e+01 1.000000000000000000e+02
3.999999999999999112e+00 3.341911176154050533e+00 2.999999999999997780e+00 7.550092584184255884e-01 8.433466728183007888e+01 8.410115880521006204e+01 9.867926380247317297e+01 4.000000000000000000e+00
2.895846236466803614e+00 1.723693316120635810e+00 2.903522228695493812e+00 1.166220596882523219e+00 6.057143718601068372e+01 6.007829365286344370e+01 8.204258808431251282e+01 2.400000000000000000e+01
3.543748937210325245e+00 1.727383803197441559e+00 3.242892399007668569e+00 1.326678587861321867e+00 5.527870458561976363e+01 5.392696053343959051e+01 7.778730447890509936e+01 4.400000000000000000e+01
2.977441048537719848e+00 1.418871538911607555e+00 2.864987783458312620e+00 1.602061818130604998e+00 4.576897134205040629e+01 4.386576467362885268e+01 6.359718297316951663e+01 7.800000000000000000e+01
1.999999999999999778e+00 1.437831989453720594e+00 1.999999999999998446e+00 1.000000000000000000e+00 7.473592732815119177e+01 7.473592732815119177e+01 9.187414072111977248e+01 2.000000000000000000e+00
4.472135954999580498e+00 1.842101283057082206e+00 3.674234614174767266e+00 1.294432918874533156e+00 5.550967874624223697e+01 5.403163175826971099e+01 7.432513347050418417e+01 2.000000000000000000e+01
3.162277660168379967e+00 2.339069249387215166e+00 2.999999999999998668e+00 1.000000000000000000e+00 6.125948244367671691e+01 6.584242834310580861e+01 8.356965900579426432e+01 1.000000000000000000e+01
4.107074129711528521e+00 2.274978842942397605e+00 3.506364979768211931e+00 1.901306740470553702e+00 6.420586860448891287e+01 7.066468811988740129e+01 9.334762205830298853e+01 6.600000000000000000e+01
3.305054495489671673e+00 2.026144690483560495e+00 3.086365678362791076e+00 1.480420453014724247e+00 6.055221498764652210e+01 5.906619570961972698e+01 8.631845738345680275e+01 3.600000000000000000e+01
3.121428623488584186e+00 1.421395895446502688e+00 2.949128000635501401e+00 1.322911937231494139e+00 4.283662948650528790e+01 3.804017210547019801e+01 5.920301791525696444e+01 2.800000000000000000e+01
3.886566631452294196e+00 2.468632202193858483e+00 3.264522397879184634e+00 1.490394995899879227e+00 5.288834324710478541e+01 4.856834494156872495e+01 7.549912019289310194e+01 6.400000000000000000e+01
3.024252145332218866e+00 1.387206097235484714e+00 2.802251952507924138e+00 1.668379909849395881e+00 4.913932156114709215e+01 5.180001360618269501e+01 6.961934288388326308e+01 8.000000000000000000e+01
3.741657386773943994e+00 2.661243935773219604e+00 3.316624790355398478e+00 1.002438812689083081e+00 6.493195107956310608e+01 7.248340349010287298e+01 8.878028767751060002e+01 1.400000000000000000e+01
3.816820017066894444e+00 2.284557888609226595e+00 3.030229043040868486e+00 1.586705591190553433e+00 5.126961920778833814e+01 5.306147308483802050e+01 7.342693368908621210e+01 5.200000000000000000e+01
3.180853704930068471e+00 1.625059283632314333e+00 3.094960081547738717e+00 1.677154802466239492e+00 5.643098432274582876e+01 5.847601985201480801e+01 7.871843360299806136e+01 9.400000000000000000e+01
3.772614890255407083e+00 1.172858781523901328e+00 3.351650986846505198e+00 1.265421989469138975e+00 4.415844250959040806e+01 3.412728074679615275e+01 6.010080774461199127e+01 4.600000000000000000e+01
