4.898979485566353986e+00 3.384796495285439466e+00 4.770057778355338840e+00 1.540959679949048144e+00 6.591924851358257342e+01 6.649225912966531382e+01 9.077966187667963993e+01 2.400000000000000000e+01
3.464101615137757495e+00 2.796694148829445226e+00 4.284197981333498717e+00 1.233334997207819805e+00 5.146914154325108370e+01 5.760816080072273593e+01 7.386801623805311579e+01 1.200000000000000000e+01
4.408096694603393928e+00 2.565550591171593453e+00 3.630839715470568052e+00 1.466114915225625648e+00 4.739245534461197451e+01 4.737513369005370123e+01 6.690355768297227712e+01 9.000000000000000000e+01
3.287503659034452408e+00 1.770675680680781072e+00 3.618684627943588250e+00 1.884833699186975187e+00 6.033769938589771442e+01 6.323060576107789643e+01 8.262955642548944013e+01 3.200000000000000000e+01
4.271410380525042072e+00 2.572017026106275139e+00 4.421777692105743007e+00 1.613086821667362392e+00 6.289744642053159396e+01 6.607871866901085411e+01 9.042913015604312932e+01 8.200000000000000000e+01
3.651851665012083803e+00 2.313853171413719600e+00 3.408870289459167591e+00 1.604203268639341706e+00 5.739797603488278810e+01 5.684770836641840219e+01 8.150400832683843078e+01 5.200000000000000000e+01
3.767404466638948790e+00 1.942124620664047230e+00 3.839626038593402679e+00 1.416843517463551416e+00 4.197093817001992022e+01 3.504619745756711779e+01 5.509108030468976835e+01 6.000000000000000000e+01
3.005976717387371711e+00 1.457996333639821618e+00 3.174881573755470754e+00 1.515149321438637564e+00 4.798859853223843430e+01 4.801511315670625635e+01 6.765621633263033630e+01 7.400000000000000000e+01
5.099019513592788932e+00 2.680610907488327754e+00 4.658695780759570582e+00 2.045509709589379277e+00 5.453347983208468008e+01 5.373105833193829994e+01 7.274624859261902543e+01 2.600000000000000000e+01
3.902627371513785359e+00 2.165275147547506052e+00 4.246862498806127206e+00 1.820075559701024304e+00 6.042004198812711024e+01 5.858454828349730548e+01 8.548012097803557197e+01 5.600000000000000000e+01
3.040775722561616323e+00 1.446476050207217368e+00 3.301128091581566615e+00 1.746989458648469329e+00 5.886563452985164702e+01 5.553489402709629275e+01 8.248626545541540622e+01 9.600000000000000000e+01
4.573050519273265557e+00 2.705266322144472824e+00 4.485873192497758843e+00 1.648625833184328426e+00 5.781562547271337138e+01 6.344448073739857108e+01 8.286749223470602033e+01 1.000000000000000000e+02
3.525175850184141702e+00 1.268882559412462641e+00 4.373739577545510571e+00 1.430974905219163373e+00 4.862051042302810089e+01 4.638202947900063577e+01 6.670860770218388325e+01 4.200000000000000000e+01
3.871258567902145398e+00 2.547663813814784017e+00 3.877018630825536771e+00 1.745420509363669659e+00 5.209595845474865428e+01 4.982416181691881718e+01 7.607482975756769861e+01 6.000000000000000000e+01
4.511359021331792007e+00 1.949903853901373330e+00 4.824796988469986836e+00 1.717843530818668363e+00 4.891963780003596440e+01 4.724444168245840814e+01 6.878941441617580210e+01 8.200000000000000000e+01
5.099019513592788932e+00 2.919687311877257052e+00 4.711900378031477210e+00 1.567970052061328889e+00 6.262562804178234899e+01 6.115331414773213936e+01 8.001145952263212280e+01 2.600000000000000000e+01
6.480740698407865708e+00 3.711457835140213657e+00 6.506308121478757478e+00 1.384218708947777099e+00 5.099301142532330289e+01 4.728660319883468333e+01 7.086309009614815579e+01 4.200000000000000000e+01
3.186708769871326119e+00 1.901314998482490859e+00 3.082979645982168115e+00 1.530860871885559193e+00 6.113630873249401532e+01 6.994515622526681398e+01 8.255316655411124316e+01 3.000000000000000000e+01
2.449489742783179214e+00 1.860611887253645458e+00 3.613054598875229839e+00 1.490185268707417521e+00 7.214084309131456507e+01 7.119745809602977715e+01 8.455479273638505333e+01 6.000000000000000000e+00
4.539482006091416721e+00 2.639679314326631054e+00 4.049717927908788262e+00 1.491885677098736318e+00 5.784042264595942129e+01 5.787189002041762365e+01 8.414551763799492790e+01 9.600000000000000000e+01
3.375437903527040984e+00 1.558354289130401638e+00 3.591811500673479873e+00 2.213236346988219694e+00 5.707978805186736793e+01 6.061625300351287393e+01 7.648151595273488113e+01 4.000000000000000000e+01
3.365865436338598915e+00 1.206445253481194468e+00 3.833349497366959735e+00 1.680156762145477600e+00 5.761638677544165432e+01 5.854037909377324667e+01 7.496619427687322457e+01 3.600000000000000000e+01
4.000000000000004441e+00 3.200935656962302200e+00 4.528934280919749256e+00 1.228906748559389195e+00 5.084346291985832522e+01 5.470178541221377344e+01 7.398556025517039814e+01 1.600000000000000000e+01
1.999999999999999778e+00 3.521249342581823927e-02 2.959328828955807733e+00 1.653039108673845847e+00 7.804521066990376710e+01 7.804521066990376710e+01 6.787792639383749815e+01 2.000000000000000000e+00
3.723115112147556527e+00 2.268575821388139957e+00 4.097041706515051729e+00 1.716972246307881367e+00 6.386374723203277171e+01 6.855369039323973368e+01 9.197165039481002680e+01 5.400000000000000000e+01
3.111972875488456580e+00 1.673503789480743187e+00 3.115125149501980939e+00 1.540139256831914771e+00 4.922862626915571127e+01 4.914105104780784927e+01 7.081930329800862012e+01 8.800000000000000000e+01
3.929645815211466164e+00 1.285833479534230106e+00 4.240356327505553580e+00 1.589369532191527767e+00 5.035469589036641480e+01 4.830855684921495907e+01 6.987375978038046753e+01 5.600000000000000000e+01
3.747522087408219793e+00 2.396977314474864951e+00 4.019717017928414293e+00 1.760292593554664942e+00 6.780633425573181228e+01 7.445782156812035169e+01 9.577332057234636409e+01 5.800000000000000000e+01
4.144021832308375508e+00 1.718382278977909294e+00 4.917763846682826845e+00 1.541175009779124361e+00 5.076833867707010484e+01 4.515117805299466625e+01 6.920618141410119506e+01 6.800000000000000000e+01
4.391851715568663828e+00 3.066328869064696150e+00 4.234697728060978328e+00 1.315984684316332087e+00 5.415437581382835930e+01 5.278564882659247814e+01 7.810136509291143625e+01 9.200000000000000000e+01
2.770261746883892595e+00 8.792642937714060247e-01 3.569057829539197257e+00 1.445640992899947852e+00 5.199267703059910417e+01 3.958814219956498448e+01 6.446138622378401806e+01 2.200000000000000000e+01
4.317796256667672417e+00 2.234826516702256960e+00 4.382280936426415252e+00 1.348382982806741737e+00 4.495530014180543787e+01 3.958738023629322100e+01 6.258859421639802889e+01 8.400000000000000000e+01
3.609134996572830989e+00 2.052198193551792560e+00 3.592783118101346318e+00 1.621755824618845043e+00 5.313266510296649869e+01 5.106604965350653202e+01 7.299040947273914526e+01 5.000000000000000000e+01
4.211628702983268191e+00 2.648147281672259545e+00 3.973551486551873513e+00 1.551054707815261668e+00 6.120464110418688364e+01 6.311841591479502256e+01 8.984777165675741628e+01 7.600000000000000000e+01
3.603445953932019385e+00 2.030832507175855284e+00 3.999741812539544306e+00 1.229369860096735545e+00 4.780919414325729377e+01 4.128238547141289416e+01 6.612978065218686652e+01 4.400000000000000000e+01
3.464101615137754830e+00 2.256794403242142089e+00 3.598239149198796394e+00 1.585929085701514474e+00 7.156244658824654437e+01 7.373406099691018767e+01 9.041956736348976165e+01 1.200000000000000000e+01
2.962229512518212093e+00 1.528009347826073006e+00 3.081740879229193819e+00 1.894573416959433043e+00 4.516468707370346181e+01 4.360942590150327192e+01 6.470634636544058083e+01 7.400000000000000000e+01
2.880339466127438186e+00 1.498389628375677463e+00 3.376894893369686734e+00 1.848864583702946929e+00 6.150908787743676953e+01 6.349171062719638314e+01 8.882684904768477452e+01 6.800000000000000000e+01
4.419853856684193616e+00 2.631239257881881954e+00 4.258285357211597955e+00 1.488932142813286674e+00 6.103565063210736241e+01 6.586371188149406919e+01 8.949935688317962956e+01 8.400000000000000000e+01
3.138661647567554613e+00 1.006181866937601255e+00 3.254576319319596234e+00 1.486895081637407134e+00 5.348937184451966687e+01 5.212416223793983505e+01 7.694927960547164503e+01 9.400000000000000000e+01
3.015151648101881410e+00 1.753178035006424773e+00 3.601958976782452915e+00 1.788836751935166891e+00 6.022861264414614624e+01 6.225002079498322871e+01 8.551008488582780842e+01 9.000000000000000000e+01
4.000000000000001776e+00 3.021920811014611630e+00 4.590003103212445978e+00 1.373550460757014369e+00 5.440646060919189608e+01 5.876723088096809988e+01 7.367001933648464274e+01 1.600000000000000000e+01
4.251961713882900007e+00 2.277492641481349001e+00 4.195150239564132022e+00 1.802123566813533140e+00 4.548930241773489058e+01 4.265867901832674391e+01 6.414164186183924699e+01 7.600000000000000000e+01
3.665629786446681582e+00 2.239324947765191975e+00 4.230793077116057788e+00 1.511095268480794784e+00 6.878401106300206891e+01 7.378587414091988705e+01 9.837726161381360157e+01 4.600000000000000000e+01
3.162277660168380855e+00 9.389286205496202298e-01 5.561971225547592823e+00 1.490088670858049857e+00 7.096236094904146796e+01 7.313108370930663682e+01 8.349481666483075060e+01 1.000000000000000000e+01
4.392122701886505887e+00 2.759250639050032650e+00 4.231520123203558192e+00 1.422407592074658389e+00 4.838525488743123759e+01 4.452254488364594920e+01 7.042838763026868776e+01 8.600000000000000000e+01
4.021250840970684415e+00 2.009843152414250600e+00 4.682595762717629562e+00 1.351042784984457956e+00 5.209040755719887983e+01 4.881674894026549083e+01 7.211076149417702652e+01 5.800000000000000000e+01
4.434583378632606987e+00 2.925413503026820461e+00 4.359591790274525813e+00 1.454998360977627136e+00 6.614330292725082927e+01 7.268536160124018863e+01 9.693841241061558378e+01 9.800000000000000000e+01
3.768298270362488100e+00 2.272507637881323816e+00 3.712145791483675961e+00 1.374864093293894696e+00 5.807176534998799866e+01 5.887405333277758501e+01 8.348440228722533618e+01 5.400000000000000000e+01
2.810524248303257977e+00 1.131333191774789082e+00 3.352840585755477498e+00 1.449030877812541140e+00 5.253705490994946814e+01 4.878842327161337522e+01 7.206716421982562792e+01 6.200000000000000000e+01
2.923647753794257120e+00 1.398698488632356129e+00 3.536209331321187754e+00 1.395770960433054597e+00 5.620767953801136940e+01 5.779082362060132283e+01 8.104325659556683092e+01 7.800000000000000000e+01
3.411189702003358359e+00 2.363543354845670130e+00 3.773636156049871460e+00 1.565049417330326209e+00 6.465217151314249122e+01 6.380401791091232866e+01 9.233808136714749537e+01 4.000000000000000000e+01
2.929489653808834859e+00 1.450153669720137373e+00 3.134852615835479472e+00 1.738919799172920388e+00 4.838303101167107911e+01 4.589953074194546190e+01 6.783676686203526174e+01 7.000000000000000000e+01
3.248864133333840609e+00 1.245305218258814461e+00 3.828202070585702277e+00 1.320198091449149125e+00 5.095998164512090511e+01 5.219882406961320953e+01 6.721911208733094156e+01 3.400000000000000000e+01
2.828427124746190735e+00 1.052363331395303359e+00 3.546291824706564455e+00 1.462303989762694822e+00 4.742123407502016619e+01 4.770860986366397327e+01 6.182855207416515242e+01 8.000000000000000000e+00
2.656402479886668555e+00 1.514118385046779869e+00 3.392351981398927130e+00 1.412938320989375995e+00 6.707251525058951813e+01 6.669493319267317588e+01 8.531487916270175731e+01 1.800000000000000000e+01
3.323894297787715946e+00 1.640763002862386521e+00 3.862839263718612415e+00 2.656489288645907276e+00 6.761731802368501576e+01 7.064811873247734297e+01 9.146663930726521130e+01 3.800000000000000000e+01
4.472135954999580498e+00 3.324545592199871002e+00 4.882807675354606580e+00 1.314094106286863184e+00 6.400533128718541320e+01 7.291332701160150975e+01 8.898407917494721175e+01 2.000000000000000000e+01
5.999999999999997335e+00 5.227700191559102372e+00 6.787708630882167249e+00 1.388813420984911007e+00 6.434113334157702013e+01 7.588291968865223680e+01 7.929631669586945009e+01 6.000000000000000000e+00
4.460076905311534112e+00 2.209159234589599397e+00 4.264775653663388510e+00 1.847477124735182219e+00 5.993755870420035592e+01 6.406028530591042625e+01 8.419471061137831214e+01 9.200000000000000000e+01
3.111972875488456580e+00 1.397569497838115238e+00 3.591694218853675125e+00 1.396426653171592314e+00 4.763840842954694921e+01 4.284976832723285156e+01 6.692332834570430578e+01 8.800000000000000000e+01
3.974267717036507275e+00 2.050402108835482906e+00 4.238517123456145619e+00 1.826109771427787853e+00 5.433108220136367095e+01 5.394740918871602986e+01 7.654550301363524056e+01 6.400000000000000000e+01
3.498098863849139928e+00 1.887657385371393604e+00 3.792265900252846933e+00 1.607552054702768851e+00 6.232465326236421532e+01 6.364545041796875324e+01 8.472634126131276844e+01 3.800000000000000000e+01
3.669259018569607900e+00 1.872340167161098412e+00 3.794924557215390681e+00 1.891195016210545976e+00 5.507844092515849610e+01 5.144715247498973554e+01 7.787310144047692972e+01 4.800000000000000000e+01
3.080024803083043494e+00 1.181090418953409271e+00 3.736347463753091347e+00 1.236672899861864794e+00 5.535585182717851893e+01 5.432680666411769721e+01 7.379081528198430817e+01 2.800000000000000000e+01
4.683895516220591304e+00 2.458089621438765970e+00 4.973967139093490530e+00 1.565156798186954523e+00 6.021851639531432454e+01 5.886356924152217118e+01 8.608834434132758417e+01 9.800000000000000000e+01
2.656402479886668555e+00 1.232675093093677399e+00 3.379753664561755855e+00 1.372666920085017672e+00 5.904054502855749575e+01 7.329416337543302973e+01 7.826573591341913527e+01 1.800000000000000000e+01
3.308641206573625926e+00 1.544077377279727825e+00 4.191814114892461696e+00 1.643438076920273883e+00 5.406678918096887543e+01 5.274719985232724895e+01 7.769481326530988952e+01 3.400000000000000000e+01
3.111497628292656970e+00 1.553807842677626727e+00 3.660520156022132099e+00 1.848864096999433881e+00 5.776061824359977948e+01 5.952482062590903666e+01 8.240085053327565845e+01 8.600000000000000000e+01
3.999999999999999112e+00 3.070656130040415821e+00 1.000990301748378286e+01 1.966895735242200294e+00 5.886776672676435851e+01 5.234971680398871996e+01 7.045207345933000909e+01 4.000000000000000000e+00
4.023631365412828842e+00 2.204820967140135313e+00 4.352121015328831000e+00 1.058545691221023377e+00 5.145100978514133772e+01 5.092065882195516480e+01 7.364199113888017223e+01 6.200000000000000000e+01
3.741657386773943994e+00 2.560966447249512168e+00 4.014740315588631425e+00 1.437426677811186160e+00 7.129272061617731993e+01 7.039787857136028038e+01 9.089967650899126284e+01 1.400000000000000000e+01
6.928203230275514102e+00 4.535490670273845559e+00 6.770105027463631409e+00 1.383455566851243601e+00 5.221833553971118391e+01 4.949753281352428758e+01 7.660187393409954382e+01 4.800000000000000000e+01
2.931893158047083503e+00 1.186129786146233434e+00 3.231142721405375173e+00 1.486562662166009074e+00 4.201793807731043273e+01 3.847706739535679077e+01 5.909848405135197424e+01 8.000000000000000000e+01
2.828427124746190735e+00 1.491805232937089221e+00 2.828055940284222025e+00 1.193326550614789205e+00 6.028068321232611027e+01 5.476584705255070418e+01 7.390846437926182944e+01 8.000000000000000000e+00
3.096338992284571656e+00 1.685466634349783943e+00 3.278194927168894157e+00 1.837634802431002301e+00 6.692535856988631338e+01 7.538780805004525121e+01 9.118324276404393913e+01 3.000000000000000000e+01
4.690415759823432396e+00 3.075273518304902254e+00 5.046982567486419491e+00 1.510194359093340655e+00 6.306810924001619867e+01 7.081378366129293056e+01 8.509364777948619007e+01 2.200000000000000000e+01
4.338733584634183238e+00 2.310015678326446942e+00 4.803244136627525585e+00 1.671204104448110295e+00 6.318555838639990441e+01 7.154093483816124888e+01 8.838280915911846591e+01 7.200000000000000000e+01
2.958956209219444133e+00 1.576097589489245276e+00 3.096250365754564360e+00 1.723643343914028625e+00 6.863135880505689101e+01 7.816548970589812484e+01 9.690232349410042900e+01 7.000000000000000000e+01
3.994785186379445463e+00 2.186892352227690406e+00 4.033681193946236476e+00 1.889205755757806582e+00 5.822623280806412538e+01 5.982438471412065439e+01 8.304202726157664927e+01 6.600000000000000000e+01
4.052422768424732702e+00 2.487473364808502119e+00 3.940639503433049473e+00 1.345811469939894423e+00 5.493806128833835345e+01 5.270226733566830291e+01 7.687494566071949009e+01 7.200000000000000000e+01
5.656854249492385023e+00 3.434920239621112703e+00 5.842545538679798867e+00 1.651909746998539985e+00 6.715669093240495613e+01 7.452509488411628524e+01 9.240935580682068462e+01 3.200000000000000000e+01
3.798288964661869382e+00 2.453828298342536129e+00 4.233348495245984999e+00 1.216406179412121036e+00 5.292793700235090171e+01 4.584832543406255922e+01 7.375603451909127273e+01 5.000000000000000000e+01
3.270489834451514533e+00 1.544409681848648574e+00 3.826740797968028129e+00 1.746097955604290375e+00 4.776658624383447460e+01 4.887044274641259989e+01 7.093828165534846164e+01 1.000000000000000000e+02
3.999999999999999112e+00 3.341911176154050533e+00 4.094316590651422949e+00 1.453024289516067435e+00 8.433466728183007888e+01 8.410115880521006204e+01 8.789529731294778969e+01 4.000000000000000000e+00
2.895846236466803614e+00 1.723693316120635810e+00 3.113279491300636082e+00 1.303351742095327559e+00 6.057143718601068372e+01 6.007829365286344370e+01 7.995494381205212164e+01 2.400000000000000000e+01
3.543748937210325245e+00 1.727383803197441559e+00 3.787780891633994340e+00 1.481853380766063655e+00 5.527870458561976363e+01 5.392696053343959051e+01 7.630662090556316457e+01 4.400000000000000000e+01
2.977441048537719848e+00 1.418871538911607555e+00 3.257405076231584928e+00 1.785433098957493137e+00 4.576897134205040629e+01 4.386576467362885268e+01 6.254272256714354228e+01 7.800000000000000000e+01
1.999999999999999778e+00 1.437831989453720594e+00 2.760146732506731926e+00 1.000000000000000000e+00 7.473592732815119177e+01 7.473592732815119177e+01 7.851009202439531975e+01 2.000000000000000000e+00
4.472135954999580498e+00 1.842101283057082206e+00 6.117782442012639876e+00 1.910058635358935719e+00 5.550967874624223697e+01 5.403163175826971099e+01 7.049312412373640768e+01 2.000000000000000000e+01
3.162277660168379967e+00 2.339069249387215166e+00 3.880604364810012807e+00 1.222615320212222523e+00 6.125948244367671691e+01 6.584242834310580861e+01 8.013686058798330691e+01 1.000000000000000000e+01
4.107074129711528521e+00 2.274978842942397605e+00 4.103583944025136709e+00 1.921290773698708154e+00 6.420586860448891287e+01 7.066468811988740129e+01 9.182919128847511558e+01 6.600000000000000000e+01
3.305054495489671673e+00 2.026144690483560495e+00 3.667529008299233340e+00 1.544804739988216769e+00 6.055221498764652210e+01 5.906619570961972698e+01 8.392974746924380725e+01 3.600000000000000000e+01
3.121428623488584186e+00 1.421395895446502688e+00 3.547615286457998174e+00 1.532888486594309985e+00 4.283662948650528790e+01 3.804017210547019801e+01 5.919649897529228610e+01 2.800000000000000000e+01
3.886566631452294196e+00 2.468632202193858483e+00 3.465480462532122718e+00 1.524567927478730933e+00 5.288834324710478541e+01 4.856834494156872495e+01 7.406480239740116644e+01 6.400000000000000000e+01
3.024252145332218866e+00 1.387206097235484714e+00 3.079258782143561302e+00 2.040415431935404200e+00 4.913932156114709215e+01 5.180001360618269501e+01 6.898289916349492046e+01 8.000000000000000000e+01
3.741657386773943994e+00 2.661243935773219604e+00 4.350473565657038577e+00 1.143988981036783814e+00 6.493195107956310608e+01 7.248340349010287298e+01 8.344173094430011872e+01 1.400000000000000000e+01
3.816820017066894444e+00 2.284557888609226595e+00 3.625071749379568331e+00 1.659174255460279079e+00 5.126961920778833814e+01 5.306147308483802050e+01 7.225306832169378879e+01 5.200000000000000000e+01
3.180853704930068471e+00 1.625059283632314333e+00 3.342915146090260414e+00 1.740844592035838856e+00 5.643098432274582876e+01 5.847601985201480801e+01 7.698758804271865586e+01 9.400000000000000000e+01
3.772614890255407083e+00 1.172858781523901328e+00 3.839430851013212020e+00 1.341137270150968730e+00 4.415844250959040806e+01 3.412728074679615275e+01 6.104925748593657886e+01 4.600000000000000000e+01
