3.443857242552258668e+00 2.266688790610682513e+00 2.968574111153527095e+00 1.227994616634871416e+00 6.592105263157895934e+01 7.315789473684210975e+01 9.290145681724641236e+01 4.000000000000000000e+01
3.411189702003358359e+00 1.601958322122419620e+00 3.145967414381767302e+00 1.375551019119387819e+00 6.814102564102563520e+01 6.871794871794871540e+01 9.388976877578484448e+01 4.000000000000000000e+01
3.473953464439372585e+00 2.040239133467531385e+00 2.917233780040032975e+00 1.483009920430631068e+00 5.979166666666667140e+01 5.572916666666667140e+01 8.208609945896833437e+01 4.000000000000000000e+01
3.314454017339988567e+00 1.796928147574196721e+00 3.152464559537923261e+00 1.628831917319896627e+00 6.788265306122451648e+01 7.091836734693877986e+01 9.503706234508989326e+01 4.000000000000000000e+01
3.314454017339988567e+00 2.050777957178705702e+00 2.929891028178472023e+00 1.383202925622051493e+00 6.479166666666667140e+01 7.135416666666667140e+01 8.986842932517723170e+01 4.000000000000000000e+01
3.646778057984196852e+00 2.057786504235258107e+00 3.380765824125985031e+00 1.279590604306190205e+00 6.037500000000000000e+01 6.200000000000000000e+01 8.602112882183018883e+01 4.000000000000000000e+01
3.473953464439372585e+00 1.671917604155874315e+00 3.255715723014465990e+00 1.220871104751908964e+00 5.713541666666667140e+01 5.572916666666667140e+01 7.811968886137933055e+01 4.000000000000000000e+01
3.473953464439372585e+00 2.250494452129279122e+00 3.428556137769015688e+00 1.103253423089146867e+00 5.810000000000000142e+01 5.950000000000000000e+01 8.269696804229049292e+01 4.000000000000000000e+01
3.443857242552258668e+00 2.001660449454771840e+00 2.746837021877582163e+00 1.206519548750325077e+00 6.891025641025640880e+01 7.256410256410256920e+01 9.503888311017867352e+01 4.000000000000000000e+01
3.443857242552258668e+00 2.053983243642194090e+00 3.057180326675362991e+00 1.384762380074925581e+00 6.520053475935829113e+01 7.299465240641710295e+01 9.164948536452365602e+01 4.000000000000000000e+01
6.324555320336762598e+00 4.898979485566349545e+00 5.041494487418058945e+00 1.034499707166266269e+00 5.424479166666667140e+01 5.572916666666667140e+01 7.834569104301847631e+01 4.000000000000000000e+01
3.314454017339988567e+00 1.713936810009627498e+00 3.048936594289995750e+00 1.247945108704213046e+00 5.268939393939394478e+01 4.949494949494949481e+01 7.227074060691298030e+01 4.000000000000000000e+01
3.443857242552258668e+00 1.890644874334144410e+00 3.501796036347750718e+00 1.340121052711665817e+00 6.060606060606062329e+01 6.060606060606060908e+01 8.569671071376183136e+01 4.000000000000000000e+01
3.473953464439372585e+00 1.112693956740886669e+00 3.498004137781243639e+00 1.232081219286170315e+00 6.048717948717947479e+01 5.948717948717947479e+01 8.301395924363841061e+01 4.000000000000000000e+01
3.443857242552258668e+00 1.617299608599348959e+00 3.279083931008116792e+00 1.390583749788670165e+00 5.682291666666667140e+01 5.572916666666667140e+01 7.741183397289520940e+01 4.000000000000000000e+01
3.375437903527040984e+00 1.680233393190092572e+00 3.122886167174084182e+00 1.368012054973099856e+00 5.477272727272728048e+01 5.505050505050505194e+01 7.601263433778738943e+01 4.000000000000000000e+01
6.324555320336762598e+00 3.999999999999986677e+00 4.789311015167005081e+00 1.289850123881153277e+00 5.950000000000000000e+01 5.950000000000000000e+01 8.361170335388480623e+01 4.000000000000000000e+01
3.473953464439372585e+00 2.191187578305748840e+00 3.431533451842741389e+00 1.209792716438019333e+00 5.869949494949494095e+01 5.858585858585858119e+01 8.323791096436761450e+01 4.000000000000000000e+01
3.335914189305272171e+00 2.403319152124626878e+00 3.193634644497748809e+00 1.206095268766874229e+00 7.375661375661375985e+01 8.518518518518519045e+01 1.085846813362979049e+02 4.000000000000000000e+01
3.375437903527040984e+00 1.901326330284795363e+00 3.103983073348040023e+00 1.365516723303013880e+00 5.868421052631578760e+01 5.736842105263158231e+01 8.150439740672364053e+01 4.000000000000000000e+01
3.375437903527040984e+00 1.534680708569790220e+00 3.353568398594741318e+00 1.078189775692655727e+00 5.651041666666667140e+01 5.572916666666667140e+01 7.794743367589379091e+01 4.000000000000000000e+01
3.515112659837269060e+00 1.468791981682921799e+00 3.457444245603599420e+00 1.311470007650619829e+00 5.564171122994652308e+01 5.534759358288769704e+01 7.750076688703889261e+01 4.000000000000000000e+01
3.427873620019256773e+00 2.044450301204904008e+00 3.071031718584416925e+00 1.309939006255419702e+00 5.881578947368421240e+01 6.263157894736841769e+01 8.264045214180337950e+01 4.000000000000000000e+01
3.443857242552258668e+00 1.942240560049836695e+00 3.031679067309862141e+00 1.509552780498796487e+00 7.132051282051281760e+01 7.615384615384616041e+01 1.007447077312855441e+02 4.000000000000000000e+01
3.443857242552258668e+00 1.937490689859084458e+00 3.310427675770105438e+00 1.533283390584878392e+00 7.591836734693877986e+01 7.806122448979593287e+01 1.085664339983127888e+02 4.000000000000000000e+01
3.411189702003358359e+00 1.763959785111602452e+00 3.133033926455285556e+00 1.367447259575549356e+00 5.931818181818182012e+01 5.240641711229945798e+01 8.232283503211297671e+01 4.000000000000000000e+01
3.515112659837269060e+00 2.224417906830680636e+00 3.236373183817653931e+00 1.297830229836459903e+00 6.673280423280425566e+01 6.851851851851851904e+01 9.683568357019602502e+01 4.000000000000000000e+01
3.586363173595479736e+00 1.919454576990385686e+00 3.270415072708053206e+00 1.203267921439721277e+00 6.112500000000000000e+01 5.450000000000000000e+01 8.515165343161780243e+01 4.000000000000000000e+01
3.552343858581805236e+00 1.729900499877865760e+00 3.242324445430777580e+00 1.278404196953969008e+00 6.018518518518519045e+01 6.375661375661375985e+01 8.592287404480050839e+01 4.000000000000000000e+01
2.430710570620359778e+00 1.070086923787871847e+00 2.581031967207873201e+00 1.203684417385453065e+00 6.182051282051282470e+01 6.615384615384614619e+01 8.654115655952465147e+01 4.000000000000000000e+01
3.473953464439372585e+00 2.032327007319319812e+00 2.772447236640432244e+00 1.325110370695097739e+00 5.921717171717174466e+01 4.949494949494949481e+01 8.094621704756198710e+01 4.000000000000000000e+01
3.473953464439372585e+00 1.385518661838627708e+00 3.561822747743817352e+00 1.440624014113145890e+00 6.109693877551022467e+01 6.377551020408164817e+01 8.448460547974931956e+01 4.000000000000000000e+01
3.515112659837269060e+00 1.113672751188227839e+00 3.327479068260029038e+00 1.206892686932916403e+00 5.175000000000000000e+01 5.450000000000000000e+01 7.132127028227381516e+01 4.000000000000000000e+01
3.515112659837269060e+00 1.803722626567924703e+00 2.964820660567155652e+00 1.266768705548241947e+00 5.244949494949494095e+01 5.404040404040403445e+01 7.390501212934783837e+01 4.000000000000000000e+01
6.324555320336762598e+00 4.123105625617654368e+00 4.862824161280089541e+00 1.236211515843500530e+00 5.733585858585858119e+01 5.858585858585858119e+01 8.107497462913573827e+01 4.000000000000000000e+01
3.586363173595479736e+00 1.808852384719709772e+00 3.240161294563143723e+00 1.240502344633977128e+00 5.518939393939394478e+01 5.505050505050505194e+01 7.629216028463645216e+01 4.000000000000000000e+01
3.473953464439372585e+00 1.907167413928593902e+00 3.157794207068808312e+00 1.405802595566080671e+00 6.034759358288768993e+01 6.417112299465239289e+01 8.342082999341654670e+01 4.000000000000000000e+01
3.411189702003358359e+00 1.763959785111602674e+00 3.246857453198568333e+00 1.438838993246283282e+00 6.681122448979593287e+01 7.091836734693877986e+01 9.352277874526984647e+01 4.000000000000000000e+01
3.375437903527040984e+00 1.483265984976934293e+00 2.997679026654631151e+00 1.165290028756779117e+00 5.416666666666667140e+01 5.572916666666667140e+01 7.493021690216301067e+01 4.000000000000000000e+01
3.552343858581805236e+00 1.794144315265442824e+00 3.423730970353363823e+00 1.454965867861725437e+00 6.385416666666667140e+01 6.197916666666667140e+01 8.896587877652402199e+01 4.000000000000000000e+01
3.375437903527040984e+00 1.447923118233401585e+00 3.173526202752870784e+00 1.258480266239567769e+00 6.038265306122449516e+01 5.663265306122450227e+01 8.312189197785819772e+01 4.000000000000000000e+01
3.443857242552258668e+00 1.989603913425654902e+00 3.296557382562415039e+00 1.450883189223173275e+00 7.088541666666667140e+01 8.072916666666667140e+01 1.016615097882719994e+02 4.000000000000000000e+01
6.324555320336760822e+00 4.690415759823421737e+00 4.814750064314677225e+00 1.040161452184786839e+00 5.297193877551019625e+01 4.770408163265307877e+01 7.432593961353778411e+01 4.000000000000000000e+01
3.427873620019257661e+00 1.411988161152728738e+00 3.675406649659484160e+00 1.300039408628628435e+00 5.387566137566138025e+01 5.423280423280424145e+01 7.612208414448885208e+01 4.000000000000000000e+01
3.443857242552258668e+00 2.041533708203650210e+00 3.401784283481368298e+00 1.401275719472760306e+00 6.902406417112300119e+01 7.005347593582887100e+01 9.943567750607367373e+01 4.000000000000000000e+01
6.324555320336762598e+00 4.358898943540665982e+00 4.696022953409337397e+00 1.158605984124065458e+00 5.767676767676767469e+01 6.540404040404040131e+01 8.016383327274579074e+01 4.000000000000000000e+01
3.402564240911784665e+00 2.198723777830713821e+00 2.851935883567990881e+00 1.202275728781205810e+00 5.534759358288770414e+01 4.064171122994652308e+01 7.421840187185321724e+01 4.000000000000000000e+01
3.586363173595479736e+00 1.684223052362215256e+00 3.215527839518687703e+00 1.415215426743824167e+00 6.369791666666667140e+01 6.510416666666667140e+01 8.879633513209364537e+01 4.000000000000000000e+01
3.515112659837269060e+00 2.352470934279080605e+00 3.236705566800181177e+00 1.247009708297651454e+00 6.542328042328043125e+01 6.851851851851851904e+01 9.363460827909278805e+01 4.000000000000000000e+01
3.443857242552258668e+00 2.026257703438619551e+00 3.055576668699627962e+00 1.366252435167328638e+00 5.907828282828284472e+01 6.338383838383838764e+01 8.270784878005548535e+01 4.000000000000000000e+01
