3.314454017339985903e+00 1.673995837720874791e+00 3.045455080742249354e+00 1.400000000000000000e+01 7.103597312967092625e-01 6.048717948717948767e-01 8.343288763961590471e-01 4.000000000000000000e+01
3.411189702003357471e+00 2.109336905165157372e+00 3.071628736514897096e+00 1.800000000000000000e+01 8.449048327579925521e-01 6.342105263157896688e-01 8.869952646052854384e-01 4.000000000000000000e+01
3.552343858581803460e+00 1.950202994803189815e+00 3.202379210821077571e+00 2.300000000000000000e+01 9.331878927112153832e-01 5.645833333333335480e-01 7.844185022344851710e-01 4.000000000000000000e+01
3.515112659837267284e+00 1.953295737851171943e+00 3.614638610596162760e+00 2.200000000000000000e+01 8.352079670292720248e-01 5.445652173913043681e-01 7.643885339328599926e-01 4.000000000000000000e+01
3.443857242552256004e+00 1.617299608599352068e+00 3.197078827345658958e+00 1.500000000000000000e+01 7.483832718663774308e-01 5.604166666666666741e-01 7.514459965259943086e-01 4.000000000000000000e+01
3.411189702003357471e+00 1.806606729351076579e+00 3.076130691260575478e+00 1.700000000000000000e+01 8.325167116386436028e-01 5.727272727272727515e-01 7.842555273791871340e-01 4.000000000000000000e+01
3.427873620019257661e+00 1.418318966554714011e+00 3.346357410223735229e+00 2.200000000000000000e+01 1.093565773844921596e+00 5.239130434782608425e-01 7.180362417367639472e-01 4.000000000000000000e+01
3.427873620019257661e+00 1.881870017571233733e+00 3.224644628180937111e+00 2.100000000000000000e+01 7.941004761619394614e-01 5.642676767676768623e-01 7.934311397066787785e-01 4.000000000000000000e+01
3.515112659837267284e+00 1.392580529876516149e+00 3.390712907292718015e+00 1.500000000000000000e+01 9.279830699761272284e-01 6.072916666666666741e-01 8.439286254515439012e-01 4.000000000000000000e+01
3.646778057984194188e+00 1.362204366553745327e+00 3.348631217812241267e+00 1.300000000000000000e+01 8.023443993818973885e-01 5.984693877551019447e-01 7.949964270434678459e-01 4.000000000000000000e+01
3.552343858581803460e+00 1.391787260574933738e+00 3.697168578010302742e+00 1.800000000000000000e+01 8.508057139166261829e-01 5.986842105263159297e-01 8.189785417343196094e-01 4.000000000000000000e+01
3.473953464439371697e+00 1.754552517393091371e+00 3.571308584574834910e+00 2.100000000000000000e+01 8.048758209627258076e-01 5.710858585858584746e-01 8.121840253977627988e-01 4.000000000000000000e+01
3.515112659837267284e+00 2.043075972963263265e+00 3.011080524272492731e+00 2.200000000000000000e+01 8.569644416035574475e-01 5.347826086956520841e-01 7.457375752864032759e-01 4.000000000000000000e+01
3.411189702003357471e+00 1.366277026252820104e+00 3.401534391845574046e+00 1.200000000000000000e+01 7.824285924103162593e-01 6.179487179487179738e-01 8.255304676986913170e-01 4.000000000000000000e+01
3.375437903527040095e+00 1.915675295850278959e+00 2.863009419214085138e+00 1.300000000000000000e+01 7.972340220764330132e-01 6.895408163265306367e-01 9.496475573492684230e-01 4.000000000000000000e+01
3.346195160597227769e+00 1.629511362483081260e+00 3.029100623695412331e+00 1.100000000000000000e+01 8.518742227364797248e-01 6.822916666666668517e-01 9.209378135916468366e-01 4.000000000000000000e+01
3.501871511350206134e+00 1.810852241674501206e+00 3.067432857231177756e+00 1.200000000000000000e+01 8.700994776059841618e-01 6.602564102564103532e-01 8.984028663021003114e-01 4.000000000000000000e+01
3.443857242552256004e+00 2.113930817004603391e+00 3.128371494818130039e+00 2.000000000000000000e+01 8.133147238709712568e-01 5.887566137566135893e-01 8.280750234193799963e-01 4.000000000000000000e+01
2.501653311125224821e+00 1.018399376147024915e+00 2.614662727170995016e+00 1.100000000000000000e+01 9.413544499583494929e-01 6.385416666666666741e-01 8.520995074444075446e-01 4.000000000000000000e+01
3.586363173595477960e+00 1.840283663512395140e+00 3.246577798419211014e+00 1.500000000000000000e+01 7.240294274771853500e-01 6.713541666666666963e-01 9.358745112230187901e-01 4.000000000000000000e+01
6.324555320336767927e+00 4.242640687119284770e+00 5.338539126015657388e+00 2.500000000000000000e+01 9.364174179983770774e-01 6.031593406593407369e-01 8.608884970057730790e-01 4.000000000000000000e+01
2.521757574239154476e+00 1.049748678361388077e+00 2.579980842997120050e+00 9.000000000000000000e+00 7.602035846690375909e-01 7.325000000000000400e-01 9.768022539472267507e-01 4.000000000000000000e+01
3.411189702003357471e+00 1.381175174451230392e+00 3.126528148876118962e+00 1.200000000000000000e+01 1.087299007825188735e+00 6.525641025641024662e-01 8.909048377015044151e-01 4.000000000000000000e+01
3.443857242552256004e+00 2.133295158459122653e+00 3.027536700917785595e+00 1.900000000000000000e+01 8.453528409602858451e-01 6.149999999999999911e-01 8.625857164931181043e-01 4.000000000000000000e+01
3.375437903527039207e+00 1.989215735776979299e+00 3.312511476932542998e+00 1.800000000000000000e+01 7.371858543651574891e-01 6.355263157894738280e-01 9.020301000821927540e-01 4.000000000000000000e+01
3.527919570223204015e+00 2.362996305349377657e+00 3.069465342368877803e+00 1.800000000000000000e+01 8.331486178312691449e-01 6.907894736842105088e-01 9.823708198185554519e-01 4.000000000000000000e+01
3.375437903527040095e+00 1.986001907974441538e+00 2.946258824152832911e+00 1.500000000000000000e+01 7.570688587984237827e-01 6.729166666666667185e-01 9.438269659844357173e-01 4.000000000000000000e+01
3.375437903527039207e+00 1.447923118233403361e+00 3.435376164108523867e+00 1.700000000000000000e+01 1.003772374132918088e+00 5.255050505050505860e-01 7.206306598254366147e-01 4.000000000000000000e+01
3.411189702003357471e+00 1.872710705248174845e+00 3.316515133552892181e+00 1.600000000000000000e+01 6.859303293528834500e-01 6.005347593582888166e-01 8.269137090174147886e-01 4.000000000000000000e+01
3.314454017339985903e+00 1.842134140140613496e+00 2.998013381999975913e+00 1.800000000000000000e+01 9.223559939533055863e-01 5.118421052631579871e-01 6.970722471263920417e-01 4.000000000000000000e+01
6.324555320336764375e+00 4.582575694955836276e+00 5.145501965424800872e+00 2.400000000000000000e+01 1.075894473602881485e+00 6.410000000000000142e-01 9.089150796439063873e-01 4.000000000000000000e+01
3.327479068260026374e+00 1.699654865585227270e+00 2.887178737871729517e+00 1.100000000000000000e+01 7.563589697816170965e-01 6.697916666666666741e-01 8.958253413859184056e-01 4.000000000000000000e+01
2.456456052231581033e+00 1.374108810316636342e+00 2.541099847044590465e+00 1.300000000000000000e+01 5.895696433859332064e-01 7.181122448979593287e-01 1.001194648176144009e+00 4.000000000000000000e+01
3.443857242552256004e+00 1.867083985173485061e+00 3.028434768923526033e+00 1.400000000000000000e+01 7.294542013043572304e-01 6.515384615384615108e-01 8.970351485262504365e-01 4.000000000000000000e+01
3.515112659837267284e+00 1.839280273922698106e+00 3.212926093909092007e+00 1.500000000000000000e+01 6.889398470183430989e-01 6.994791666666667629e-01 9.779532601846482320e-01 4.000000000000000000e+01
3.515112659837267284e+00 2.246514695162284081e+00 3.055128845864558240e+00 2.100000000000000000e+01 8.651440806120301863e-01 5.438131313131313593e-01 7.474349818952576996e-01 4.000000000000000000e+01
3.515112659837267284e+00 1.834705937851763391e+00 3.633033418876630005e+00 1.700000000000000000e+01 7.323677992198291964e-01 6.616161616161616577e-01 9.322807842716243076e-01 4.000000000000000000e+01
3.515112659837267284e+00 2.006178808132786706e+00 3.106386353323534522e+00 2.000000000000000000e+01 7.832571581650422665e-01 5.816137566137565829e-01 8.157495932320557586e-01 4.000000000000000000e+01
3.443857242552256004e+00 2.194322091939017838e+00 2.758043907022068364e+00 1.500000000000000000e+01 9.548322481841150511e-01 6.197916666666667407e-01 8.520630744637313070e-01 4.000000000000000000e+01
3.375437903527040095e+00 1.564761915030064010e+00 3.228194451705324486e+00 1.600000000000000000e+01 8.092525586492447243e-01 6.446524064171124113e-01 9.147626713576476609e-01 4.000000000000000000e+01
3.375437903527040095e+00 1.876028259098333484e+00 3.179999962269999703e+00 1.600000000000000000e+01 8.269351080252038688e-01 5.622994652406417826e-01 7.667394028117580085e-01 4.000000000000000000e+01
3.473953464439371697e+00 1.361074368956823655e+00 3.296854579185031664e+00 1.800000000000000000e+01 1.076645684157582439e+00 5.684210526315790490e-01 7.899542140392172840e-01 4.000000000000000000e+01
3.552343858581803460e+00 2.431662112465385661e+00 3.030861485404885425e+00 2.400000000000000000e+01 1.076709928293097418e+00 6.069999999999999840e-01 8.604812614513559499e-01 4.000000000000000000e+01
3.515112659837267284e+00 1.138005114873997359e+00 3.451605276052132520e+00 1.300000000000000000e+01 7.928926266394010769e-01 6.484693877551019892e-01 8.865868685234487012e-01 4.000000000000000000e+01
3.473953464439371697e+00 1.874937858930227463e+00 2.960143223340328866e+00 1.200000000000000000e+01 6.797460524811271831e-01 6.371794871794871362e-01 8.498582184392284855e-01 4.000000000000000000e+01
3.617704769439420431e+00 2.298516028487613827e+00 2.876067154010967908e+00 1.900000000000000000e+01 8.845175526906987606e-01 6.312499999999999778e-01 8.748733936167378822e-01 4.000000000000000000e+01
3.552343858581803460e+00 1.100265093106018943e+00 3.713009884294551366e+00 1.900000000000000000e+01 8.914723863108426904e-01 4.949999999999999956e-01 6.701557095731425218e-01 4.000000000000000000e+01
3.346195160597227769e+00 1.965207186784202698e+00 3.197174100363206151e+00 1.500000000000000000e+01 7.148188815620524217e-01 6.885416666666667185e-01 9.682553621125732368e-01 4.000000000000000000e+01
3.346195160597227769e+00 1.933182044931763599e+00 3.125422694507859589e+00 1.700000000000000000e+01 7.305503100386068205e-01 6.393939393939394034e-01 9.002851868159896798e-01 4.000000000000000000e+01
3.586363173595477960e+00 2.231816401549043150e+00 3.031433133020795534e+00 2.200000000000000000e+01 9.359364751143921524e-01 5.706521739130434590e-01 7.834395059251514359e-01 4.000000000000000000e+01
3.443857242552256004e+00 2.056938106218131779e+00 3.096441180483841205e+00 1.700000000000000000e+01 7.724053582840173515e-01 6.366161616161617465e-01 8.837767952476073274e-01 4.000000000000000000e+01
3.443857242552256004e+00 1.714291332176335114e+00 3.219897571227404054e+00 1.200000000000000000e+01 6.254910727916616064e-01 6.775641025641024884e-01 9.212446834389055317e-01 4.000000000000000000e+01
3.552343858581803460e+00 1.836951989432429100e+00 3.216670469264757859e+00 1.900000000000000000e+01 7.998886506400041396e-01 5.462500000000000133e-01 7.604427426608652008e-01 4.000000000000000000e+01
3.515112659837267284e+00 1.488685284526612085e+00 3.450075461297618329e+00 1.600000000000000000e+01 8.151298010942584771e-01 5.490641711229947708e-01 7.432783802080706881e-01 4.000000000000000000e+01
3.473953464439371697e+00 1.376274510786040350e+00 2.974009822933560976e+00 1.300000000000000000e+01 8.360135167615403429e-01 6.073979591836735636e-01 8.135459657171392189e-01 4.000000000000000000e+01
3.473953464439371697e+00 1.928720117135222401e+00 3.052575335645652643e+00 2.000000000000000000e+01 8.071250958969077294e-01 5.804232804232802856e-01 8.128217116075154847e-01 4.000000000000000000e+01
6.324555320336762598e+00 4.242640687119278553e+00 4.618802153517005848e+00 2.000000000000000000e+01 8.985452239195503843e-01 5.661375661375660506e-01 7.745771024967278429e-01 4.000000000000000000e+01
3.300951334040937102e+00 1.968751388537137492e+00 2.843514891892692020e+00 1.400000000000000000e+01 6.875787339847004853e-01 6.398717948717947968e-01 8.694641166463388249e-01 4.000000000000000000e+01
3.473953464439371697e+00 1.100632522094239452e+00 3.532927346195726237e+00 1.400000000000000000e+01 8.126951262422331679e-01 5.932051282051282737e-01 8.080086602844692711e-01 4.000000000000000000e+01
3.279716080596870142e+00 2.339667376220188277e+00 3.133456086194433610e+00 2.400000000000000000e+01 9.287640420959130116e-01 5.979999999999999760e-01 8.532020372331882152e-01 4.000000000000000000e+01
3.411189702003357471e+00 1.825700122815101523e+00 3.179746599764727844e+00 1.800000000000000000e+01 7.819052058425323137e-01 5.947368421052632304e-01 8.257165069429556192e-01 4.000000000000000000e+01
2.479980506953561648e+00 1.299661547392302774e+00 2.555058089747809458e+00 1.300000000000000000e+01 8.363648580077004402e-01 7.127551020408162685e-01 1.003068793707419193e+00 4.000000000000000000e+01
3.473953464439371697e+00 2.351302558374517293e+00 3.287258416298051600e+00 2.200000000000000000e+01 1.034711619839912444e+00 6.684782608695650774e-01 9.525865795682776360e-01 4.000000000000000000e+01
3.314454017339985903e+00 1.750396258794107540e+00 2.917585794975901869e+00 1.300000000000000000e+01 7.039757933381110000e-01 6.538265306122449383e-01 9.017572499162584965e-01 4.000000000000000000e+01
3.443857242552256004e+00 1.349282847673563879e+00 3.362342782369091232e+00 1.200000000000000000e+01 8.703104493915841955e-01 6.141025641025641413e-01 8.174395670793207502e-01 4.000000000000000000e+01
3.411189702003357471e+00 1.568282336140202071e+00 3.472552704483468755e+00 1.700000000000000000e+01 1.048260789712263108e+00 5.338383838383840008e-01 7.310098958495285792e-01 4.000000000000000000e+01
3.473953464439371697e+00 1.752156350149177699e+00 3.253183700304502768e+00 1.100000000000000000e+01 5.193476423340304127e-01 7.552083333333334814e-01 1.043983678179984498e+00 4.000000000000000000e+01
6.324555320336764375e+00 4.123105625617654368e+00 4.543903478676610597e+00 1.900000000000000000e+01 8.189175977853021537e-01 5.812500000000000444e-01 8.045958305359411922e-01 4.000000000000000000e+01
3.411189702003357471e+00 1.824887073110962099e+00 2.970112483248698254e+00 1.500000000000000000e+01 6.536050878939628772e-01 6.041666666666667407e-01 8.327133244271922585e-01 4.000000000000000000e+01
3.443857242552256004e+00 2.056938106218133999e+00 3.346376841275552128e+00 1.800000000000000000e+01 8.061898562063753992e-01 6.013157894736844700e-01 8.308184463656701491e-01 4.000000000000000000e+01
3.586363173595477960e+00 1.557378579382344252e+00 3.385378694047498804e+00 1.700000000000000000e+01 8.674947866805160501e-01 5.949494949494950058e-01 8.166104666293623193e-01 4.000000000000000000e+01
3.443857242552256004e+00 1.548362049429884424e+00 3.226733773134229377e+00 1.100000000000000000e+01 8.708072736561444094e-01 7.093750000000001998e-01 9.729475174955495298e-01 4.000000000000000000e+01
3.473953464439371697e+00 2.102330091870924900e+00 3.133942787734527169e+00 1.600000000000000000e+01 7.955824408446683371e-01 6.902406417112300074e-01 9.730852813059654993e-01 4.000000000000000000e+01
3.586363173595477960e+00 1.944343442492294072e+00 3.559143412084604829e+00 2.000000000000000000e+01 8.784461276451286382e-01 5.673280423280422369e-01 7.791260279119337495e-01 4.000000000000000000e+01
3.473953464439371697e+00 1.437384989565379412e+00 3.656838023561890694e+00 1.900000000000000000e+01 9.121421742243380759e-01 6.025000000000000355e-01 8.254830712391596492e-01 4.000000000000000000e+01
3.586363173595477960e+00 1.969918538239054273e+00 3.006649454905192531e+00 1.700000000000000000e+01 7.588623012862547590e-01 5.768939393939394034e-01 7.865859138732784750e-01 4.000000000000000000e+01
3.473953464439371697e+00 1.112693956740888224e+00 3.268079044451392523e+00 1.400000000000000000e+01 1.003763412362633112e+00 6.332051282051283092e-01 8.704173955998166790e-01 4.000000000000000000e+01
2.521757574239154476e+00 1.058922539797716000e+00 2.624757417451109465e+00 1.000000000000000000e+01 7.572965548376661138e-01 7.154040404040403756e-01 9.642279850070522018e-01 4.000000000000000000e+01
6.324555320336762598e+00 4.123105625617657033e+00 4.856772106463060013e+00 2.200000000000000000e+01 8.554840077234455720e-01 5.456521739130434367e-01 7.630921643940143939e-01 4.000000000000000000e+01
3.617704769439420431e+00 1.208901382091164489e+00 3.563334187858827828e+00 1.900000000000000000e+01 9.615188340481464202e-01 5.050000000000000044e-01 6.705301873823514835e-01 4.000000000000000000e+01
3.473953464439371697e+00 1.330111991722528364e+00 3.371687494119583128e+00 1.100000000000000000e+01 7.758377102362516986e-01 6.635416666666666963e-01 8.812251930113632614e-01 4.000000000000000000e+01
3.515112659837267284e+00 1.407901081844135538e+00 3.716339488031836780e+00 1.800000000000000000e+01 8.509495219418312661e-01 5.473684210526317262e-01 7.543801878469350575e-01 4.000000000000000000e+01
3.443857242552256004e+00 1.477272182129777178e+00 3.306262998243357565e+00 1.100000000000000000e+01 7.805008942240341252e-01 6.802083333333334147e-01 9.234340320796540214e-01 4.000000000000000000e+01
3.586363173595477960e+00 1.876986011790857667e+00 3.379799651454619358e+00 1.600000000000000000e+01 7.345324427904681430e-01 6.402406417112299630e-01 8.873090749241064890e-01 4.000000000000000000e+01
6.324555320336764375e+00 3.999999999999990674e+00 4.710360920354193404e+00 1.900000000000000000e+01 8.953445955615537688e-01 5.799999999999999600e-01 7.932591515096172330e-01 4.000000000000000000e+01
3.617704769439420431e+00 1.986085513267628500e+00 3.325955336927123973e+00 1.600000000000000000e+01 7.386982601013830640e-01 6.417112299465240755e-01 8.952459723158889826e-01 4.000000000000000000e+01
3.346195160597227769e+00 2.025209382000292102e+00 2.950405135644445842e+00 1.500000000000000000e+01 7.430601602418673846e-01 6.572916666666667185e-01 9.215073434459321033e-01 4.000000000000000000e+01
3.411189702003357471e+00 1.868852468158027857e+00 3.419259864299441176e+00 1.600000000000000000e+01 7.337385016278772376e-01 6.372994652406417382e-01 8.977606327346252524e-01 4.000000000000000000e+01
2.479980506953561648e+00 1.058159820292014386e+00 2.551676097629051121e+00 1.100000000000000000e+01 8.002185686946632348e-01 6.614583333333334814e-01 8.987681521895312109e-01 4.000000000000000000e+01
3.427873620019257661e+00 2.152875038889960901e+00 3.451318066881019053e+00 2.200000000000000000e+01 8.933125287809930981e-01 6.434782608695651662e-01 9.218009948096606010e-01 4.000000000000000000e+01
6.324555320336767927e+00 3.999999999999999112e+00 5.332682251925385586e+00 2.800000000000000000e+01 8.952347965139271224e-01 5.278735632183909621e-01 7.468884501497005113e-01 4.000000000000000000e+01
2.521757574239154476e+00 1.063860125031012016e+00 2.521757574239154476e+00 1.200000000000000000e+01 7.661247242104654021e-01 6.333333333333333037e-01 8.468279509903433588e-01 4.000000000000000000e+01
3.375437903527039207e+00 1.926462291691554807e+00 3.074329210186833805e+00 1.600000000000000000e+01 7.782708863202296712e-01 6.122994652406418270e-01 8.452833626042228765e-01 4.000000000000000000e+01
3.552343858581803460e+00 1.811249838109195265e+00 3.608322673949642123e+00 2.400000000000000000e+01 9.976624052023324030e-01 5.260000000000000231e-01 7.285318368672707434e-01 4.000000000000000000e+01
3.586363173595477960e+00 1.211192871975156571e+00 3.516294410026194139e+00 1.400000000000000000e+01 9.626440591215095210e-01 6.498717948717948056e-01 8.894704619781494959e-01 4.000000000000000000e+01
3.411189702003357471e+00 2.183626869049805741e+00 3.187588152004120712e+00 1.700000000000000000e+01 8.008090079687618656e-01 7.130050505050506970e-01 1.023932137261615916e+00 4.000000000000000000e+01
3.473953464439371697e+00 2.081100570905362712e+00 2.962591072627780431e+00 1.700000000000000000e+01 8.294826705388028687e-01 6.060606060606061884e-01 8.297286630853054623e-01 4.000000000000000000e+01
3.552343858581803460e+00 2.273984789866036138e+00 3.107740168651039969e+00 2.300000000000000000e+01 9.456139265152707640e-01 5.927083333333335036e-01 8.267150402612608584e-01 4.000000000000000000e+01
3.515112659837267284e+00 1.674263913017832950e+00 3.285044754906773612e+00 1.300000000000000000e+01 5.895543867443043817e-01 6.627551020408164462e-01 9.082494308954328632e-01 4.000000000000000000e+01
3.586363173595477960e+00 1.831891198325303227e+00 3.509127522908932040e+00 1.500000000000000000e+01 6.555419510191169419e-01 6.697916666666666741e-01 9.396673034831503069e-01 4.000000000000000000e+01
3.335914189305269506e+00 1.737278578976994892e+00 3.208669005714377409e+00 1.500000000000000000e+01 6.587627666035030805e-01 6.307291666666666741e-01 8.598548365828608819e-01 4.000000000000000000e+01
3.346195160597227769e+00 1.933182044931763599e+00 3.021104710545514216e+00 1.700000000000000000e+01 8.519500013233698432e-01 5.380050505050506526e-01 7.327046325224724210e-01 4.000000000000000000e+01
3.473953464439371697e+00 1.124679973002422395e+00 3.375437903527040984e+00 1.700000000000000000e+01 9.512342818396397615e-01 5.421717171717171935e-01 7.401195177548612891e-01 4.000000000000000000e+01
3.473953464439371697e+00 1.809166721818563639e+00 3.278770608058913627e+00 1.700000000000000000e+01 7.124942470286024232e-01 6.032828282828284205e-01 8.438402263277908766e-01 4.000000000000000000e+01
3.473953464439371697e+00 1.752156350149177033e+00 3.297407661567714143e+00 1.800000000000000000e+01 7.794471502759424686e-01 5.671052631578947789e-01 7.891105763059661493e-01 4.000000000000000000e+01
3.617704769439420431e+00 1.921464705731441791e+00 3.515186644413763606e+00 1.700000000000000000e+01 7.495726634622326134e-01 6.199494949494950280e-01 8.719848937161456259e-01 4.000000000000000000e+01
3.411189702003357471e+00 2.003378223960133209e+00 2.826250816592539294e+00 1.400000000000000000e+01 7.047654155798483977e-01 7.198717948717948678e-01 1.016469045038719266e+00 4.000000000000000000e+01
3.314454017339985903e+00 1.659908072041871741e+00 3.226917232150182890e+00 2.300000000000000000e+01 8.537916948044287357e-01 5.322916666666667185e-01 7.469127411698364138e-01 4.000000000000000000e+01
3.411189702003357471e+00 1.742413717864790934e+00 3.494159034741276315e+00 1.500000000000000000e+01 6.295745146029664285e-01 6.401041666666666963e-01 9.002235965178140287e-01 4.000000000000000000e+01
3.427873620019257661e+00 1.022565182563575314e+00 3.464180804558826043e+00 1.600000000000000000e+01 1.065641792110623376e+00 5.225935828877005251e-01 7.140096507990054686e-01 4.000000000000000000e+01
3.473953464439371697e+00 2.008264744482453956e+00 3.027249701971670426e+00 1.400000000000000000e+01 8.792744202240369011e-01 6.132051282051282914e-01 8.416177342183758237e-01 4.000000000000000000e+01
3.375437903527039207e+00 1.789342769186112125e+00 3.306700370038627046e+00 2.000000000000000000e+01 8.305107980852323157e-01 5.351851851851852082e-01 7.417859407680723605e-01 4.000000000000000000e+01
3.443857242552256004e+00 1.867083985173487060e+00 3.077960451312952816e+00 1.600000000000000000e+01 7.395389291242148166e-01 6.211229946524066126e-01 8.552277538336803264e-01 4.000000000000000000e+01
3.443857242552256004e+00 1.818735394018929030e+00 3.073381280181087583e+00 1.600000000000000000e+01 8.098027027529073330e-01 6.211229946524066126e-01 8.517214175880500893e-01 4.000000000000000000e+01
3.375437903527040095e+00 1.761802981511741084e+00 2.898883545145030993e+00 1.100000000000000000e+01 7.233267207084658201e-01 6.739583333333334370e-01 9.061667564528719243e-01 4.000000000000000000e+01
3.473953464439371697e+00 1.471253954597449454e+00 3.596064815378582580e+00 1.500000000000000000e+01 7.368361453850189591e-01 5.822916666666667629e-01 7.858361956478394639e-01 4.000000000000000000e+01
6.324555320336764375e+00 4.472135954999575169e+00 4.878524367060188105e+00 2.500000000000000000e+01 9.731416168691452429e-01 5.473901098901099438e-01 7.645187656486455152e-01 4.000000000000000000e+01
3.527919570223204015e+00 1.936794292774584703e+00 3.264301659424341029e+00 1.300000000000000000e+01 7.346791863926754873e-01 6.966836734693878652e-01 9.700500021753847291e-01 4.000000000000000000e+01
3.473953464439371697e+00 1.751081480352673525e+00 3.546856912230980541e+00 1.800000000000000000e+01 9.432268424585955602e-01 5.947368421052632304e-01 8.349842025939318013e-01 4.000000000000000000e+01
3.515112659837267284e+00 1.863385314889701716e+00 3.109531610947941616e+00 1.800000000000000000e+01 8.109203039349597297e-01 6.250000000000002220e-01 8.741341108924802761e-01 4.000000000000000000e+01
3.515112659837267284e+00 2.027512744698861891e+00 3.055511711505203287e+00 1.600000000000000000e+01 8.098706880335362346e-01 6.799465240641711095e-01 9.435953095924427547e-01 4.000000000000000000e+01
3.346195160597227769e+00 1.713091150577943589e+00 2.853268489019789023e+00 1.100000000000000000e+01 7.248137862921371077e-01 7.052083333333334370e-01 9.497658209611927749e-01 4.000000000000000000e+01
3.515112659837267284e+00 1.187130023286581348e+00 3.676084990831277377e+00 1.500000000000000000e+01 1.164025152456636958e+00 6.291666666666667629e-01 8.550385958688332400e-01 4.000000000000000000e+01
2.479980506953561648e+00 1.323574509066596905e+00 2.678575688295302459e+00 1.500000000000000000e+01 7.302786622932142535e-01 6.338541666666667185e-01 8.860302644822853901e-01 4.000000000000000000e+01
3.473953464439371697e+00 1.729272700066633472e+00 3.265303927248005778e+00 1.500000000000000000e+01 6.457126327990072578e-01 6.713541666666666963e-01 9.385454914177159269e-01 4.000000000000000000e+01
3.473953464439371697e+00 2.223804241178199970e+00 2.928778566519309567e+00 1.800000000000000000e+01 8.604928430676602735e-01 5.907894736842106420e-01 8.071624488538785558e-01 4.000000000000000000e+01
3.515112659837267284e+00 2.161069931609580941e+00 3.399342321149301682e+00 2.200000000000000000e+01 8.934041673869844713e-01 6.097826086956520397e-01 8.712858248571515585e-01 4.000000000000000000e+01
2.479980506953561648e+00 9.673321248482813495e-01 2.423872681766095383e+00 1.200000000000000000e+01 9.366042092150809184e-01 5.929487179487179516e-01 7.983550361340461254e-01 4.000000000000000000e+01
3.473953464439371697e+00 1.173229667502984963e+00 3.589969400920443476e+00 1.600000000000000000e+01 9.277409255209458916e-01 6.064171122994653773e-01 8.432977978389771812e-01 4.000000000000000000e+01
3.473953464439371697e+00 1.874937858930228574e+00 2.951887118689926481e+00 1.300000000000000000e+01 6.546892943906652551e-01 6.806122448979593509e-01 9.420292260526121897e-01 4.000000000000000000e+01
3.335914189305269506e+00 1.819753440531116429e+00 2.716275435051518805e+00 1.500000000000000000e+01 1.128590664482836736e+00 6.135416666666667629e-01 8.487261184336613029e-01 4.000000000000000000e+01
3.443857242552256004e+00 1.657433125965040333e+00 3.177462571523872459e+00 1.300000000000000000e+01 7.178315617549987371e-01 6.520408163265306589e-01 8.806628261479635400e-01 4.000000000000000000e+01
3.375437903527039207e+00 2.365600537900699241e+00 3.043063927725084827e+00 2.300000000000000000e+01 9.144122080301735345e-01 6.156249999999999778e-01 8.750607099018523627e-01 4.000000000000000000e+01
2.540515226981209906e+00 1.501729386786692766e+00 2.374713662948432447e+00 1.600000000000000000e+01 8.174583279255890345e-01 5.961229946524065904e-01 8.181681096022858091e-01 4.000000000000000000e+01
3.411189702003357471e+00 2.077825758759996422e+00 3.108666982732420703e+00 1.800000000000000000e+01 8.509754820526546082e-01 6.197368421052633636e-01 8.637795557892988807e-01 4.000000000000000000e+01
3.473953464439371697e+00 1.361074368956824099e+00 3.234329850887994073e+00 1.500000000000000000e+01 9.033525859177702344e-01 5.401041666666667185e-01 7.159942446836742302e-01 4.000000000000000000e+01
3.552343858581803460e+00 1.822827207868281008e+00 3.193541067012861223e+00 1.700000000000000000e+01 7.878685467887160954e-01 5.310606060606061218e-01 7.221663205437928168e-01 4.000000000000000000e+01
3.473953464439371697e+00 2.324925356022609968e+00 3.226341363734761103e+00 2.200000000000000000e+01 9.015175330704355838e-01 5.815217391304348116e-01 8.200293690260518353e-01 4.000000000000000000e+01
3.515112659837267284e+00 2.246953082400232393e+00 3.268953548947941101e+00 2.300000000000000000e+01 9.250655296176329978e-01 6.062500000000001776e-01 8.567563787667044073e-01 4.000000000000000000e+01
3.586363173595477960e+00 2.262089725068840540e+00 3.509333118769672133e+00 2.400000000000000000e+01 9.397427855120267237e-01 5.629999999999999449e-01 7.903492410445271954e-01 4.000000000000000000e+01
3.473953464439371697e+00 2.006991266218931536e+00 3.298876330453455186e+00 1.900000000000000000e+01 7.639229786447855330e-01 6.137500000000000178e-01 8.676743599553465858e-01 4.000000000000000000e+01
3.411189702003357471e+00 1.742413717864790712e+00 3.176756470773453689e+00 1.800000000000000000e+01 7.947239293251153747e-01 5.513157894736843145e-01 7.631906039857399016e-01 4.000000000000000000e+01
3.473953464439371697e+00 2.181815471894443803e+00 3.321566830086717381e+00 2.000000000000000000e+01 8.783585039135731742e-01 5.816137566137565829e-01 8.158655640295864320e-01 4.000000000000000000e+01
3.552343858581803460e+00 2.228733693487682466e+00 3.153309698082312096e+00 2.000000000000000000e+01 8.752369077644438500e-01 6.030423280423280463e-01 8.417533645363735051e-01 4.000000000000000000e+01
3.411189702003357471e+00 1.661162039935429657e+00 3.034503413295390750e+00 1.200000000000000000e+01 9.196744194911689041e-01 6.660256410256409909e-01 9.102396570190561809e-01 4.000000000000000000e+01
3.473953464439371697e+00 1.874937858930227907e+00 3.205110116413692367e+00 1.700000000000000000e+01 7.224090157595702832e-01 6.130050505050506082e-01 8.592002483813738767e-01 4.000000000000000000e+01
3.314454017339985903e+00 1.579139777542462042e+00 2.878885823634597774e+00 1.300000000000000000e+01 6.480988649477188446e-01 5.948979591836736081e-01 8.014201410920440694e-01 4.000000000000000000e+01
3.515112659837267284e+00 2.099497356722777930e+00 3.142495893410032437e+00 2.100000000000000000e+01 8.508357921556035652e-01 5.426767676767676463e-01 7.486823564632778538e-01 4.000000000000000000e+01
3.501871511350206134e+00 1.970129123382454273e+00 3.368811782759646878e+00 1.900000000000000000e+01 9.532683474857470696e-01 5.612500000000000266e-01 7.838930683309229819e-01 4.000000000000000000e+01
3.335914189305269506e+00 1.800436267122065059e+00 3.040924188925666627e+00 1.700000000000000000e+01 7.105404008596470922e-01 5.741161616161617465e-01 7.874380376124431313e-01 4.000000000000000000e+01
3.515112659837267284e+00 1.488685284526613417e+00 3.602019009439576536e+00 1.500000000000000000e+01 7.804707067744172111e-01 5.963541666666667407e-01 8.246809663846762506e-01 4.000000000000000000e+01
3.515112659837267284e+00 2.291765986101294672e+00 3.091768051755052316e+00 2.300000000000000000e+01 9.179371184950186890e-01 5.927083333333333925e-01 8.379567503201754697e-01 4.000000000000000000e+01
3.515112659837267284e+00 1.731712879298163088e+00 3.520586455292986194e+00 1.800000000000000000e+01 9.486779594316476771e-01 6.000000000000001998e-01 8.454355115225785644e-01 4.000000000000000000e+01
3.335914189305269506e+00 2.027872903375915747e+00 3.160764642690784054e+00 2.100000000000000000e+01 9.032622217486134808e-01 5.358585858585858119e-01 7.395710549978667947e-01 4.000000000000000000e+01
3.402564240911783777e+00 1.646302309660685692e+00 3.100221205323030915e+00 1.100000000000000000e+01 7.773513526380625427e-01 6.635416666666666963e-01 8.842139276524990654e-01 4.000000000000000000e+01
3.314454017339985903e+00 2.147167615863560641e+00 2.777714410529497524e+00 1.500000000000000000e+01 1.074314935482926447e+00 5.869791666666667185e-01 7.981003763541714147e-01 4.000000000000000000e+01
3.473953464439371697e+00 1.834629509284805060e+00 3.525995730720580923e+00 1.800000000000000000e+01 6.838432992389753551e-01 6.355263157894738280e-01 8.999813121010674655e-01 4.000000000000000000e+01
3.515112659837267284e+00 1.671361644074829789e+00 3.389227943372195462e+00 1.800000000000000000e+01 9.338408157067358273e-01 5.815789473684211952e-01 8.097300830599428734e-01 4.000000000000000000e+01
3.586363173595477960e+00 2.071933214009507918e+00 3.177312938897126404e+00 1.800000000000000000e+01 8.435045940517359453e-01 6.131578947368422350e-01 8.542555164932630341e-01 4.000000000000000000e+01
3.346195160597227769e+00 1.837029320128352516e+00 3.058540674739703480e+00 1.300000000000000000e+01 8.754660127185367458e-01 6.520408163265306589e-01 8.873460604548207842e-01 4.000000000000000000e+01
3.411189702003357471e+00 1.841063440183751787e+00 3.019195737383463918e+00 1.500000000000000000e+01 7.133639809852385660e-01 6.369791666666667629e-01 8.765351102809949557e-01 4.000000000000000000e+01
3.375437903527040095e+00 1.564761915030064454e+00 3.235046197655760736e+00 1.800000000000000000e+01 1.010697794740733402e+00 6.184210526315790935e-01 8.680720341722031330e-01 4.000000000000000000e+01
3.411189702003357471e+00 2.180097349679702479e+00 2.973844054687374783e+00 1.900000000000000000e+01 8.801283679297496887e-01 5.925000000000000266e-01 8.146241459254881523e-01 4.000000000000000000e+01
3.515112659837267284e+00 1.138005114873997803e+00 3.507222067354631267e+00 1.500000000000000000e+01 9.779824863348299813e-01 5.604166666666666741e-01 7.619296897756282494e-01 4.000000000000000000e+01
3.515112659837267284e+00 1.329702158712617432e+00 3.229104711231812086e+00 1.600000000000000000e+01 7.699872056037920798e-01 6.372994652406417382e-01 8.640309479231579326e-01 4.000000000000000000e+01
3.411189702003357471e+00 1.396191477863367281e+00 3.296697405604097852e+00 1.900000000000000000e+01 1.050989203553832629e+00 4.874999999999999889e-01 6.530015429833287977e-01 4.000000000000000000e+01
6.324555320336762598e+00 4.358898943540673088e+00 4.855815829335071498e+00 2.100000000000000000e+01 9.566267316880561200e-01 6.097222222222222765e-01 8.504244598279349088e-01 4.000000000000000000e+01
3.473953464439371697e+00 1.588656469448565423e+00 3.703225100385126201e+00 1.500000000000000000e+01 6.904482878984438132e-01 6.697916666666666741e-01 9.397862462830718355e-01 4.000000000000000000e+01
3.552343858581803460e+00 2.048987655252214157e+00 3.133024233726665830e+00 2.000000000000000000e+01 8.690686802582345827e-01 5.649470899470898644e-01 7.866632375308071357e-01 4.000000000000000000e+01
6.324555320336764375e+00 3.872983346207409472e+00 4.711687595755901015e+00 1.900000000000000000e+01 8.136398491760155061e-01 5.524999999999999911e-01 7.563577207467692132e-01 4.000000000000000000e+01
2.430710570620359778e+00 1.089097076820325194e+00 2.690731962293834378e+00 1.300000000000000000e+01 7.701358646724046908e-01 6.306122448979593065e-01 8.624571049350878704e-01 4.000000000000000000e+01
3.586363173595477960e+00 2.331325439727239157e+00 2.954329334645738214e+00 2.200000000000000000e+01 9.097011347751955412e-01 5.945652173913043015e-01 8.300224533174482833e-01 4.000000000000000000e+01
3.375437903527039207e+00 1.933825096691499823e+00 2.927011913947136890e+00 1.400000000000000000e+01 6.897835868160753225e-01 6.698717948717947124e-01 9.208104723355037269e-01 4.000000000000000000e+01
3.515112659837267284e+00 1.616060546479735738e+00 3.645530676713633955e+00 2.200000000000000000e+01 9.338273705007912318e-01 5.358695652173912638e-01 7.406509934226415126e-01 4.000000000000000000e+01
6.324555320336764375e+00 3.741657386773934224e+00 5.237229365663816694e+00 2.000000000000000000e+01 7.932626752689488914e-01 6.054232804232803078e-01 8.596052246436921562e-01 4.000000000000000000e+01
3.473953464439371697e+00 1.771280568705055014e+00 3.137102513913430535e+00 1.400000000000000000e+01 9.024349219685047219e-01 6.648717948717948190e-01 9.077908363373461409e-01 4.000000000000000000e+01
3.443857242552256004e+00 1.801995925992717185e+00 3.124720067739072960e+00 1.600000000000000000e+01 7.090096064765583073e-01 5.725935828877005696e-01 7.807808857615939901e-01 4.000000000000000000e+01
3.473953464439371697e+00 1.671917604155875647e+00 3.246429406399730322e+00 1.400000000000000000e+01 6.255201623404360589e-01 6.082051282051282870e-01 8.307632867923754327e-01 4.000000000000000000e+01
3.501871511350206134e+00 1.340801291208458590e+00 2.831816146506845211e+00 1.400000000000000000e+01 8.303017952548391589e-01 5.732051282051281449e-01 7.501381250345411367e-01 4.000000000000000000e+01
3.411189702003357471e+00 1.868852468158027857e+00 3.205563137322335887e+00 1.300000000000000000e+01 6.555843244665527925e-01 7.252551020408162241e-01 1.014508955345896357e+00 4.000000000000000000e+01
3.443857242552256004e+00 2.053983243642195866e+00 3.113430537455145419e+00 1.600000000000000000e+01 7.955855722831122190e-01 6.549465240641710873e-01 9.054716384205618862e-01 4.000000000000000000e+01
3.411189702003357471e+00 1.824887073110962099e+00 2.861363883825312815e+00 1.500000000000000000e+01 7.309843261863273600e-01 6.572916666666667185e-01 9.061535526336006452e-01 4.000000000000000000e+01
3.552343858581803460e+00 1.876028259098334150e+00 3.239275678795391578e+00 1.700000000000000000e+01 7.578974317068751798e-01 5.796717171717171713e-01 7.980700963668035941e-01 4.000000000000000000e+01
3.473953464439371697e+00 1.406587936010889273e+00 3.770495287495863934e+00 1.900000000000000000e+01 9.135365781608881797e-01 5.687499999999999778e-01 7.864573448211963358e-01 4.000000000000000000e+01
3.515112659837267284e+00 1.650762481874615384e+00 3.412253953544965412e+00 1.800000000000000000e+01 7.698045577265720807e-01 6.065789473684212174e-01 8.504162514392133998e-01 4.000000000000000000e+01
3.411189702003357471e+00 1.537562534473999376e+00 3.223653630440725504e+00 1.500000000000000000e+01 1.014006134522230651e+00 5.494791666666667407e-01 7.485282577779464042e-01 4.000000000000000000e+01
3.586363173595477960e+00 1.148698354997035986e+00 3.300951334040937102e+00 2.100000000000000000e+01 8.863531227556162850e-01 5.131313131313131048e-01 6.988787666028816181e-01 4.000000000000000000e+01
3.552343858581803460e+00 1.718771927587479986e+00 3.439411454918059441e+00 1.800000000000000000e+01 8.666553153866212167e-01 5.881578947368423238e-01 8.273902111019951766e-01 4.000000000000000000e+01
6.324555320336764375e+00 4.472135954999570728e+00 4.636809247747851082e+00 2.100000000000000000e+01 8.989234182815907248e-01 6.006313131313131271e-01 8.407832158025427827e-01 4.000000000000000000e+01
3.552343858581803460e+00 2.183959446658100489e+00 3.000273172137559285e+00 2.000000000000000000e+01 8.649947512939892835e-01 6.208994708994708400e-01 8.737606298133742122e-01 4.000000000000000000e+01
3.443857242552256004e+00 2.138735171683738390e+00 3.191676330199874290e+00 1.900000000000000000e+01 8.783568919167049627e-01 5.825000000000000178e-01 8.178560748580432360e-01 4.000000000000000000e+01
3.443857242552256004e+00 2.348115377162793838e+00 3.014619152176968075e+00 2.000000000000000000e+01 8.845876248653682383e-01 6.113756613756613500e-01 8.361274865486951757e-01 4.000000000000000000e+01
6.324555320336764375e+00 4.582575694955841605e+00 4.587768416956008899e+00 2.300000000000000000e+01 8.829400579538854155e-01 5.520833333333334814e-01 7.675804167920745602e-01 4.000000000000000000e+01
3.443857242552256004e+00 1.767159073458804297e+00 2.940286686727750176e+00 1.400000000000000000e+01 8.147641627743792414e-01 6.382051282051283136e-01 8.603903251962935483e-01 4.000000000000000000e+01
3.586363173595477960e+00 1.968879275214657998e+00 2.915682626323157667e+00 1.700000000000000000e+01 8.270932623530253824e-01 5.741161616161615244e-01 7.854504764763740043e-01 4.000000000000000000e+01
3.443857242552256004e+00 1.818735394018930585e+00 3.459252088750665699e+00 1.800000000000000000e+01 7.945124790660861303e-01 5.500000000000001554e-01 7.537583171538458915e-01 4.000000000000000000e+01
3.411189702003357471e+00 1.921464705731441791e+00 3.246857628045926258e+00 1.700000000000000000e+01 7.467983159340383370e-01 6.324494949494949836e-01 8.900442628907736520e-01 4.000000000000000000e+01
3.346195160597227769e+00 2.161477499484954823e+00 3.081832594536022984e+00 1.900000000000000000e+01 8.406310373708705264e-01 6.737499999999999600e-01 9.636089950482102928e-01 4.000000000000000000e+01
3.443857242552256004e+00 1.735911174441962190e+00 3.270914302391137340e+00 1.200000000000000000e+01 1.186646356028850269e+00 7.198717948717946458e-01 9.960978701890544906e-01 4.000000000000000000e+01
