4.242640687119289211e+00 2.840718698002637765e+00 3.437758254761642540e+00 7.639127389012909664e-01 7.470388070734898633e+01 7.628325966815236825e+01 6.660239300991614186e+01 1.800000000000000000e+01
3.300951334040937990e+00 2.152864999099591614e+00 3.068578602214519169e+00 7.498533883431014457e-01 6.381184780488322872e+01 6.714732422850711657e+01 5.587821680329536633e+01 4.000000000000000000e+01
3.620588566750505333e+00 2.243921225583152435e+00 3.244957774700893971e+00 6.028126105955453617e-01 5.487941479132560119e+01 5.510623519175927498e+01 5.021702742726478874e+01 4.800000000000000000e+01
3.037793084140162581e+00 1.587376108076577141e+00 3.014017405380757353e+00 5.373228470069928431e-01 6.054817182881699722e+01 6.243337921291286818e+01 5.480939892579468165e+01 7.800000000000000000e+01
4.169064766334099836e+00 2.316071237730301657e+00 3.659878948750876049e+00 7.065942177110374756e-01 5.513079552590571097e+01 5.503060137298376020e+01 5.133591944822694586e+01 7.200000000000000000e+01
4.394838561102124785e+00 2.996471132892307931e+00 3.842243401301530970e+00 7.311312135743248675e-01 6.290231994699963991e+01 5.968344771213283906e+01 5.728713015034664835e+01 8.000000000000000000e+01
2.997397098892803591e+00 1.473724564431660555e+00 2.717321832185064068e+00 7.108881327425887742e-01 6.585270049280291005e+01 7.045984714917180725e+01 5.883702745597812367e+01 2.800000000000000000e+01
4.108273451369750084e+00 2.907258713608361411e+00 3.483478302579885000e+00 7.699872476226290452e-01 5.591997300830246331e+01 5.245777969048177169e+01 5.145078260204862630e+01 7.700000000000000000e+01
2.645751311064591160e+00 3.765531286745429917e-01 2.645751311064589384e+00 1.184057602899300621e+00 5.236728138684488698e+01 3.435345604927225338e+01 5.141071406730556959e+01 7.000000000000000000e+00
3.174056946848467842e+00 1.132879195332171296e+00 3.211186866601410728e+00 5.552924454858805259e-01 5.367661840168290865e+01 5.639250284866808016e+01 4.841020590287925529e+01 9.300000000000000000e+01
3.323894297787715058e+00 1.786621118194051450e+00 3.140293093277090719e+00 7.514702175803660289e-01 5.020595793826205266e+01 4.661994557864097288e+01 4.497851902077176334e+01 3.800000000000000000e+01
2.865059256520582132e+00 1.354932401601041336e+00 2.705556295921727195e+00 7.392957835344898809e-01 5.458559826555246985e+01 5.202661866682708336e+01 4.806919351207611157e+01 2.200000000000000000e+01
3.264754127025338182e+00 2.211537903414744655e+00 2.785761285581014324e+00 8.314147249000479745e-01 6.044257900513663628e+01 7.481860281269750601e+01 5.774073676055463267e+01 3.400000000000000000e+01
5.477225575051662076e+00 2.710670851096018907e+00 4.613644360558613045e+00 6.117057685810501910e-01 5.774791876050190353e+01 5.748114039841732392e+01 5.150359905402478944e+01 3.000000000000000000e+01
2.608409374656931234e+00 1.286818146931596019e+00 2.523152915865805479e+00 5.235261147480082533e-01 6.153641789653494953e+01 6.146100293972648387e+01 5.588851022215614961e+01 1.800000000000000000e+01
3.764138773761809720e+00 2.078417932280869795e+00 3.460801625332297959e+00 7.425564422361436989e-01 6.035533626886496705e+01 6.476578902185357833e+01 5.522138246906207826e+01 4.700000000000000000e+01
4.301466832472222279e+00 2.373277647660512191e+00 4.058726585148161980e+00 6.871127020402605368e-01 4.468004444912026685e+01 4.550555525910692012e+01 4.093445422669226730e+01 7.700000000000000000e+01
3.239823670937334921e+00 1.591509194169343555e+00 3.234692490865538783e+00 5.228124061969118275e-01 5.841487879109987347e+01 5.950305013874818627e+01 5.178727573762915171e+01 9.900000000000000000e+01
3.687040068376186586e+00 1.555902481114068481e+00 3.478966700710780291e+00 7.399062297136077548e-01 4.106653175632375508e+01 3.422082274188392148e+01 3.597547295649209786e+01 5.100000000000000000e+01
3.708581329147841110e+00 2.480974801275824149e+00 3.004770909068108065e+00 7.020290419702568396e-01 5.679152912053135083e+01 6.184635846418918703e+01 5.219381671429368907e+01 5.200000000000000000e+01
2.828427124746191179e+00 2.542562671733763047e+00 2.449489742783178325e+00 1.000000000000000000e+00 6.712457659320608627e+01 6.890146961224061783e+01 6.374853549476463144e+01 8.000000000000000000e+00
3.981927126835452579e+00 2.109777287693302750e+00 3.904948278606064971e+00 5.481183458474628845e-01 4.930879090317598212e+01 4.236164750075489138e+01 4.411246891032172357e+01 7.100000000000000000e+01
4.350955494481750563e+00 2.650760776082212722e+00 3.638175104635013035e+00 6.913325655031372641e-01 5.540847765634036648e+01 5.615943459013981709e+01 5.108990571606973674e+01 7.400000000000000000e+01
3.768298270362488100e+00 2.272705432634269052e+00 3.532367362215089734e+00 6.890729554760189890e-01 6.031036413555756326e+01 6.036918026867039799e+01 5.557217185825936667e+01 5.400000000000000000e+01
4.639124068834668435e+00 1.723540631403176704e+00 3.854879874583686306e+00 6.594571486983215047e-01 5.244797910509907979e+01 5.084417823028763905e+01 4.794442566848309895e+01 9.000000000000000000e+01
4.244627958928964162e+00 1.926278209036150546e+00 3.903566682910465158e+00 4.329888100784695659e-01 5.635767131406214503e+01 6.158384828088799168e+01 5.216983861625973162e+01 7.500000000000000000e+01
3.146558846159284162e+00 1.738121794548368015e+00 3.084531892984559320e+00 5.344856261246481166e-01 6.274788516748631650e+01 6.582201050227426720e+01 5.722413364791098189e+01 9.300000000000000000e+01
4.135936666412115770e+00 2.747936145745527359e+00 3.291088854934219210e+00 7.265225628646243550e-01 5.624973124328928975e+01 6.074357742052157505e+01 5.316410520200660272e+01 6.500000000000000000e+01
3.320875938432216401e+00 1.253310275656253525e+00 3.186165358549307047e+00 8.521189061545512144e-01 5.862799473023775221e+01 5.503250467056700046e+01 5.196390056676138869e+01 3.900000000000000000e+01
4.075965548029613750e+00 2.381115993422072030e+00 3.593960712475172681e+00 5.976961180316437972e-01 5.863144525837785181e+01 6.615215244723825094e+01 5.394740059177924962e+01 7.500000000000000000e+01
3.836722358518616094e+00 2.113062414391834842e+00 3.220905501052712339e+00 5.584856094328269904e-01 6.859120715287596681e+01 7.029582029409451138e+01 6.005845914522715390e+01 6.000000000000000000e+01
5.385164807134508180e+00 4.442517896006350497e+00 3.951089863709898342e+00 7.952254973868282395e-01 4.857698662422367164e+01 4.535357520450068591e+01 4.529884641406358270e+01 2.900000000000000000e+01
4.037804129984322365e+00 2.483830632451599296e+00 3.379464036256938808e+00 6.950779025573691206e-01 6.530813301395964743e+01 7.394871061837055493e+01 5.918317356507888860e+01 6.000000000000000000e+01
5.000000000000004441e+00 2.785768201900058916e+00 4.301162633521313339e+00 8.225590635092235869e-01 5.782234642944053604e+01 5.356921145784183835e+01 5.317582826050389855e+01 2.500000000000000000e+01
3.857512320049021781e+00 2.130118808194774171e+00 3.795781620491395003e+00 7.022574961227837642e-01 5.151652710164539428e+01 4.804744983431351812e+01 4.718723422485214058e+01 5.100000000000000000e+01
3.812143682354871110e+00 2.440382577603827041e+00 3.177602295582498293e+00 6.252896684664700500e-01 6.105615758676634641e+01 6.465007935995495814e+01 5.434861371367874483e+01 5.700000000000000000e+01
4.097763966280806969e+00 1.749611647975473083e+00 4.040273841089314644e+00 8.756917385019666877e-01 4.611215679047622018e+01 4.520311887368982440e+01 4.252388945867286907e+01 5.900000000000000000e+01
3.066955298622559223e+00 1.896129149365007205e+00 2.712634593682615503e+00 6.954103099456917514e-01 5.344340881078062466e+01 5.314463748721689740e+01 4.770208331860386153e+01 9.400000000000000000e+01
4.219631299126884727e+00 2.372766615513307364e+00 3.648711122224507442e+00 6.409917053974381052e-01 5.988681363383548018e+01 6.689808877444353641e+01 5.550070724864279015e+01 7.100000000000000000e+01
4.437536426020744607e+00 2.031039906272628759e+00 4.271249010345248287e+00 6.949635828392197734e-01 4.721876694503493610e+01 4.505026073842953593e+01 4.124701942156264067e+01 8.900000000000000000e+01
2.999999999999999112e+00 8.563510869274805204e-01 2.499999999999997780e+00 5.409054604444598624e-01 8.889679976021422192e+01 8.963003061459048126e+01 8.715376808243676976e+01 3.000000000000000000e+00
3.469463317402364577e+00 1.725383461750953140e+00 3.302363492924895727e+00 6.009824633060453225e-01 5.728856934325526851e+01 5.998636026247557140e+01 5.248266498801147151e+01 4.100000000000000000e+01
3.531598697180526436e+00 1.575967073458033330e+00 3.198164528763655312e+00 5.384299763118463034e-01 5.365521477813567230e+01 5.540380464963037355e+01 5.048628495011053730e+01 3.800000000000000000e+01
3.279141677795307075e+00 1.733808864501901637e+00 3.099837975096674914e+00 6.460537636704829501e-01 6.643460211688103811e+01 6.881273096799139921e+01 5.890021843650133349e+01 3.300000000000000000e+01
4.517988654667409953e+00 2.905382158506743639e+00 3.288682935561857867e+00 7.314890395523176991e-01 5.205203855661092405e+01 5.181535062582505446e+01 4.914754909580658904e+01 8.800000000000000000e+01
3.872983346207419242e+00 3.280640630137868552e+00 3.000000000000000000e+00 9.018439923419939719e-01 7.039819547051764914e+01 6.898738395693935388e+01 5.819123602281279517e+01 1.500000000000000000e+01
3.089427452369162719e+00 1.063013778422658984e+00 3.445444857843135811e+00 7.894705945061085695e-01 4.112195558921308702e+01 3.263286381653890089e+01 3.675441608002131488e+01 8.900000000000000000e+01
3.515112659837269060e+00 1.581453305117966002e+00 3.405698030454967551e+00 4.804834697917115816e-01 6.577913304579072928e+01 6.118736341450888006e+01 5.899540567684040582e+01 4.000000000000000000e+01
3.741657386773942218e+00 1.816721838818230905e+00 3.316624790355399366e+00 6.476770648991034829e-01 6.704034790825501489e+01 8.165953660368951716e+01 6.766859913853610919e+01 1.400000000000000000e+01
2.821232834790522226e+00 8.573838666970317046e-01 2.801835330768716936e+00 4.627996123439363507e-01 6.392347013000473765e+01 6.481053834854995443e+01 6.280117689059898112e+01 2.200000000000000000e+01
4.381984329724454064e+00 2.752363351189552443e+00 3.452282098591361592e+00 6.272295934395957229e-01 5.328424951249150610e+01 5.381435131405576300e+01 4.878248247470382637e+01 9.400000000000000000e+01
3.029061116708940293e+00 1.387910740963068879e+00 3.002293992093345132e+00 6.208394373616795692e-01 6.197718904518182370e+01 6.277553138471767369e+01 5.384802603925727738e+01 8.500000000000000000e+01
3.138866821352527925e+00 1.600074212673084695e+00 2.870884923022584356e+00 6.652583015958507540e-01 4.867884218953105346e+01 5.099814944258541516e+01 4.389390243567765992e+01 9.800000000000000000e+01
3.863389150321993704e+00 2.026107644299503185e+00 3.409055902356774137e+00 5.607194500613169597e-01 4.901371772970271934e+01 4.879706481847256327e+01 4.608709628636694333e+01 5.700000000000000000e+01
4.512540461147766635e+00 2.039733084968005539e+00 4.658408786351085240e+00 8.896837247846905994e-01 5.119678228328519509e+01 4.268035775133927956e+01 4.685028831244844838e+01 7.300000000000000000e+01
3.175523365205976223e+00 1.852563388241391218e+00 2.914924973589220425e+00 8.228800485048270996e-01 5.627106951481498953e+01 5.957874927397988785e+01 5.265270319370104346e+01 3.100000000000000000e+01
3.129134644531899045e+00 1.878805609276177568e+00 2.983292828336036262e+00 6.078607784695945204e-01 5.940184929097500088e+01 5.870398681593401591e+01 5.365970745408903753e+01 1.000000000000000000e+02
3.452734014299196463e+00 2.101107411581112583e+00 3.210197706286900488e+00 5.942444156653927667e-01 6.092130502507917811e+01 6.453156925165383484e+01 5.731440506748701580e+01 4.200000000000000000e+01
2.774191114672182046e+00 1.534774510985475127e+00 2.787817982201097777e+00 7.650852579184127533e-01 5.105973985905744428e+01 4.326566943118402264e+01 4.673699737546127864e+01 6.000000000000000000e+01
3.371075089615953146e+00 1.752455787215979610e+00 2.951779250744557714e+00 6.009365730181492893e-01 5.807702010096909362e+01 5.913882275590841431e+01 5.158006201022678994e+01 4.100000000000000000e+01
3.012304071682328388e+00 1.189248054163129176e+00 2.998857465746592510e+00 8.003860782274737629e-01 5.543837239561901953e+01 5.243627535891681646e+01 4.963404176488571551e+01 2.600000000000000000e+01
2.854463959043855859e+00 1.349874659818595113e+00 2.651726878314426550e+00 4.901013661508462627e-01 5.419321551261118941e+01 5.609056776756786178e+01 4.858832879709789410e+01 6.500000000000000000e+01
3.000000000000001332e+00 1.565367801050993490e+00 2.738612787525830150e+00 1.301889919338664381e+00 6.059982589760868166e+01 5.370560518136998951e+01 5.427168879371916432e+01 9.000000000000000000e+00
3.383301299437319720e+00 2.169505327942644612e+00 3.213933596911645374e+00 7.382246615247922694e-01 6.710843692686600548e+01 7.490129514310534375e+01 6.132947469417274533e+01 3.400000000000000000e+01
4.198502778772700061e+00 1.948351916344281953e+00 3.636224942701259621e+00 7.087787051146068329e-01 4.284084366488990270e+01 3.742753946122334696e+01 3.946624926986263660e+01 7.400000000000000000e+01
3.270415072708054094e+00 1.954581703449992158e+00 2.991717017384664778e+00 7.059621175358324896e-01 5.118392142763321573e+01 5.437398890120760342e+01 4.598578414164219197e+01 3.600000000000000000e+01
3.174056946848467842e+00 1.692964718168176397e+00 2.978573095237479595e+00 5.939079933274851175e-01 5.770443630726997952e+01 5.982492255643806089e+01 5.297383097251275075e+01 9.300000000000000000e+01
3.897356381669711212e+00 1.770306025414825291e+00 3.508452042443654051e+00 4.385677260823576673e-01 5.813247029352965711e+01 5.928782425314208382e+01 5.199445699360435924e+01 6.800000000000000000e+01
4.582575694955843382e+00 2.652570483386198053e+00 3.714835124201341099e+00 6.774802797887459205e-01 6.413469237268226664e+01 6.148462185086118126e+01 5.548333008908259245e+01 2.100000000000000000e+01
4.000000000000001776e+00 4.356179121553505951e+00 3.162277660168379523e+00 1.261615273343151156e+00 6.135795828685284903e+01 7.608983532747156175e+01 5.716698931475671230e+01 1.600000000000000000e+01
3.091999791301536682e+00 1.859735521868798758e+00 2.782661079010580352e+00 6.196266198709561301e-01 6.229151588132199890e+01 6.369499836453591257e+01 5.459755497714347428e+01 9.600000000000000000e+01
3.066955298622557891e+00 1.741396476013267414e+00 3.029875144357903505e+00 6.724460194835985005e-01 5.840780320418807037e+01 6.034046741517214940e+01 5.196728075328093155e+01 9.400000000000000000e+01
4.582575694955843382e+00 2.389466273479436520e+00 3.915780041490243057e+00 6.988486579764492390e-01 5.740357067184942963e+01 5.225553020945293525e+01 5.269300436320004621e+01 2.100000000000000000e+01
3.039224422686809035e+00 1.107541608452360826e+00 2.940119927431664504e+00 3.688872535574060363e-01 5.228819002277617045e+01 4.946207527712297747e+01 4.509770879533584775e+01 8.200000000000000000e+01
3.992796110190823811e+00 2.352576717298264342e+00 3.305610210903143997e+00 5.938985396192706379e-01 5.897689307062796615e+01 6.085628611394660226e+01 5.303940933239991296e+01 6.500000000000000000e+01
3.928265251247598844e+00 1.971897669459412583e+00 3.518368956259984692e+00 5.965573189249884223e-01 5.520855827721837272e+01 5.843862179024056047e+01 5.119396534853771641e+01 5.000000000000000000e+01
4.177168157162451934e+00 2.870040726480630688e+00 4.085589194026038484e+00 8.685493083062935105e-01 7.094897094400177195e+01 8.086407273343100144e+01 6.345847125939727107e+01 7.200000000000000000e+01
4.123105625617663250e+00 3.954680442740723390e+00 3.553167600887973343e+00 1.105007681555636445e+00 6.892737688170436172e+01 7.947679417012318481e+01 6.286058510824292256e+01 1.700000000000000000e+01
4.709076640414018300e+00 2.043542154949496314e+00 4.305087597955986389e+00 6.761254079611352941e-01 4.473891875172122923e+01 4.157732626126140474e+01 4.022512159060739378e+01 9.300000000000000000e+01
4.426597926578200948e+00 2.704934150431875128e+00 3.647201523653233135e+00 7.961976432321707930e-01 5.750305072146069563e+01 6.741149100423241691e+01 5.487858949278637510e+01 9.100000000000000000e+01
3.470224068874455003e+00 1.712695702517943008e+00 3.442955647249211992e+00 5.897391782566150376e-01 5.677424097742357390e+01 5.190063572336038789e+01 5.291056673835586110e+01 3.700000000000000000e+01
3.865269335221211744e+00 2.230253677214085073e+00 3.410006384432164861e+00 7.226237605544869602e-01 6.028410553385172932e+01 6.815017785180046417e+01 5.715779549680780036e+01 5.300000000000000000e+01
2.940831739563086078e+00 2.169797980272951676e+00 2.537189633176476278e+00 7.986344367083368923e-01 6.307337135449841270e+01 5.953904156157984318e+01 5.840487865729270567e+01 2.400000000000000000e+01
4.011126026870837968e+00 2.392482024841040111e+00 3.729572821793154969e+00 5.991159727964262549e-01 6.421475494719430799e+01 7.084017205188587241e+01 5.671660809672346204e+01 6.600000000000000000e+01
3.000000000000001332e+00 1.459248517765285413e+00 2.708012801545319537e+00 9.176127916342065038e-01 5.877516481768363121e+01 5.757565793576017654e+01 5.622471753210768952e+01 9.000000000000000000e+00
4.690415759823431507e+00 2.809135446601827901e+00 3.829708431025351523e+00 8.602896882397015332e-01 4.630329022924838256e+01 3.814823450038171160e+01 4.275209716421894512e+01 2.200000000000000000e+01
4.266887215632742425e+00 1.816283828916094301e+00 4.153340640021077945e+00 6.024157043331991312e-01 6.534498318804888584e+01 7.503682218326555642e+01 5.926399682389234158e+01 6.300000000000000000e+01
4.531453412569083739e+00 3.073674922807281273e+00 3.933325921218918886e+00 8.140207062933021431e-01 5.770072738845613003e+01 6.868787074360800204e+01 5.440399995737034544e+01 9.700000000000000000e+01
2.937812201747941554e+00 1.660008698819589679e+00 2.781345674213409946e+00 6.877468445240725314e-01 5.040397623245079473e+01 4.982143005237512767e+01 4.793024903184590357e+01 7.100000000000000000e+01
3.775337869977043681e+00 2.339597262370344932e+00 3.241112707767063394e+00 7.078702104444410947e-01 6.152201245854218570e+01 7.372602600700690800e+01 5.748875611557247822e+01 4.900000000000000000e+01
3.810350885938881049e+00 1.574720638987071153e+00 3.819694262128576323e+00 7.498249984077138830e-01 4.536127003643248656e+01 4.172915927111627354e+01 4.047793802557909970e+01 5.300000000000000000e+01
2.792443946994984660e+00 1.094411134602033542e+00 2.860988488808542840e+00 7.372896260991711470e-01 5.533456930367556481e+01 5.345731543518639484e+01 5.057589890118928366e+01 6.200000000000000000e+01
4.042207568067532897e+00 9.785687824047549777e-01 4.308843624813719408e+00 6.661153023059889211e-01 4.457790126574436584e+01 4.035369569651665955e+01 4.193538720465390668e+01 5.500000000000000000e+01
3.126947816235936983e+00 1.939704286643077813e+00 2.971805531845727710e+00 6.869206560672702633e-01 6.313405874552319119e+01 6.257066575262552988e+01 5.577361686606004554e+01 3.100000000000000000e+01
4.487033177486310365e+00 2.454489090230862036e+00 4.058990149623462607e+00 6.517525963020466273e-01 4.207323708771747306e+01 4.014631034825133327e+01 4.064893603021025825e+01 8.200000000000000000e+01
4.242640687119289211e+00 2.690119594571059203e+00 3.415650255319866435e+00 7.117258060544680021e-01 5.612915341934031233e+01 5.062700472921029871e+01 5.056175003342980290e+01 1.800000000000000000e+01
2.819532523630948528e+00 1.464780808476104257e+00 2.828810999731576015e+00 8.274761812651862947e-01 5.003290189464158289e+01 4.750261297849715447e+01 4.478214883514252875e+01 6.300000000000000000e+01
3.415701764390531192e+00 1.912058379894427729e+00 3.050502018110480495e+00 6.882277719049442188e-01 6.008551600297849404e+01 5.469803368766781659e+01 5.557244361417112088e+01 3.400000000000000000e+01
3.812040452173177663e+00 2.222002719724390563e+00 3.413180521076587759e+00 7.188048698683541238e-01 5.360947639405785026e+01 5.945949119113058146e+01 5.041032694999260855e+01 6.000000000000000000e+01
4.581582248495984722e+00 2.169667002353620422e+00 3.790836653409337842e+00 4.933153210750003681e-01 4.885537275971380211e+01 4.549715314253582932e+01 4.438616095364887570e+01 9.900000000000000000e+01
3.605551275463991789e+00 6.495425110869936791e-01 3.605551275463989125e+00 9.779715809468432219e-01 5.572364138886798202e+01 4.976042680541949181e+01 5.164332288466263066e+01 1.300000000000000000e+01
4.215694293200155762e+00 2.087283258700896482e+00 3.655329000972987519e+00 6.541791583407277066e-01 4.971452612218889300e+01 4.945625935604055456e+01 4.577363021860210779e+01 7.200000000000000000e+01
3.857512320049021781e+00 1.981661382453592246e+00 3.351806804394267036e+00 6.457346566387983655e-01 5.270863299418845571e+01 6.008968275697663586e+01 5.131919746378245861e+01 5.100000000000000000e+01
3.397676339954870173e+00 1.874469918172338323e+00 3.276666339277130024e+00 8.157524075306913369e-01 4.779692144214318006e+01 3.914014001632550332e+01 4.341896784232964990e+01 4.500000000000000000e+01
3.711680928613667163e+00 1.928935548634421515e+00 3.640976727126156831e+00 4.577324365765880199e-01 5.845096880708609888e+01 6.192953816560682156e+01 5.255927291255277822e+01 5.300000000000000000e+01
4.133979369939878801e+00 2.493943265524952935e+00 3.859531614287283752e+00 5.601622732078888056e-01 5.511108094823446635e+01 5.496527119077761370e+01 5.058697659858248130e+01 7.000000000000000000e+01
2.783377379080789638e+00 9.909409319553298401e-01 2.811205906542944000e+00 8.595747845764741824e-01 4.346505848804739003e+01 3.921999461617033944e+01 3.822050480165371056e+01 6.100000000000000000e+01
3.019852464415610171e+00 1.162343960980858792e+00 2.745877114513820771e+00 6.753989041257416615e-01 4.889405311653181485e+01 4.835736417025631795e+01 4.286175425038322828e+01 8.700000000000000000e+01
4.177853382712706676e+00 2.475736601426911765e+00 3.862105427358319520e+00 6.425030997875552652e-01 5.958198959668413863e+01 6.207268256570795018e+01 5.375143264662153086e+01 8.300000000000000000e+01
3.933767424703917381e+00 2.331736789769834672e+00 3.572885540542650951e+00 6.755709736230046669e-01 5.978380696959048635e+01 6.407947661593166799e+01 5.361582881599289152e+01 5.500000000000000000e+01
4.246952243341412192e+00 2.218745292681215453e+00 3.722209539892602947e+00 6.424946006526192077e-01 4.954345811673335476e+01 4.387070260460513538e+01 4.521205121574106300e+01 7.100000000000000000e+01
3.052834450634096530e+00 1.597073575930759048e+00 2.830812665681430307e+00 7.057076976526514001e-01 5.956548377970939612e+01 5.516047988580206862e+01 5.468204186047928061e+01 2.500000000000000000e+01
3.039224422686809035e+00 1.474724804014491797e+00 3.174839023839931773e+00 7.847249962393914036e-01 6.317494533750074481e+01 6.447490849086221942e+01 5.683092030443206255e+01 8.200000000000000000e+01
4.098185069980794459e+00 1.548447224951431611e+00 3.611837309646052763e+00 8.999941190810507585e-01 4.153844888411511249e+01 3.199370125705273082e+01 3.616922048727029448e+01 6.800000000000000000e+01
3.605551275463990013e+00 2.515584152528242523e+00 2.878491668515697821e+00 7.223910850690608010e-01 5.184012112838852460e+01 5.124251789474936913e+01 5.015070370550127876e+01 1.300000000000000000e+01
4.222860553471994294e+00 2.460059521342017774e+00 3.636857489705152435e+00 5.676007562414667751e-01 6.558876323204513881e+01 7.074387994957665171e+01 5.704715842737969922e+01 7.800000000000000000e+01
2.651063199613673316e+00 1.656280087411011959e+00 2.477567224571377125e+00 8.663764361163999173e-01 6.676263459509513609e+01 7.361046454384973003e+01 6.206760984225604005e+01 1.900000000000000000e+01
3.157171587300973581e+00 1.976915179110390053e+00 2.795032030144387836e+00 6.951179191337838459e-01 6.338285701781330062e+01 6.954259592976127635e+01 5.772414125279348696e+01 8.700000000000000000e+01
3.702798127852994448e+00 2.307892137542974176e+00 3.557627292502381966e+00 7.618205313991809335e-01 5.479563631292648296e+01 4.880727730519770091e+01 4.992494843146262440e+01 4.700000000000000000e+01
4.397039732575895421e+00 1.719497327423799238e+00 4.277584251212588562e+00 7.102748637049679514e-01 5.842643338347699000e+01 6.097509880108477631e+01 5.301864771085106298e+01 7.400000000000000000e+01
3.035515833227005356e+00 9.866862215373924938e-01 3.117251512717404527e+00 6.818232470472145312e-01 5.950647850599521860e+01 6.217438974580404931e+01 5.395001957598866227e+01 7.600000000000000000e+01
4.308534994578963939e+00 2.257229388990470653e+00 3.824583972843977442e+00 7.379276800410243808e-01 6.358973373145182961e+01 6.729888446174037142e+01 5.850309576486532848e+01 7.300000000000000000e+01
3.112620717711054308e+00 1.152389485432377958e+00 3.073560697465389513e+00 7.968961732710545531e-01 5.601782378307202492e+01 5.215889802917693174e+01 5.190089390648188328e+01 2.900000000000000000e+01
4.102515905711450195e+00 2.249235247401634830e+00 3.564090663259122937e+00 6.885032685372179939e-01 5.377515100871399767e+01 5.253469176696693665e+01 4.958278419563523443e+01 6.200000000000000000e+01
2.782133168298092762e+00 9.805215204463866296e-01 2.713964403457281183e+00 4.836809462926474068e-01 5.659082159075003204e+01 4.982629883210439914e+01 5.350302745588019349e+01 2.100000000000000000e+01
3.000000000000001332e+00 1.604036809265950048e+00 2.708012801545319537e+00 1.014608340129331987e+00 5.473113294129183970e+01 4.026007416233632341e+01 4.798916804714961870e+01 9.000000000000000000e+00
5.099019513592788932e+00 3.116000725926501680e+00 4.176654695380556781e+00 7.593843362217261861e-01 5.237333181028572682e+01 5.122611446393470658e+01 4.808351410601677145e+01 2.600000000000000000e+01
4.219137054017455313e+00 2.169687199174684000e+00 3.806831788688620932e+00 5.856643630544584589e-01 5.719412094156218984e+01 6.321484900610084168e+01 5.330051675590146942e+01 6.200000000000000000e+01
3.472798276262135886e+00 2.113059860613412777e+00 2.875942718257428421e+00 4.755210810674381783e-01 7.086491229117530111e+01 7.104894813757826455e+01 6.102218211809984894e+01 4.500000000000000000e+01
3.750808852856724496e+00 2.594313155231783519e+00 3.303539998114911835e+00 7.764404307591787902e-01 6.842314907628640697e+01 7.253542068696488343e+01 6.088923952664893591e+01 5.400000000000000000e+01
3.525175850184141702e+00 9.864443387873210733e-01 3.655426279885788166e+00 6.534184092225255869e-01 4.821038048599911008e+01 4.809931526099381216e+01 4.321215173659357589e+01 4.200000000000000000e+01
4.427933026308669362e+00 2.564900701775035596e+00 3.625220095698016731e+00 7.730219964485650630e-01 5.065757523258039186e+01 4.708434378547745069e+01 4.524886959722973501e+01 8.700000000000000000e+01
3.053214146340170743e+00 1.788397130033466231e+00 3.168910155224332392e+00 7.015457551363477595e-01 6.273502171900533142e+01 6.133864381466813143e+01 5.462026629132165567e+01 8.000000000000000000e+01
2.687602138126669704e+00 1.526100935908332401e+00 2.824324136224245496e+00 6.456384227495669537e-01 6.474312765345712251e+01 5.998426168361795874e+01 5.699620994451360190e+01 5.300000000000000000e+01
3.598899783447668366e+00 1.740125001012643891e+00 3.658323822363510835e+00 5.448009352488409895e-01 6.248014378282119452e+01 6.408925783601851833e+01 5.675026254110498058e+01 4.500000000000000000e+01
4.432260918547538786e+00 2.569617893507534667e+00 3.889220115082257401e+00 7.029159458234237601e-01 6.853252923778674699e+01 7.531859835305701267e+01 6.154528695604202682e+01 8.600000000000000000e+01
4.059585021059816334e+00 2.434500825243283817e+00 3.519055235432110962e+00 6.421907453468077565e-01 5.652972447688368618e+01 5.646328156310874391e+01 4.981966053456061871e+01 7.400000000000000000e+01
2.978071215719371612e+00 1.375525905488359735e+00 3.097211597152707885e+00 7.197767020584215913e-01 5.929314157524982676e+01 5.856529825644416576e+01 5.199446558295084486e+01 7.600000000000000000e+01
3.032910082627699122e+00 1.450316670235942906e+00 3.015623899267414032e+00 7.277366072434106048e-01 6.617018130289343958e+01 6.524708752630934327e+01 5.699512141672910559e+01 2.800000000000000000e+01
2.880339466127439518e+00 1.608999580532246787e+00 3.042086758144078473e+00 5.923703799372941337e-01 5.973245267646707646e+01 6.302523878598863405e+01 5.172568761152942329e+01 6.800000000000000000e+01
3.646156928560789101e+00 1.778471137803105284e+00 3.439161740172671511e+00 5.230789208790070921e-01 6.528040418576036075e+01 6.393482426787203821e+01 5.713396526454050672e+01 4.700000000000000000e+01
4.037804129984322365e+00 2.229646564094680539e+00 3.373101785674962994e+00 5.589520854134155670e-01 5.467368912294716665e+01 5.340765311723006192e+01 5.106547078136533457e+01 6.000000000000000000e+01
3.136564672280400146e+00 1.381146156035362615e+00 3.107273327019183462e+00 8.811248362306489668e-01 3.942631805801798350e+01 2.909780550999821003e+01 3.527617329822835757e+01 9.600000000000000000e+01
4.265336605342799459e+00 2.379695881382382083e+00 3.461716223244286628e+00 5.862851269812295874e-01 5.784141220666905525e+01 6.245898369586716825e+01 5.450376419112299686e+01 7.800000000000000000e+01
4.358898943540674864e+00 3.409555260147996592e+00 3.366501646120692914e+00 7.757361081882939713e-01 5.492064783589238175e+01 5.693121555179896376e+01 4.965094453507752803e+01 1.900000000000000000e+01
3.126947816235936983e+00 1.327797714372990434e+00 2.978114631317138272e+00 4.888972923503305257e-01 7.053951023744622262e+01 7.572217181897030969e+01 6.258525202616441163e+01 3.100000000000000000e+01
4.690415759823431507e+00 3.840642374340597076e+00 3.618136134933162662e+00 9.101916547173648508e-01 6.043753139344784131e+01 5.757038945759595805e+01 5.622133334441643626e+01 2.200000000000000000e+01
4.129629235320225966e+00 2.223868024516653552e+00 3.634039565434679986e+00 5.755076259298447239e-01 5.076182127700286628e+01 5.001638730219243456e+01 4.532179162521440219e+01 8.100000000000000000e+01
3.148843346255067122e+00 2.252203041814282880e+00 3.063892344134790946e+00 9.007790914687561212e-01 5.700531853475197153e+01 6.343583058296947996e+01 5.322560437927537436e+01 3.300000000000000000e+01
4.391420624159825259e+00 2.977573511489391311e+00 3.638920284528255333e+00 7.288847724137484940e-01 5.600455630212168501e+01 5.357478200765264376e+01 5.196795503321619236e+01 8.400000000000000000e+01
4.480433695966822505e+00 2.388610034820403349e+00 3.873184944603454749e+00 6.194827475996538269e-01 5.438705074129239136e+01 5.502551243394121627e+01 5.014053495222993462e+01 8.400000000000000000e+01
4.244627958928964162e+00 2.410902201201629680e+00 3.699888396584924966e+00 6.813968310277765950e-01 5.256269828599901217e+01 4.719228986120791802e+01 4.898657721965711431e+01 7.500000000000000000e+01
2.901201371677458063e+00 1.589290439294615220e+00 2.847188635751531471e+00 6.116139905878948957e-01 4.931748813041937041e+01 4.769518391662840884e+01 4.399817041665601636e+01 8.900000000000000000e+01
3.902285406964922654e+00 2.207014007745446538e+00 3.838345155110434170e+00 8.143858148453396728e-01 5.073788204871089391e+01 4.465318661292172209e+01 4.757926563918427831e+01 5.300000000000000000e+01
2.821497677131746595e+00 1.558458385994197171e+00 2.762064058245363274e+00 6.946220995708115575e-01 4.480256762617386102e+01 3.967348651537478332e+01 4.013404674868403532e+01 7.300000000000000000e+01
4.450056234630975105e+00 2.804909895522174068e+00 3.709748231235902693e+00 7.539654045272536909e-01 5.776726879779290869e+01 5.750592390974917834e+01 5.377125794466122954e+01 9.400000000000000000e+01
3.609134996572830989e+00 1.828662568536935096e+00 2.773806021979387193e+00 8.416563910954677485e-01 5.016669482709500016e+01 4.657316872997498791e+01 4.521283439710283147e+01 5.000000000000000000e+01
3.242892399007668569e+00 1.817006965393568096e+00 2.871433859509239461e+00 5.614179479615295509e-01 5.510872523684611224e+01 5.118511065736634436e+01 5.047658914951254872e+01 3.500000000000000000e+01
4.541504500828966506e+00 1.956375232683384313e+00 4.406715595136549091e+00 5.963865379331954042e-01 4.955729321764796680e+01 4.883770101919242279e+01 4.597394710105055537e+01 7.200000000000000000e+01
4.698922743959109916e+00 1.458733034268698825e+00 4.348114955483438848e+00 8.351596014390466616e-01 4.587903213019333037e+01 4.471078573102261089e+01 4.382384238653420283e+01 9.700000000000000000e+01
4.567869942105640568e+00 2.096802861058318257e+00 3.915960884228205430e+00 6.269302249605108734e-01 4.932295863676599623e+01 4.513911344930592406e+01 4.449818339095988051e+01 9.700000000000000000e+01
4.317896854583662680e+00 2.607496841684863398e+00 4.028062098263178292e+00 6.356304717087851719e-01 5.724438675705359714e+01 6.283589330208182133e+01 5.304010019525801312e+01 8.000000000000000000e+01
4.582575694955842494e+00 2.978046040181164145e+00 3.382963855030740596e+00 5.877970256240033775e-01 5.466861384560201742e+01 5.202643533124808073e+01 4.818384998973557742e+01 2.100000000000000000e+01
3.273131643662595458e+00 1.811803028256770531e+00 2.970536500393657242e+00 4.497657372658206421e-01 4.918838754417314618e+01 5.198656969589384147e+01 4.638706535196023850e+01 9.700000000000000000e+01
5.656854249492385023e+00 3.945609391875097405e+00 4.558264777059115147e+00 8.871906139713292561e-01 6.540140800104998675e+01 7.715024296918086577e+01 6.092050704658647220e+01 3.200000000000000000e+01
2.818433936951600050e+00 1.434204209668945351e+00 2.714207753089716402e+00 7.348186548558421904e-01 4.880956760429142349e+01 4.721641906227593921e+01 4.440878738762434352e+01 6.100000000000000000e+01
4.358898943540674864e+00 3.321745234904576627e+00 3.543381937578217844e+00 8.201935387716472459e-01 6.441896903576150635e+01 6.212496425574079950e+01 5.680095956402207946e+01 1.900000000000000000e+01
4.392122701886505887e+00 2.162612337614641334e+00 3.830219390757571229e+00 5.702131391568370233e-01 5.246788351343620604e+01 5.365824004257490998e+01 4.687759918947597981e+01 8.600000000000000000e+01
3.200902690092427783e+00 1.935729993605643795e+00 3.045465582937859406e+00 6.586763996959489331e-01 6.185991926185964473e+01 7.142928426344975890e+01 5.770875359403419225e+01 9.700000000000000000e+01
3.336705623447850932e+00 1.979729582814515387e+00 2.970581657798498476e+00 6.212794554160256943e-01 6.143134831129074058e+01 6.293285752943360478e+01 5.353939594810960045e+01 3.600000000000000000e+01
2.946041496538854165e+00 1.535395758875556682e+00 3.030996308886440893e+00 7.923398580379837908e-01 5.509288024050695753e+01 5.775445388969997396e+01 4.782892228185714600e+01 7.200000000000000000e+01
2.978071215719371612e+00 1.328692404908447644e+00 3.211545377721181094e+00 6.369515456789734964e-01 5.456368689766427593e+01 5.302138997439409707e+01 4.797660295090098970e+01 7.600000000000000000e+01
3.022052376206249225e+00 1.637650711172057738e+00 2.886151867055565035e+00 6.104417713399726830e-01 6.368499163887434378e+01 6.943298279828299258e+01 5.822298219540243736e+01 7.600000000000000000e+01
4.242640687119288323e+00 2.968627376289076913e+00 3.872983346207415245e+00 9.480586227380435327e-01 5.889244353075601168e+01 5.774275637630063329e+01 5.395636941409654241e+01 1.800000000000000000e+01
2.750556969851195355e+00 9.649176410470908793e-01 2.628494213959943870e+00 6.180860040830890023e-01 5.335600720395496666e+01 4.765133658115819770e+01 4.709926839528729658e+01 5.400000000000000000e+01
3.385378694047500581e+00 2.243861178636940679e+00 3.103657685008336387e+00 7.434220785243440544e-01 5.601553663459078791e+01 5.642622104415626438e+01 4.949658279146595419e+01 3.900000000000000000e+01
4.098185069980794459e+00 2.735419079104979279e+00 3.253013596869849700e+00 8.113229969907820305e-01 5.575518378164685629e+01 5.705093243623175425e+01 5.204319099624091649e+01 6.800000000000000000e+01
3.894436854511924118e+00 1.953295114706184998e+00 3.235036617466182651e+00 8.233312852512822966e-01 4.446878062580435653e+01 4.342629012307975955e+01 4.097752816392869590e+01 5.700000000000000000e+01
3.668275546977739499e+00 1.964199190325689015e+00 3.120473462024441869e+00 5.967032723627395674e-01 5.018322484826519769e+01 5.363305958781860738e+01 4.665470933094166384e+01 4.900000000000000000e+01
3.316624790355402919e+00 2.347372936737813554e+00 3.082207001484488007e+00 9.921642352045375590e-01 6.515564027338281505e+01 6.839722103264017505e+01 6.090448998186245433e+01 1.100000000000000000e+01
2.993385967703366290e+00 1.044502494685856986e+00 2.980754664444572821e+00 6.177427515536202396e-01 4.746813562126017416e+01 5.007563363220391039e+01 4.293305473295937702e+01 7.600000000000000000e+01
4.795831523312721778e+00 3.055809656646924832e+00 3.926406329796582551e+00 6.826290971346667957e-01 5.772163463022644692e+01 6.887162129496960006e+01 5.506371768073913842e+01 2.300000000000000000e+01
4.284631128115857557e+00 2.541127248847621090e+00 3.567869773225367691e+00 7.201866714823779159e-01 4.842752532881044658e+01 4.696776495164436227e+01 4.555153659659639942e+01 7.600000000000000000e+01
6.557438524302004801e+00 5.533243340809597122e+00 4.894725051862805820e+00 7.700022754115020129e-01 5.746593642685537873e+01 5.635728547335392591e+01 5.217179949516651050e+01 4.300000000000000000e+01
3.023694085671146059e+00 1.787443586680495189e+00 2.656533450504966254e+00 7.162711734935117702e-01 6.530919940698682069e+01 7.737793500265308921e+01 6.085512999226723707e+01 7.800000000000000000e+01
3.061144178436684182e+00 1.715889604697155235e+00 3.073731394765952807e+00 7.741612503525332478e-01 4.998989006091269260e+01 4.541150534395202243e+01 4.555589878401941206e+01 8.500000000000000000e+01
6.082762530298224668e+00 3.545176995816881949e+00 5.019960159204452488e+00 7.341069360225579432e-01 6.143939390163467351e+01 6.325843840674812668e+01 5.430376341145309738e+01 3.700000000000000000e+01
3.218210943232937105e+00 1.411092493116425484e+00 3.040506266663189905e+00 7.695761160254015465e-01 4.511650288611176762e+01 4.029270909810201573e+01 4.062905913689650106e+01 3.100000000000000000e+01
2.992555739477688714e+00 2.039896109536935676e+00 3.040092571278559586e+00 7.638795986637259006e-01 6.010754370351096298e+01 6.128429329138138826e+01 5.408848890807885113e+01 8.000000000000000000e+01
3.004676703826344220e+00 9.203226533394333053e-01 3.096889012676838249e+00 8.268554284800303522e-01 3.911519397884450910e+01 3.399985219464934261e+01 3.509860960376469308e+01 8.400000000000000000e+01
3.308641206573625926e+00 1.598191811944877694e+00 3.229945975834688898e+00 5.224857816592873849e-01 5.737043833030215723e+01 5.711180708258898875e+01 5.321277139499862585e+01 3.400000000000000000e+01
3.279141677795307075e+00 1.670096468453473815e+00 3.417655179329681214e+00 1.009303385071883108e+00 5.916518228598072682e+01 5.448731218698458889e+01 5.159446737511517256e+01 3.300000000000000000e+01
3.088966908176275172e+00 1.520769367786477089e+00 2.866996352166272022e+00 6.452484390537810421e-01 6.134275561604783178e+01 5.840251877104064704e+01 5.519960354111673695e+01 2.600000000000000000e+01
3.061259966717987169e+00 1.449391856180046734e+00 2.918145580167852415e+00 6.252351362474793950e-01 5.024517153278348758e+01 4.058227556588301610e+01 4.432200965227230682e+01 8.800000000000000000e+01
3.708277373353376927e+00 2.005515185854420679e+00 3.116983813334314846e+00 5.403896048778517036e-01 4.621245576498454710e+01 4.524037205723666233e+01 4.364268547733048109e+01 5.600000000000000000e+01
3.775337869977043681e+00 1.546175379524983740e+00 3.620588566750506221e+00 8.302993264270251972e-01 4.845315624951529543e+01 3.893565847027644367e+01 4.476599775806072046e+01 4.900000000000000000e+01
3.461486655187445027e+00 1.566367481835526876e+00 3.467893021698049250e+00 5.315123299560124970e-01 5.506013046318028614e+01 5.463371212761992268e+01 5.005553307605763536e+01 4.200000000000000000e+01
3.293269088287435142e+00 2.001656827252736193e+00 2.675617171099140545e+00 8.235397542816977889e-01 6.013585330645060623e+01 6.952565838549921295e+01 5.548864435177876686e+01 3.500000000000000000e+01
3.591323212142540466e+00 2.033378102534552756e+00 3.447667550039401174e+00 7.396991726474599904e-01 5.995023353823901147e+01 5.850032054466966969e+01 5.248603910021363106e+01 4.600000000000000000e+01
3.066816431250277475e+00 9.701294004237810409e-01 3.044625078092686010e+00 6.662487813039565943e-01 5.010066039287794126e+01 4.532424994620380687e+01 4.378592068649351177e+01 8.000000000000000000e+01
3.512065660642671006e+00 2.182030383912003213e+00 3.188908714672080258e+00 7.148968388410701369e-01 6.127745019487616673e+01 7.138271785992827745e+01 5.490971777199016657e+01 4.700000000000000000e+01
5.477225575051662076e+00 3.302101643053984237e+00 4.518480570575318822e+00 6.346920315170911930e-01 6.880155341493740195e+01 7.520215547416997026e+01 6.231665223399701148e+01 3.000000000000000000e+01
3.118700246198885306e+00 1.476731994226711420e+00 3.241891534726349278e+00 6.730710829681384455e-01 5.145393212058892374e+01 4.274849491251146816e+01 4.628311864473868553e+01 8.700000000000000000e+01
3.154462714911100640e+00 1.716465317248050404e+00 3.195508192152934246e+00 7.537206292383211714e-01 4.601374292512719677e+01 4.431847631382208874e+01 4.256365809533249234e+01 2.900000000000000000e+01
3.060083306070672915e+00 1.689523516188831564e+00 2.867859051576629348e+00 5.620489843342528768e-01 6.137779906502591842e+01 6.497703191292090708e+01 5.556348222770468936e+01 3.000000000000000000e+01
3.682291321167119325e+00 2.088730534945683726e+00 3.361852875874514091e+00 7.303870153719315139e-01 5.824649861320170885e+01 6.105747999631683598e+01 5.292461528585592134e+01 5.000000000000000000e+01
4.050943787204938751e+00 2.365060154964190531e+00 3.628260930285396757e+00 6.173805182635501154e-01 5.420184217252377579e+01 5.466834720670827608e+01 4.829874313795228602e+01 6.500000000000000000e+01
4.294866136592513151e+00 2.627805065305499621e+00 3.867413269466471348e+00 6.892938606612774022e-01 6.802899934035525575e+01 7.379866844396444492e+01 5.986278898130425574e+01 7.800000000000000000e+01
2.558497675772314572e+00 9.808039839576506713e-01 2.662081610977268031e+00 7.772847260031544581e-01 4.927002892634747866e+01 4.595837070735269236e+01 4.407909491953210335e+01 4.300000000000000000e+01
3.989515914799218077e+00 2.322941658787923025e+00 3.289406099168261655e+00 5.895005472856602591e-01 6.197651197181270533e+01 6.403313898073133714e+01 5.363062677475743101e+01 6.100000000000000000e+01
3.872983346207419242e+00 1.361267715145269674e+00 3.240370349203930189e+00 5.026978854576599209e-01 6.406163822450574230e+01 5.979790083137047674e+01 6.008035627142134416e+01 1.500000000000000000e+01
2.993385967703366290e+00 1.235045447561217369e+00 3.079588369784636903e+00 5.967759743698748398e-01 5.284818096274551635e+01 5.422621878391761641e+01 4.666102928666417426e+01 7.600000000000000000e+01
4.522533355696921831e+00 2.639874361701782135e+00 3.711794200495465823e+00 7.944935287636629706e-01 5.000143044106447832e+01 5.346033909759601954e+01 4.922364411081103697e+01 9.100000000000000000e+01
2.952919921471982345e+00 1.588259271950938967e+00 2.880011421700996443e+00 5.910523801081994932e-01 6.052793747366207811e+01 6.283090618531399230e+01 5.318973559173808496e+01 7.100000000000000000e+01
3.975272027062871416e+00 1.693301836363722002e+00 3.225410070032394660e+00 6.275903448103701265e-01 5.665318074748198285e+01 5.478272554856228993e+01 5.003392172676275607e+01 6.900000000000000000e+01
3.153296721258879831e+00 1.593311702851980982e+00 3.173552790821386971e+00 4.785841311701697354e-01 5.933432519285303641e+01 5.364670598597754747e+01 5.336219063259481032e+01 9.400000000000000000e+01
3.332332983134866922e+00 1.029065062722251067e+00 3.250259007306194547e+00 1.058959428915298373e+00 4.675239347354199992e+01 4.781291016544697214e+01 4.157763712449148130e+01 3.700000000000000000e+01
3.436552884239296723e+00 2.253329005111139871e+00 3.162243427023291087e+00 6.946455066647400090e-01 6.669069735883631722e+01 7.660978512832535614e+01 6.084507310752760390e+01 4.100000000000000000e+01
2.828427124746190735e+00 1.745784794504500193e+00 2.380476142847616661e+00 1.091382316602071967e+00 7.907865138133983862e+01 7.900487396421198127e+01 7.046662177140237304e+01 8.000000000000000000e+00
3.385101227981857974e+00 1.876307687895605980e+00 3.342725265536527157e+00 6.991849799319133085e-01 5.348123102508315441e+01 5.102855462133982911e+01 4.877175521196606667e+01 4.200000000000000000e+01
3.180853704930069359e+00 1.042908699083088031e+00 3.211328629325388651e+00 7.113042608930142396e-01 5.262445960687213642e+01 5.045967266808104057e+01 4.775359400711284508e+01 9.400000000000000000e+01
3.008026433475695871e+00 1.315187033940764749e+00 3.046673124413728839e+00 8.484371179288322518e-01 4.438615887691498330e+01 3.451769912144945351e+01 4.094256119116839443e+01 7.600000000000000000e+01
3.525175850184143478e+00 1.507334596569081198e+00 3.407858249979677456e+00 6.543736461729522391e-01 5.796690896291486439e+01 5.599943410670240951e+01 4.954353466790726657e+01 4.200000000000000000e+01
2.985867320379385070e+00 1.574956592877964079e+00 2.986815852931341553e+00 6.797681087218044871e-01 5.196071466782281334e+01 5.102249696603426088e+01 4.709681307249815774e+01 7.700000000000000000e+01
3.213994753761218792e+00 1.787031275805788910e+00 3.068356802952345586e+00 6.971609102395520674e-01 5.035139251298538454e+01 5.093049358450563346e+01 4.763601806437832664e+01 9.900000000000000000e+01
3.954827859707026771e+00 2.468054743677480900e+00 3.325425883565972018e+00 6.792709882499774476e-01 5.220092828460992251e+01 5.384058652999183892e+01 4.863781196603190438e+01 6.000000000000000000e+01
2.782133168298092762e+00 1.183054064874921485e+00 2.671583717993240903e+00 7.561247904809423881e-01 5.500923318631296866e+01 5.005598792225552529e+01 5.050114744530331734e+01 2.100000000000000000e+01
4.334684455183451135e+00 2.737669402226919679e+00 3.345335395194567685e+00 6.485146284744576217e-01 5.063099251357580499e+01 4.492376405974222564e+01 4.655746146132494800e+01 7.900000000000000000e+01
3.614568840499015501e+00 2.159613619995431222e+00 3.048028797107062982e+00 6.222458143787109597e-01 5.732968745705042579e+01 5.810344455728712632e+01 5.092903496524317575e+01 4.700000000000000000e+01
4.121676719115582976e+00 2.161444938098307400e+00 3.650389727157607123e+00 6.552899012024582248e-01 4.953449087670584561e+01 4.925663538401003905e+01 4.469502794681687163e+01 6.800000000000000000e+01
4.287686271969316287e+00 2.401005383986682507e+00 3.518833539893089224e+00 6.267565746225468581e-01 6.143130077987677851e+01 6.127184960870357600e+01 5.338701360534132334e+01 7.700000000000000000e+01
3.180157041971958254e+00 1.408247666655259245e+00 3.184725102539416319e+00 5.844550122290451677e-01 5.817576012300794019e+01 5.974537572077299075e+01 5.182609296931828169e+01 9.200000000000000000e+01
5.196152422706634688e+00 3.707841551724040841e+00 4.317737502773547398e+00 9.634947884461936285e-01 6.785210410524256019e+01 6.836721545904701713e+01 6.254713474086111802e+01 2.700000000000000000e+01
5.385164807134506404e+00 4.387208925328484277e+00 4.188729466730280571e+00 8.087950177022361631e-01 6.076160795360912203e+01 5.878921966238376484e+01 5.453040654381786823e+01 2.900000000000000000e+01
3.999999999999999112e+00 2.690378458871268919e+00 3.000000000000000000e+00 9.073185671109373907e-01 7.680115869931363193e+01 8.754335323114399614e+01 7.802937877655091370e+01 4.000000000000000000e+00
2.593241135400221609e+00 1.166055967045724673e+00 2.564094806235107882e+00 5.579332320543821666e-01 5.632612641254310404e+01 5.511524712084494126e+01 5.083566816945663902e+01 4.600000000000000000e+01
4.125644490162955869e+00 2.877208257345805986e+00 3.609171602809415180e+00 7.991792823768452125e-01 5.865007964429861431e+01 6.201316222871768957e+01 5.341938530214183345e+01 6.700000000000000000e+01
2.931493108888497456e+00 1.328686548529398603e+00 2.651858333503813281e+00 3.889237188132952383e-01 6.675944827799024495e+01 6.783229022783210382e+01 5.905648890385723604e+01 2.600000000000000000e+01
3.494635868671936318e+00 2.395778328498769483e+00 3.264381181793902797e+00 8.277179542538345425e-01 6.449513373841143959e+01 6.855727628674840446e+01 5.665879264668983240e+01 4.200000000000000000e+01
4.254633728891080047e+00 2.406821164345119168e+00 3.244688280020894933e+00 6.873924834494266056e-01 4.504566033505962963e+01 3.729856934677226121e+01 4.040465042611725721e+01 7.000000000000000000e+01
3.855795111038907041e+00 2.129746267166223284e+00 3.402616720097143332e+00 5.074925844836474242e-01 5.547136286111965120e+01 5.404519463520868783e+01 4.958527882873951143e+01 6.100000000000000000e+01
2.888761655155171582e+00 1.426832844813279655e+00 2.853398911097848600e+00 4.835740465401038857e-01 6.511234100422829840e+01 6.764460590471310297e+01 5.769019968163363643e+01 6.900000000000000000e+01
4.127302216635117205e+00 2.141811628150478874e+00 3.602442031242419240e+00 6.984607253482714162e-01 4.772880511391868907e+01 4.286421489070518476e+01 4.247096736030549380e+01 7.500000000000000000e+01
2.880339466127437742e+00 1.737030275280431413e+00 2.967303600497659843e+00 6.419366423477739225e-01 5.308407647101154225e+01 4.846513542233673633e+01 4.822635144130000384e+01 6.800000000000000000e+01
4.415213297067521303e+00 2.440984182010017545e+00 3.691922903289869051e+00 6.219657328088956660e-01 5.843736413479855685e+01 6.299286863711517270e+01 5.262220075465658198e+01 9.300000000000000000e+01
3.270415072708054094e+00 2.056829154854474595e+00 3.487203998143036721e+00 9.152845349944824793e-01 5.356818624893754333e+01 5.034388360177376143e+01 5.127278827493427116e+01 3.600000000000000000e+01
2.733932266478652728e+00 1.383882342144300948e+00 2.807370882085221897e+00 5.927404107254132803e-01 4.877760734783829122e+01 4.856518193272565043e+01 4.429904857239703375e+01 5.400000000000000000e+01
4.162443604448522905e+00 2.516758257204980254e+00 3.177887700777109803e+00 6.183485814784448475e-01 5.338622000763137265e+01 5.020033748940183216e+01 4.857792020300421854e+01 7.900000000000000000e+01
5.196152422706637353e+00 2.917104615855570682e+00 4.230839160261237630e+00 7.475788423621251289e-01 5.162372447821584842e+01 4.358504348765212910e+01 4.872370547917607553e+01 2.700000000000000000e+01
3.863389150321993704e+00 2.563520351793777241e+00 3.566252747184864624e+00 7.315065019556487025e-01 5.425359851099448605e+01 5.284156370416766890e+01 4.882797180388306657e+01 5.700000000000000000e+01
2.983894760963679449e+00 8.787317199956251601e-01 3.102399643583738431e+00 6.166951440515882066e-01 5.396527727822276432e+01 5.462097057448512771e+01 4.926852324899772384e+01 7.300000000000000000e+01
3.903566682910466046e+00 1.984535870221487919e+00 3.519974156971306556e+00 5.335375312435014505e-01 6.277851713768509967e+01 6.213541980486789384e+01 5.437028006229561328e+01 5.900000000000000000e+01
4.690415759823431507e+00 2.968967655788715465e+00 3.909694909544003227e+00 6.834300259487400275e-01 6.947423546901950431e+01 7.456789815531513455e+01 6.182960733239790585e+01 2.200000000000000000e+01
3.882431250893632058e+00 2.270210066934942539e+00 3.466096459187583800e+00 6.208147525461820138e-01 5.880313447100585478e+01 5.816908561620828522e+01 5.411684363597959901e+01 6.500000000000000000e+01
4.385904820503805368e+00 1.587255749623285306e+00 4.305273588803218310e+00 8.814901937503480944e-01 4.095642948035104780e+01 3.555949225378196132e+01 3.675238459793570200e+01 7.600000000000000000e+01
4.670719140006974968e+00 3.034127574077077671e+00 4.180552465648875504e+00 7.609854951398887790e-01 5.473720871013651390e+01 5.300822609775830330e+01 5.227989571879778197e+01 9.800000000000000000e+01
4.108993092059887609e+00 2.350403203615542225e+00 3.771049493316305679e+00 5.484222615888181274e-01 6.703913904064941676e+01 7.051061156687806886e+01 5.906466517530768101e+01 7.000000000000000000e+01
3.096338992284571212e+00 1.680975396524303722e+00 2.977917858799298489e+00 5.339035840474367633e-01 5.988540678940680095e+01 6.210577781619566196e+01 5.295424353223745584e+01 9.000000000000000000e+01
3.083153346513006987e+00 1.656070598794777471e+00 3.163601191541215218e+00 6.118222657739860182e-01 5.604613126246353261e+01 5.342867896356593604e+01 4.962053827315060062e+01 8.400000000000000000e+01
3.928265251247598844e+00 1.901163489411646479e+00 3.772287163916804076e+00 5.540750400397443931e-01 4.886478838548003978e+01 4.883165693993645107e+01 4.534436638276395115e+01 5.000000000000000000e+01
4.657317912824787243e+00 2.915331462169396648e+00 3.685159881354798550e+00 6.624566899339422443e-01 5.258484187049175773e+01 5.145623331099181996e+01 4.756218689980188685e+01 9.500000000000000000e+01
3.449472302595355533e+00 1.510495939207160188e+00 3.224525321907681708e+00 8.218389396622705068e-01 5.187408133748299832e+01 4.871378879563653186e+01 4.785433545945926426e+01 4.300000000000000000e+01
3.964206612230354754e+00 2.565728632052612479e+00 3.453658155549034880e+00 6.851177640085043263e-01 5.658967699159998688e+01 5.898631559481307107e+01 5.182843708843162034e+01 5.900000000000000000e+01
3.673903978864857756e+00 2.284277856650122729e+00 3.249480760372837729e+00 7.559743699768004532e-01 6.540618898191641506e+01 6.699062124668463980e+01 5.680348702323313148e+01 4.000000000000000000e+01
3.056442779380054375e+00 1.465871463804247155e+00 3.037606278096598444e+00 7.015111207956479245e-01 4.905793526297406260e+01 4.517832549781316231e+01 4.227741177557339114e+01 7.700000000000000000e+01
4.312770416752912617e+00 2.284130697395172493e+00 3.714484896371886613e+00 5.452017067360686031e-01 5.890968259005531138e+01 5.732461122322185787e+01 5.304662338776801533e+01 8.600000000000000000e+01
2.823976322305457032e+00 1.450268661228107492e+00 2.485124682484524339e+00 7.132111974700877655e-01 5.762716580654261378e+01 5.293531052252474467e+01 5.016139587436548197e+01 2.400000000000000000e+01
3.249009585424942781e+00 1.911973292067550068e+00 3.236722193296712735e+00 6.118958279372701536e-01 6.823276688487261765e+01 7.264952588932848698e+01 6.076083662398461627e+01 3.200000000000000000e+01
3.066816431250277475e+00 1.714881330942871651e+00 2.659467808228058505e+00 5.887298957406937872e-01 6.281050059120559581e+01 7.238726565009341130e+01 5.753387349628709302e+01 8.000000000000000000e+01
3.637470788037857616e+00 1.264911025658865595e+00 3.413611595646899755e+00 7.384645977834525254e-01 5.320812364547015960e+01 5.968227503319147331e+01 5.069447510354957842e+01 4.800000000000000000e+01
4.654844104020671836e+00 2.635404450250711683e+00 3.516579445715754648e+00 6.455696774277522865e-01 5.395079751668015433e+01 5.671969597213151815e+01 5.046399630304795636e+01 9.400000000000000000e+01
3.843244404260000913e+00 1.006608024411978386e+00 3.480399146384250297e+00 8.261232475562185762e-01 4.960368688898105916e+01 4.715097197698747777e+01 4.438439077068878191e+01 5.200000000000000000e+01
3.096338992284571656e+00 1.663058626711177101e+00 2.694257651595258984e+00 6.509774329473770882e-01 6.205079645373015751e+01 6.338506188621455806e+01 5.515039966000656335e+01 3.000000000000000000e+01
3.972016760235770771e+00 2.212897887218199244e+00 3.650696455696273990e+00 5.907535614671172164e-01 6.462800098941326610e+01 6.419306360243133724e+01 5.490902441527132538e+01 6.600000000000000000e+01
3.617071171986553590e+00 1.635070681630440115e+00 3.425755311910443357e+00 7.667397308394477973e-01 6.057981357450592697e+01 6.628840538400665139e+01 5.643142613205614566e+01 4.400000000000000000e+01
2.859107444111963936e+00 9.967590119529562420e-01 2.837187911244693606e+00 7.776457511702981051e-01 5.489557714154680212e+01 5.215050213029672221e+01 4.958141052726103482e+01 2.300000000000000000e+01
2.789876271848631184e+00 1.708963354356161535e+00 2.618593765989783773e+00 5.590965527072536689e-01 6.352984608164651092e+01 6.874369085922565148e+01 5.667700982813451560e+01 6.900000000000000000e+01
3.559226703186957330e+00 1.144939188655196949e+00 3.594757314963447303e+00 9.821355195862599974e-01 4.847337489612013428e+01 3.585463916397622341e+01 4.275810206042679340e+01 3.900000000000000000e+01
2.877453773099832190e+00 1.269916639056587249e+00 2.923227323599513205e+00 7.091085804258481229e-01 5.031130866370735788e+01 4.581741494211119203e+01 4.380274836371845737e+01 6.400000000000000000e+01
4.227569609946699281e+00 1.964570874662982636e+00 3.445548455296655987e+00 6.115957429561053038e-01 4.566975120102519270e+01 3.935444835701488842e+01 3.961732013944994435e+01 7.400000000000000000e+01
2.645751311064591604e+00 1.210602651636247584e+00 2.512603192279621478e+00 5.741518251141968232e-01 6.288053067635156879e+01 6.424351185492392347e+01 5.549337965890395452e+01 4.900000000000000000e+01
3.144439048693126182e+00 2.161119759537157403e+00 2.904202957340774383e+00 7.754517032963463841e-01 6.869851679858550142e+01 7.630156194238544742e+01 6.121052821332014560e+01 3.000000000000000000e+01
3.000000000000001332e+00 2.314640290136263712e+00 2.549509756796393134e+00 7.329244894478215144e-01 6.295276835952380878e+01 5.787021535665643768e+01 6.046597006650478789e+01 9.000000000000000000e+00
4.220435544648528214e+00 1.987419085147003495e+00 3.666489190646848861e+00 5.174543884705593566e-01 6.043116838626276888e+01 6.579122373850711369e+01 5.601814624746277360e+01 7.500000000000000000e+01
2.845887878078015465e+00 1.304307000698456509e+00 2.891511433318816771e+00 5.030175575932739340e-01 5.976171571428575646e+01 6.336219776541612703e+01 5.316226191631224651e+01 6.600000000000000000e+01
3.015900956009501588e+00 1.347282609218770189e+00 2.937339498170655983e+00 6.038229770429284216e-01 5.496698322767846889e+01 6.138368584520267035e+01 5.067413396022664784e+01 7.700000000000000000e+01
3.061144178436684182e+00 1.595753718490019901e+00 3.110778489733840857e+00 5.114298957507457111e-01 5.463533872203638708e+01 5.504032667769924103e+01 4.936096978609931796e+01 8.500000000000000000e+01
3.112620717711054308e+00 1.474954233981785157e+00 3.198859625771381054e+00 9.171957082782303816e-01 6.471790248070200846e+01 6.392876611255888974e+01 5.721895223733176294e+01 2.900000000000000000e+01
2.966225266043572173e+00 1.942263382462157351e+00 2.918579728371176074e+00 8.088663269836261493e-01 5.715115018979062711e+01 6.123644090102926185e+01 5.327547421151818696e+01 2.600000000000000000e+01
3.891223516111968372e+00 1.265944979700447837e+00 3.559234866937929009e+00 7.940331124341127866e-01 5.323713610571083166e+01 5.875667509434954638e+01 5.067078601231762036e+01 5.100000000000000000e+01
3.902627371513785359e+00 1.950010761107479951e+00 3.602335663136544852e+00 7.820414426189734591e-01 5.647920928287304321e+01 5.549676186000309741e+01 5.056854837754750065e+01 5.600000000000000000e+01
3.962082423726704050e+00 1.754280095946426421e+00 3.582421993174904173e+00 6.010206327134713922e-01 5.307412533971599800e+01 5.046786175107369843e+01 4.791452277246959568e+01 6.200000000000000000e+01
2.828427124746190735e+00 3.257393956433769500e+00 2.516611478423583126e+00 1.307073284183486228e+00 6.770941158700838969e+01 8.707412844306378474e+01 6.556982608282207536e+01 8.000000000000000000e+00
3.955535546008809966e+00 1.603631308366667563e+00 3.553130382018236944e+00 4.226151612243372879e-01 4.778353181342512812e+01 4.479455216093125358e+01 4.160162265669598725e+01 6.300000000000000000e+01
3.162277660168380855e+00 1.702153335714839955e+00 2.828427124746188515e+00 9.411896459393789272e-01 5.433184556556462041e+01 4.939147208704246594e+01 5.086175161708853665e+01 1.000000000000000000e+01
3.872983346207420130e+00 2.434444948222519667e+00 3.070597894314952558e+00 7.718435673911538952e-01 5.181031395686622432e+01 4.993331094725731134e+01 4.866815355999496973e+01 1.500000000000000000e+01
4.573942909156337500e+00 2.279513092754574810e+00 3.694453790176019048e+00 6.835715687717245359e-01 5.562586029741601834e+01 5.273170328424873077e+01 5.180889360615855566e+01 7.500000000000000000e+01
5.385164807134509068e+00 4.339456601768051591e+00 4.312771730569565420e+00 9.465073770818626109e-01 5.561717977290753367e+01 5.843080004638888880e+01 5.187128589587767635e+01 2.900000000000000000e+01
4.210349125895583633e+00 2.115877331882474621e+00 3.710568213367721135e+00 5.823846775129175590e-01 6.078687980131832092e+01 6.665611798018544221e+01 5.544923712681067940e+01 7.300000000000000000e+01
3.882431250893632058e+00 2.119787833606689986e+00 3.313520811229913932e+00 6.411119894798642527e-01 5.600366341068406228e+01 6.166371062815333204e+01 5.145427740672287342e+01 6.500000000000000000e+01
3.729282397676387362e+00 2.346194784197863203e+00 3.453929376344281099e+00 6.544258589083737920e-01 6.778792383885107142e+01 7.157639405000722377e+01 5.882957066077266006e+01 5.800000000000000000e+01
3.543748937210325245e+00 1.829761629706853743e+00 3.460787105636116134e+00 8.000323196735492637e-01 5.745644130107523040e+01 5.297962726030744562e+01 5.165729465917953434e+01 4.400000000000000000e+01
2.954179856755430489e+00 1.452386581744598004e+00 2.888962356993542091e+00 5.113158538115539775e-01 5.743485269401530502e+01 5.771251718129194330e+01 5.212427852874797196e+01 7.300000000000000000e+01
4.458322256737938361e+00 2.841166218562007018e+00 3.527184530788178396e+00 8.261473456598162901e-01 5.838946231722168534e+01 5.991863972323586296e+01 5.462823976990372898e+01 9.300000000000000000e+01
3.200902690092426894e+00 2.042511245881272419e+00 2.923669110735222176e+00 6.735890173576443152e-01 5.770933781149906139e+01 6.064459760278392508e+01 5.216198672464572184e+01 9.700000000000000000e+01
3.137550260716690964e+00 1.593011143413585629e+00 3.031602358549327914e+00 7.261437684233400525e-01 4.724229602693403507e+01 3.775819837679665625e+01 4.203948655010319158e+01 8.600000000000000000e+01
3.032910082627698234e+00 1.185686008671527070e+00 2.856766181034977592e+00 7.326188154446013900e-01 5.300603843347469990e+01 5.043373636089102519e+01 4.971710363700339030e+01 2.800000000000000000e+01
3.515112659837269060e+00 2.097759594108647097e+00 3.024516152286142123e+00 7.050932491026441484e-01 5.942710987963711489e+01 6.334389411443724782e+01 5.354398830955815924e+01 4.000000000000000000e+01
3.872983346207420130e+00 3.133215742529168235e+00 3.109126351029604773e+00 9.266497081673935599e-01 6.174957664017615144e+01 6.057989625298183256e+01 5.532376963872540898e+01 1.500000000000000000e+01
3.732553165999164868e+00 1.584569545065445562e+00 3.566317478821625198e+00 6.820297999774354025e-01 5.180378314969187414e+01 5.192044081871775063e+01 4.728839951351853443e+01 5.400000000000000000e+01
3.473345043297592305e+00 2.067653053159337340e+00 3.044287460778203336e+00 7.768328282746291835e-01 6.578694997246979881e+01 7.243858064358693127e+01 5.825913583956356945e+01 4.400000000000000000e+01
4.589323654153942833e+00 2.411040882445536937e+00 4.290886989177660205e+00 4.901024964474516854e-01 5.894924289751491386e+01 6.086861803564818985e+01 5.172279200929826715e+01 9.100000000000000000e+01
4.467033967757686241e+00 2.297924728932619676e+00 3.407682623500039920e+00 8.500791785627774821e-01 4.482396536757061511e+01 3.443303759039281431e+01 4.104200282038738834e+01 7.800000000000000000e+01
4.042753890344656931e+00 2.501656020149801929e+00 3.620628419717339064e+00 6.258274612496083078e-01 6.457865084281539225e+01 7.093787148650373808e+01 5.775439866256323995e+01 7.000000000000000000e+01
4.048414552375545483e+00 2.527489851627404249e+00 3.268037602263182517e+00 7.285891251277625269e-01 6.126694568079945213e+01 6.553224782590858410e+01 5.601056532734076399e+01 6.900000000000000000e+01
3.565045308366503019e+00 2.337443837109765443e+00 3.204553334316654123e+00 6.279286625621153251e-01 6.178438345439453627e+01 6.877296332484877439e+01 5.743558484885809889e+01 5.100000000000000000e+01
4.351072873195724888e+00 2.072959234120242300e+00 3.893754790764703877e+00 5.926952400981898572e-01 5.217810736170453367e+01 4.964886498815572224e+01 4.744522298508764635e+01 8.000000000000000000e+01
4.444179742456172200e+00 2.674989002773378477e+00 3.876082165846674865e+00 7.779788583539136715e-01 5.678995501470352991e+01 5.572779710148199683e+01 5.301892290270345143e+01 7.800000000000000000e+01
2.848360824334595698e+00 1.439793729863559690e+00 3.036749480948059521e+00 5.629885720111315051e-01 6.493595272818224373e+01 6.365239159262910107e+01 5.750893592429812173e+01 2.600000000000000000e+01
3.712732182633757372e+00 1.838751055025446446e+00 3.346729020823416612e+00 6.144470497439062928e-01 5.468262896483155089e+01 5.587271497187981595e+01 4.989781656129007814e+01 4.800000000000000000e+01
3.735911924554701447e+00 1.849316157228800828e+00 3.335329944081286246e+00 4.989808396970404347e-01 5.283703650701719567e+01 5.371905400564038757e+01 4.939921251923688317e+01 6.100000000000000000e+01
4.317359883766553885e+00 2.462947717932042924e+00 3.992342362049233984e+00 7.524210505056857512e-01 5.143847154196802762e+01 5.244315797847115590e+01 4.535503383457130866e+01 7.500000000000000000e+01
3.049342359043540007e+00 1.268186423022009013e+00 3.157229337446776807e+00 6.713662096147461344e-01 5.749314357966005673e+01 5.765569467710634655e+01 5.184527713121449466e+01 3.100000000000000000e+01
4.708744037929928794e+00 3.092203890979945413e+00 4.136419913749652011e+00 7.313842637643371836e-01 4.858980112527989093e+01 4.516179480848145289e+01 4.533208264039225810e+01 9.500000000000000000e+01
4.242640687119289211e+00 4.196632138013657531e+00 3.188521078284832111e+00 1.197285507520596370e+00 5.582256829945656307e+01 5.309313812159970780e+01 4.834484427420862573e+01 1.800000000000000000e+01
3.681199371346909111e+00 1.636916616199964203e+00 3.586066561034585654e+00 6.266273488223595978e-01 5.306983110353789357e+01 4.816195686117686137e+01 4.629026483920720381e+01 5.200000000000000000e+01
4.143866428019014059e+00 2.656166341360320704e+00 3.557892581156127942e+00 7.126712018558292172e-01 5.070891001792728048e+01 4.988864648850894667e+01 4.687477469428451826e+01 7.200000000000000000e+01
3.772614890255407083e+00 2.305889606551658755e+00 3.715798644558014452e+00 7.586185038842094830e-01 6.523736834123386075e+01 6.683317739454575701e+01 5.850397934054650051e+01 4.600000000000000000e+01
2.753890095584595077e+00 1.193957295480735370e+00 2.692464167889011772e+00 5.833941653251814019e-01 4.848564608208598514e+01 4.868285367081718817e+01 4.345161459482614674e+01 5.600000000000000000e+01
3.219945951090183112e+00 1.503013218144988894e+00 3.174055417739211293e+00 5.618642404975193738e-01 5.922491784796174130e+01 5.991751652426518859e+01 5.227718699456099216e+01 9.600000000000000000e+01
3.605677301795832346e+00 2.197407415661211783e+00 3.199199319844471479e+00 7.009523601957174943e-01 5.243206113204958285e+01 5.274983781011795969e+01 4.805395605721827934e+01 5.100000000000000000e+01
3.541248539327919165e+00 1.322661464746632376e+00 3.234329850887994073e+00 5.839872072686133064e-01 4.936449049155913826e+01 4.366366122897395741e+01 4.483050501678644650e+01 4.100000000000000000e+01
4.545417941435502485e+00 2.487640044313553567e+00 3.667273210703360764e+00 5.291994232720261815e-01 4.959136266521824155e+01 4.867988301545126717e+01 4.570125007191285960e+01 9.800000000000000000e+01
4.506039202389207965e+00 2.482519783234438115e+00 3.831055305535020938e+00 5.949767148080725709e-01 5.986417894707342668e+01 6.519701852872223924e+01 5.431551579804279584e+01 9.800000000000000000e+01
3.308641206573625926e+00 2.098637749003756880e+00 3.187154366329734589e+00 6.316961661945530437e-01 6.779388754504472558e+01 7.409278890606984191e+01 6.131303606310778775e+01 3.400000000000000000e+01
3.698735554479280374e+00 2.381155313701548870e+00 3.352193592224104179e+00 5.963266408205721847e-01 5.957885667267926522e+01 6.295210656115532544e+01 5.558165151571794382e+01 5.900000000000000000e+01
3.571228949630101290e+00 1.973399125773712237e+00 3.162454924262821265e+00 6.863000189232616455e-01 5.475389726221570186e+01 6.266476389231781496e+01 5.180519275046269456e+01 4.700000000000000000e+01
2.656463205291951457e+00 9.963070538709988266e-01 2.831493628444481381e+00 9.613189353190078057e-01 4.579958572247211634e+01 4.565358792232510154e+01 4.046422146381608798e+01 5.000000000000000000e+01
4.656369658155600888e+00 2.922998017201244636e+00 3.658154360501948421e+00 8.139877905980835715e-01 5.104957347704741011e+01 4.667278221386731474e+01 4.839146417503687303e+01 9.700000000000000000e+01
2.657614620905154990e+00 1.431287270419638658e+00 2.559467697829614696e+00 5.076203145162772046e-01 6.799602942022265495e+01 6.970339051380086914e+01 5.920688029725772594e+01 5.200000000000000000e+01
3.012304071682328388e+00 1.390397682941995949e+00 2.537701902452122127e+00 7.236414140062260580e-01 5.471133332643587721e+01 5.785605472195100418e+01 5.079173634568191886e+01 2.600000000000000000e+01
2.897086754780684448e+00 1.289840864596559999e+00 2.969357816716946097e+00 6.945887872230912530e-01 5.202538667752161672e+01 5.043806846085720252e+01 4.532160400995065430e+01 7.000000000000000000e+01
2.731868492323627162e+00 1.687985918045119327e+00 2.919077603010375110e+00 7.173742341445694670e-01 6.625902953700443732e+01 6.310996780381623950e+01 5.890670881909755252e+01 2.100000000000000000e+01
2.877453773099832190e+00 1.103422859222889407e+00 3.000008467436356518e+00 8.601078259359711264e-01 4.480102839064715425e+01 3.805401693938160435e+01 3.983266161995069865e+01 6.400000000000000000e+01
3.001219632908065815e+00 1.544409867589676910e+00 3.049849381933321446e+00 6.011071144694585255e-01 6.101347590346839667e+01 5.780188949981319979e+01 5.348031513956966165e+01 7.900000000000000000e+01
2.790909788029943162e+00 1.681829550368829196e+00 2.782435518802437890e+00 5.405514401683236825e-01 7.135611738721594577e+01 7.351206952293210861e+01 6.140935893933843914e+01 6.400000000000000000e+01
3.979535212432705915e+00 2.402554391502846443e+00 3.584148878060134269e+00 6.965337975081377087e-01 6.056054492443693960e+01 6.215633343407124300e+01 5.455931035223891001e+01 6.400000000000000000e+01
2.592561574380472855e+00 1.089095219258604974e+00 2.651063199613672872e+00 1.038698509626085231e+00 6.251463341875287227e+01 6.551059431144152256e+01 5.611656760696535429e+01 1.900000000000000000e+01
3.145311414082249346e+00 1.363967557268363828e+00 3.227740502429375713e+00 6.791264325053807394e-01 5.493694686774884417e+01 5.532980227320972944e+01 4.865396351411051512e+01 9.500000000000000000e+01
3.281986574915782828e+00 2.083183812111088606e+00 3.036136768857517598e+00 6.872393530291138752e-01 5.342698448133950251e+01 6.193944597022431964e+01 4.937618362685106632e+01 1.000000000000000000e+02
3.592210583385663902e+00 2.093566068765788213e+00 3.492981093587045116e+00 6.231181264939901210e-01 5.781182457846523448e+01 5.276558570729736886e+01 5.148114997778303348e+01 4.300000000000000000e+01
3.817425773410567658e+00 1.971822882260601872e+00 3.545060293690112108e+00 6.076006030132069524e-01 5.422166226321720472e+01 5.223469209357970300e+01 4.775615456323258456e+01 5.900000000000000000e+01
4.488945732776474351e+00 2.636546071435419414e+00 3.281996418583362107e+00 6.376629617942954908e-01 5.797588196832054308e+01 5.914122255338920553e+01 5.113829636588736349e+01 9.400000000000000000e+01
3.226626394331351122e+00 1.822294572266253132e+00 3.024616645170579599e+00 6.703775367746750424e-01 4.764987034699284152e+01 4.810717341967443161e+01 4.419018866641919630e+01 9.700000000000000000e+01
4.227569609946699281e+00 2.687979456228575259e+00 3.762993087135342751e+00 7.092088380331681430e-01 5.177601615786971223e+01 4.379088350855717948e+01 4.765668653090335738e+01 7.400000000000000000e+01
4.448160248557694985e+00 2.379744784291232929e+00 3.885307560797746529e+00 6.687253710719682775e-01 4.870858118937746895e+01 4.749792709666931501e+01 4.416596490733881097e+01 8.200000000000000000e+01
3.522514786886878024e+00 2.240541967209408902e+00 3.263841647628671794e+00 7.022871254942959496e-01 5.549432786875181023e+01 5.758636493561400727e+01 5.091856607065076190e+01 4.900000000000000000e+01
4.898979485566356651e+00 3.933807106778481000e+00 3.565709706956768699e+00 8.584801644917021690e-01 5.745352014389661122e+01 5.739117916560919497e+01 5.431256694498519977e+01 2.400000000000000000e+01
4.261553070848138169e+00 2.072491289140905746e+00 3.708286239667194728e+00 5.099442917959541299e-01 5.745671666813741751e+01 6.326359066260611996e+01 5.289760021729122741e+01 8.700000000000000000e+01
3.111482994937477820e+00 1.624345755750034925e+00 2.946385486487299143e+00 5.051071040685531921e-01 6.459250449917753656e+01 6.859275182387126790e+01 5.803520514071765746e+01 9.000000000000000000e+01
4.204150995744988961e+00 2.042838676441269374e+00 3.443863043121274448e+00 8.286839340514230434e-01 5.048264048930380454e+01 5.069276179884103328e+01 4.583696144486966517e+01 6.600000000000000000e+01
3.714471242937834816e+00 2.380716798213148078e+00 3.407305511758373484e+00 6.285147891568535483e-01 5.903925119355652384e+01 6.271374305709552033e+01 5.361308418786175878e+01 5.000000000000000000e+01
3.144439048693126182e+00 9.573751756575503702e-01 3.214780908311455576e+00 9.162634925662762608e-01 5.513375840551969276e+01 4.606761767576492161e+01 5.041978315331434857e+01 3.000000000000000000e+01
5.196152422706637353e+00 3.679923986692584581e+00 4.232808366400098166e+00 7.641297064870150590e-01 5.212627037122895501e+01 5.078672671299383978e+01 4.838434341746197731e+01 2.700000000000000000e+01
4.582575694955843382e+00 2.728247246689465388e+00 3.525417908358018160e+00 7.074729747117892709e-01 6.080745885411506890e+01 6.563171034007437754e+01 5.755193730301448340e+01 2.100000000000000000e+01
3.773499377034266633e+00 1.888553063551928313e+00 3.571228949630102179e+00 6.605741193672995948e-01 5.541715970877049813e+01 5.925167794478488759e+01 4.952350934334428700e+01 5.600000000000000000e+01
4.638372036639452745e+00 2.541843576105686786e+00 4.090295581015123361e+00 6.358941238070228152e-01 4.860664975868499482e+01 4.908581628714583900e+01 4.426146200499854189e+01 8.700000000000000000e+01
2.985036660151763943e+00 1.426562000249141482e+00 3.052737962870447408e+00 7.415740514571689257e-01 5.248395546371469322e+01 4.615927627190772142e+01 4.709465139225166297e+01 7.900000000000000000e+01
3.401936372018644850e+00 2.053261091673517669e+00 3.116386929860295751e+00 7.367204850093130863e-01 6.283408204804112529e+01 6.890382767670737962e+01 5.892077849792760702e+01 3.900000000000000000e+01
4.117438377219367673e+00 2.478780924903814853e+00 3.566460280848624098e+00 6.639067138894009235e-01 4.928137731101737273e+01 4.343098173403144813e+01 4.557609978732221379e+01 7.300000000000000000e+01
2.967656661827547726e+00 1.662938649832740090e+00 2.821212796985080651e+00 5.680665657113121991e-01 5.923842940025945580e+01 5.385106270668065065e+01 5.066380453151266039e+01 8.700000000000000000e+01
3.167344881116935795e+00 2.132252011911735412e+00 3.187883881974931111e+00 7.799439914899674031e-01 5.995124983993029844e+01 5.981682147585635789e+01 5.564050815026429575e+01 9.400000000000000000e+01
4.501091796940465350e+00 2.686371169044613261e+00 4.030201813053538196e+00 6.747483931991327122e-01 6.379125525738307090e+01 6.926862330023867287e+01 5.837135053274446506e+01 8.000000000000000000e+01
4.498202767993079831e+00 2.469894655213658030e+00 3.777192761035661928e+00 6.156278884863577439e-01 4.924974627346657030e+01 4.420453043112723179e+01 4.625183728429053787e+01 9.600000000000000000e+01
2.977462798433075708e+00 1.579996248155038918e+00 3.118461515819203278e+00 6.817312179385552895e-01 5.884344428871366972e+01 5.739186226537076863e+01 5.203608806309555490e+01 7.400000000000000000e+01
2.903937874742888781e+00 1.647948270091830647e+00 2.840647458919725032e+00 7.395293069409459852e-01 5.456161560545279343e+01 5.266459290453340714e+01 5.050069885542824011e+01 6.700000000000000000e+01
4.367318513095866273e+00 2.741630109470497345e+00 4.293480858015806589e+00 6.941755516384856550e-01 5.805697051333513770e+01 6.153800990097230539e+01 5.347465382116899235e+01 8.100000000000000000e+01
2.809131971807520056e+00 1.127602775880732988e+00 3.004044871674087069e+00 9.273619770503624959e-01 5.472659868519493642e+01 5.301889904411035559e+01 4.810362050354066099e+01 6.000000000000000000e+01
4.588947512607205681e+00 2.057753013515464691e+00 4.050738979895354142e+00 6.995896556528226062e-01 4.498258258490168515e+01 3.981715776392969985e+01 3.983065775149371746e+01 9.800000000000000000e+01
2.988939179648321343e+00 1.658105756192871150e+00 2.796791387816569330e+00 1.180437441627872452e+00 6.900926088587378615e+01 7.380102569181181593e+01 6.082370224056838737e+01 2.900000000000000000e+01
2.859240576472156903e+00 8.817280279928864095e-01 2.932007962365084985e+00 7.663446624959833198e-01 5.636073807214302178e+01 5.937898513140384438e+01 5.166969884502936594e+01 6.200000000000000000e+01
4.553629150205687814e+00 2.657344952586461417e+00 4.083372255180440114e+00 7.187594322464652130e-01 4.420562482334247534e+01 3.813796318123436890e+01 4.149953221841012407e+01 1.000000000000000000e+02
3.622708154272396452e+00 2.063464445630684541e+00 3.320975612181220615e+00 5.543654149117556162e-01 5.565335200843905739e+01 5.927594478822643254e+01 4.979129818790863737e+01 4.600000000000000000e+01
3.872983346207419242e+00 2.114250004591901710e+00 3.240370349203930189e+00 7.985139019669160731e-01 7.519174264411259401e+01 7.766704174139583472e+01 6.826417978335678072e+01 1.500000000000000000e+01
3.876680894240238207e+00 2.161662212168877772e+00 3.227786730134515558e+00 5.549844863595050359e-01 5.155643491575534654e+01 4.853205519007298108e+01 4.772858290139976134e+01 6.600000000000000000e+01
4.484094330632777847e+00 2.385262601482189382e+00 3.890354715284699338e+00 6.843205977798936246e-01 4.554062151840660277e+01 4.447701994772064893e+01 4.248104541047927540e+01 9.500000000000000000e+01
2.780174282974972932e+00 1.352349757600390223e+00 2.640470880788230001e+00 5.886566676626500128e-01 5.239329257050145827e+01 5.105751744096918543e+01 4.461879493029601917e+01 6.600000000000000000e+01
2.694639822959020048e+00 1.179971158710729773e+00 2.782485238806302164e+00 5.539053137742910859e-01 5.880221153823715952e+01 5.901609085136647792e+01 5.395295149503765941e+01 5.800000000000000000e+01
3.419588170618613532e+00 2.221364145891368214e+00 3.215613166256621192e+00 6.064570792213965778e-01 6.590621332502985297e+01 6.670850318635589815e+01 5.774065808723007365e+01 4.300000000000000000e+01
4.475500480125363723e+00 2.392190105823472912e+00 4.069986700383043221e+00 5.759267406165247127e-01 4.946613500639259087e+01 5.227134942996367784e+01 4.498313906772980175e+01 8.500000000000000000e+01
4.005355402209732851e+00 1.989349445767933933e+00 3.798794845222627004e+00 5.295884386064763083e-01 5.423396715639028542e+01 5.464178929239113103e+01 4.947176153431805545e+01 6.300000000000000000e+01
4.497995856941373383e+00 2.622484875874419252e+00 3.828083727679466364e+00 6.207562288421939467e-01 4.910775933485044220e+01 4.163388025844565021e+01 4.440014231571175429e+01 9.700000000000000000e+01
3.024252145332220199e+00 1.531259359514447693e+00 3.042765522053064942e+00 5.469976027611930247e-01 6.186600117308735491e+01 6.379938758887028882e+01 5.443945466735165439e+01 8.000000000000000000e+01
5.196152422706634688e+00 3.219013263932341218e+00 4.020779360604938901e+00 6.876211080810576970e-01 5.441119343443784118e+01 4.776437292576236615e+01 5.136645317782230080e+01 2.700000000000000000e+01
3.205913482455121422e+00 1.716255153146881263e+00 3.089820435344533323e+00 8.824682110149265624e-01 5.503369587715064881e+01 5.414756462479183341e+01 5.192159737840808020e+01 3.200000000000000000e+01
4.037096957184169277e+00 2.134114814415605466e+00 3.408204886568872105e+00 6.270406318140636648e-01 6.186432312981794723e+01 6.239941733172270943e+01 5.393258855621004955e+01 6.600000000000000000e+01
4.141777446267920659e+00 2.730979630259052549e+00 3.316089979941657440e+00 5.949420133485040507e-01 6.307693421998432370e+01 6.676539556283542254e+01 5.806001864427830839e+01 6.400000000000000000e+01
3.660041140215774202e+00 1.190038182413302170e+00 3.100621313960626679e+00 7.071293133533681496e-01 5.366326223450324306e+01 5.286729381437868369e+01 4.791544925259133691e+01 4.900000000000000000e+01
2.770261746883892595e+00 1.554225770988791222e+00 2.747736303390620805e+00 8.167395998717400518e-01 5.519656790056259155e+01 5.751900390151519815e+01 5.073385613788216375e+01 2.200000000000000000e+01
4.122255740885676367e+00 2.438428501906862778e+00 3.249926962164198407e+00 7.131963797596739818e-01 5.985118534103851573e+01 6.719671592507982893e+01 5.479437674011714421e+01 6.300000000000000000e+01
