3.012304071682328388e+00 1.458493022435697783e+00 3.414642396185552098e+00 7.415968649570422455e-01 6.053685897435898511e+01 6.197916666666667140e+01 5.088823126798229168e+01 2.600000000000000000e+01
3.872983346207419242e+00 2.645751311064588496e+00 4.513462765199979465e+00 7.381784909027639952e-01 6.191919191919190979e+01 5.404040404040403445e+01 5.060875577835699346e+01 1.500000000000000000e+01
2.607333962150941264e+00 1.054777503955774742e+00 3.121819213010320837e+00 5.978106127821413152e-01 7.056932966023875053e+01 7.222222222222221433e+01 5.446387077969333745e+01 4.400000000000000000e+01
3.974267717036507275e+00 2.013846284118688601e+00 4.829178890331738749e+00 6.214979581316277812e-01 6.014835858585858830e+01 5.858585858585858119e+01 4.927898598592135215e+01 6.400000000000000000e+01
3.186150656180931406e+00 1.957998511473517222e+00 3.316335579685412593e+00 6.815262743306164106e-01 5.875420875420874722e+01 5.707070707070709403e+01 5.274562514764808441e+01 9.900000000000000000e+01
4.484034038742907846e+00 2.700127127875394439e+00 4.684325103905832677e+00 6.986582521534403512e-01 5.505357142857142350e+01 5.371428571428571530e+01 4.994935467992078060e+01 9.600000000000000000e+01
2.895846236466803170e+00 1.359707130679142395e+00 3.337491523849253738e+00 7.249528581500808144e-01 6.190476190476191931e+01 6.375661375661375985e+01 5.113126199801947536e+01 7.200000000000000000e+01
3.741657386773943994e+00 2.236067977499784032e+00 3.920563862181595916e+00 6.433776748268157375e-01 6.914285714285713880e+01 6.825000000000000000e+01 5.353587052665903911e+01 1.400000000000000000e+01
3.882714733527316220e+00 1.597849332327747174e+00 4.682389867802167593e+00 6.853226766267582759e-01 5.528691166989037242e+01 5.505050505050505194e+01 4.510518866097825708e+01 4.700000000000000000e+01
3.875700059961416866e+00 1.925899902654523821e+00 4.799473719128293681e+00 6.236203744557207163e-01 6.400742115027830437e+01 6.616161616161616621e+01 5.350318476730006978e+01 4.900000000000000000e+01
3.622708154272396452e+00 2.396233101229763740e+00 3.926737804373189533e+00 7.638478350003752304e-01 5.567391304347826519e+01 5.950000000000000000e+01 4.961920854278417181e+01 4.600000000000000000e+01
3.722639043638332090e+00 2.226958508013303195e+00 4.095349473077280145e+00 6.570249273071513407e-01 6.813397129186601830e+01 7.315789473684210975e+01 5.828665336774029981e+01 4.400000000000000000e+01
4.190128201233447314e+00 2.375017424789516607e+00 4.474862836037970304e+00 6.994439698337584499e-01 5.675883256528415899e+01 5.873015873015871335e+01 5.003168137775789859e+01 6.200000000000000000e+01
3.139168725830375095e+00 1.867615237195697109e+00 3.495818566704405050e+00 6.633024913828029501e-01 5.988766980146289853e+01 6.494252873563216610e+01 5.247459919773355352e+01 8.800000000000000000e+01
4.455562531356047629e+00 2.598127664567764672e+00 5.176906086687846020e+00 6.654931649698212492e-01 5.469208211143695308e+01 5.404040404040406287e+01 4.833337386159285387e+01 9.300000000000000000e+01
3.213996120113548738e+00 1.442950614094772765e+00 3.546468897005835785e+00 6.540662987821488361e-01 6.283617212012550368e+01 6.032608695652172059e+01 5.201794741539096378e+01 9.700000000000000000e+01
4.166033637944709156e+00 2.431530510863933348e+00 4.716551978257165878e+00 6.754650353741054047e-01 5.341333716585226199e+01 5.663265306122450227e+01 4.615846637186965040e+01 7.100000000000000000e+01
3.183547822946893202e+00 1.393517285423690799e+00 3.674657963264283733e+00 5.829941265287358343e-01 6.133057362507393151e+01 6.263157894736841769e+01 5.012841866646694911e+01 8.900000000000000000e+01
3.935517826162105326e+00 1.793995006906702550e+00 4.596308349105730606e+00 6.764502488622827769e-01 5.504687500000000000e+01 4.950000000000000000e+01 4.497722193340351993e+01 6.400000000000000000e+01
3.060083306070672915e+00 1.267076605229715769e+00 3.628388259085155720e+00 7.089694998002998849e-01 5.666666666666666430e+01 5.333333333333333570e+01 4.407346356968422185e+01 3.000000000000000000e+01
3.238826796048297929e+00 1.728624285735324451e+00 3.365138023371015308e+00 5.294609793092845962e-01 6.317817348745183637e+01 6.767676767676768179e+01 5.257160877490131412e+01 9.700000000000000000e+01
3.167344881116935795e+00 1.488073589752303416e+00 3.416211243706363643e+00 6.574557960738768303e-01 4.788297872340424988e+01 4.550000000000000000e+01 3.937709790243915364e+01 9.400000000000000000e+01
2.745871480159722822e+00 1.526990959140530402e+00 3.455749128187536545e+00 7.182652367652702097e-01 5.644915254237287883e+01 5.950000000000000000e+01 4.745262805293647546e+01 5.900000000000000000e+01
4.161049260105758485e+00 1.574117695107443149e+00 4.891669056462574439e+00 7.294632473362362424e-01 5.412400865176640252e+01 5.210526315789473983e+01 4.355475840308810831e+01 7.300000000000000000e+01
4.123105625617661474e+00 2.645751311064584943e+00 4.509451036986271255e+00 6.682375792988112240e-01 6.538235294117646390e+01 6.950000000000000000e+01 5.201306704407442538e+01 1.700000000000000000e+01
3.046601267807088842e+00 1.628990834537230370e+00 3.420867723196471033e+00 6.681382963151407672e-01 5.848795180722891729e+01 5.550000000000000000e+01 4.909300867588481765e+01 8.300000000000000000e+01
2.645751311064591160e+00 1.414213562373093813e+00 3.670192393194573022e+00 6.308576947839812377e-01 8.521428571428570820e+01 9.950000000000000000e+01 6.670213481996452742e+01 7.000000000000000000e+00
3.614568840499015501e+00 1.338581003663012803e+00 4.547293544166156387e+00 6.350717694041299044e-01 6.210377768128528686e+01 5.663265306122450227e+01 4.839691377113754811e+01 4.700000000000000000e+01
3.213996120113549626e+00 1.257259040357103563e+00 3.491816979031858281e+00 6.742572102888886310e-01 4.838269786723394361e+01 4.021164021164020852e+01 3.987129876671252049e+01 9.700000000000000000e+01
4.161049260105758485e+00 2.341474775903914729e+00 4.719282840691541026e+00 6.204735865090110769e-01 6.141050730091826182e+01 6.483516483516483220e+01 5.201314841549688595e+01 7.300000000000000000e+01
3.425207707331789919e+00 1.531770659277582824e+00 4.074492167681269983e+00 6.059488836045847648e-01 6.105442176870749194e+01 6.020408163265307877e+01 4.811706444832938701e+01 4.200000000000000000e+01
3.971233272358802857e+00 2.211274975117816233e+00 4.637671787453188088e+00 6.869064009356725675e-01 5.646551724137930961e+01 5.550000000000000000e+01 4.983514746474195789e+01 5.800000000000000000e+01
4.358898943540674864e+00 3.316624790355394481e+00 4.692648613469494911e+00 7.369778596557567951e-01 6.183535762483131748e+01 5.333333333333333570e+01 5.111019139511211051e+01 1.900000000000000000e+01
3.246342483567906001e+00 1.060133441978362123e+00 3.854537011533365920e+00 6.625721381278191213e-01 5.404040404040402734e+01 4.949494949494948770e+01 4.447192580406338180e+01 1.000000000000000000e+02
4.582575694955843382e+00 2.828427124746187182e+00 4.975192408341865935e+00 6.510170334262189717e-01 6.919191919191919737e+01 7.222222222222221433e+01 5.604988810560337953e+01 2.100000000000000000e+01
4.242640687119288323e+00 2.645751311064586275e+00 4.620813450500542707e+00 6.979527628937614026e-01 6.950000000000000000e+01 6.950000000000000000e+01 5.635070761858357002e+01 1.800000000000000000e+01
3.162277660168380855e+00 2.236067977499788029e+00 3.584136774463193564e+00 6.429704196150854978e-01 7.806122448979593287e+01 8.520408163265307167e+01 6.242415032962851029e+01 1.000000000000000000e+01
3.041351136814771650e+00 1.782602457966002918e+00 3.365958484152172137e+00 6.564927693106050732e-01 6.114734299516906191e+01 6.611111111111112848e+01 5.292649377610106853e+01 9.200000000000000000e+01
3.741657386773942218e+00 2.645751311064584943e+00 4.725072749977051956e+00 7.340962863825531981e-01 6.767676767676768179e+01 8.131313131313130782e+01 5.655905983774759704e+01 1.400000000000000000e+01
2.810524248303257977e+00 1.075181611119930603e+00 3.482915813262378535e+00 6.912823924379007945e-01 5.227272727272728758e+01 4.949494949494949481e+01 4.051063525117636033e+01 6.200000000000000000e+01
3.872983346207419242e+00 2.828427124746183630e+00 4.065101398672628541e+00 7.065946401922340581e-01 6.750000000000000000e+01 6.950000000000000000e+01 5.499605371329263903e+01 1.500000000000000000e+01
2.950453320864919071e+00 1.289654966774528955e+00 3.298807538215178248e+00 5.849948747145931049e-01 6.434162597845461562e+01 6.417112299465239289e+01 5.173205634118254892e+01 6.900000000000000000e+01
4.815337814510820102e+00 2.553413978897430159e+00 5.662344676565861157e+00 7.515866983480784524e-01 5.508523472331498283e+01 4.585365853658538526e+01 4.931968403551103108e+01 9.300000000000000000e+01
3.138661647567555502e+00 1.797452875099825764e+00 3.371645750413343467e+00 7.507039530142834982e-01 5.052373158756135041e+01 4.307692307692306599e+01 4.434937981509410321e+01 9.400000000000000000e+01
3.125190499361762519e+00 1.262305278025367405e+00 3.342859251726236991e+00 7.870523444548106484e-01 4.556471764117940637e+01 4.080459770114941875e+01 3.805995805257570197e+01 9.200000000000000000e+01
3.499783313405557372e+00 1.095958226385217449e+00 4.628960453250792639e+00 7.456046862017292609e-01 5.505776636713735428e+01 5.210526315789473983e+01 4.613260621792546345e+01 4.100000000000000000e+01
4.064974766093412128e+00 2.388892711064465768e+00 4.161621231681938760e+00 7.206576222029542622e-01 6.218115942028985899e+01 6.450000000000000000e+01 5.116339412129169517e+01 6.900000000000000000e+01
4.159190787865990835e+00 2.831873780473938673e+00 3.881279757802170494e+00 8.297812015389599560e-01 6.048823016564950450e+01 6.432432432432429437e+01 5.644076010521774123e+01 6.200000000000000000e+01
3.162409397038776326e+00 1.820640045648466376e+00 3.687122843996426980e+00 6.602418239943228517e-01 6.215773809523810201e+01 6.197916666666667140e+01 5.156475094766660305e+01 3.500000000000000000e+01
3.156873059995308317e+00 1.771828190274158166e+00 3.631096612569845838e+00 6.558599139446489312e-01 6.511217948717948900e+01 6.615384615384614619e+01 5.339242675028786067e+01 3.200000000000000000e+01
6.557438524302006577e+00 4.898979485566349545e+00 6.911111768437816494e+00 7.714832723633971989e-01 5.528485295927156784e+01 5.132275132275130858e+01 4.976339896150260245e+01 4.300000000000000000e+01
3.764138773761809720e+00 1.911286891265424170e+00 5.020906376039196317e+00 6.055926521752451608e-01 6.793466580700625457e+01 7.171717171717173755e+01 5.642898676535096314e+01 4.700000000000000000e+01
1.999999999999999778e+00 9.999999999999992228e-01 3.151233327493057956e+00 6.495944985364007218e-01 9.950000000000000000e+01 9.950000000000000000e+01 8.163179109928695709e+01 2.000000000000000000e+00
5.196152422706634688e+00 2.449489742783174773e+00 6.420464131733923274e+00 5.816755916756887190e-01 6.301994301994302106e+01 6.871794871794871540e+01 5.049538026219354236e+01 2.700000000000000000e+01
4.480433695966822505e+00 2.921076369554443719e+00 4.090963974932744662e+00 7.661939802050098391e-01 4.895833333333333570e+01 4.010416666666667140e+01 4.136449967915159931e+01 8.400000000000000000e+01
4.098185069980794459e+00 2.550698999835921299e+00 4.395494287017545965e+00 7.156136884990033087e-01 5.616970926301555522e+01 5.114942528735630844e+01 5.075642994680989517e+01 6.800000000000000000e+01
4.276938399964752335e+00 2.489544845995551370e+00 4.558942082499378934e+00 6.690432826073027250e-01 5.442460317460317043e+01 5.687830687830685861e+01 4.756809692347105312e+01 8.000000000000000000e+01
3.842929411462881806e+00 1.620656596692761742e+00 4.390987442052431078e+00 5.615179777741532430e-01 5.499811035525322467e+01 5.185185185185186185e+01 4.533107866962019017e+01 5.600000000000000000e+01
4.517416691536549678e+00 2.415474633613518218e+00 5.204866063655342323e+00 6.025185568231152811e-01 6.036866359447004982e+01 6.483516483516483220e+01 5.095174048654609322e+01 9.300000000000000000e+01
4.461542169214011366e+00 2.784797339664095261e+00 5.554968348272433687e+00 6.738682619956860576e-01 6.277142857142856514e+01 6.800000000000000000e+01 5.481947368614665805e+01 1.000000000000000000e+02
3.252073973713928812e+00 1.701628100143786071e+00 3.553061408535894028e+00 6.579584988540874146e-01 5.067866161616162657e+01 4.322916666666667140e+01 4.340606140935796731e+01 9.900000000000000000e+01
4.198174665553779938e+00 2.331235237352800471e+00 5.103279247918926842e+00 6.538816675812421098e-01 5.702426564495528538e+01 6.494252873563216610e+01 5.051063151440641263e+01 8.100000000000000000e+01
6.244997998398400973e+00 3.999999999999993783e+00 7.007491928900955180e+00 7.092476225549562141e-01 6.161986161986163069e+01 6.137566137566138735e+01 5.390476696688531888e+01 3.900000000000000000e+01
3.000000000000001332e+00 1.999999999999994449e+00 3.901109159836517293e+00 7.015568648206903513e-01 7.250566893424037573e+01 8.520408163265307167e+01 5.779294169172866447e+01 9.000000000000000000e+00
2.849957131804448984e+00 1.647585505530394290e+00 3.360049054077364428e+00 6.431436141179643906e-01 6.149196886901803083e+01 6.767676767676768179e+01 5.179346798247790673e+01 6.100000000000000000e+01
4.898979485566356651e+00 3.316624790355399366e+00 6.169242008917249720e+00 7.712276178753378897e-01 5.968013468013468525e+01 6.060606060606060908e+01 5.181924924813482392e+01 2.400000000000000000e+01
4.624908368702248751e+00 2.950199590808719297e+00 4.946367287215778674e+00 7.104132712428326002e-01 5.790683229813664212e+01 5.657142857142856940e+01 5.145960539250062027e+01 9.200000000000000000e+01
2.699841108612897944e+00 1.050480468452381411e+00 3.253548443058791317e+00 7.130418400220370767e-01 6.107894736842105488e+01 4.950000000000000000e+01 4.663240553866341997e+01 1.900000000000000000e+01
3.124139231977231645e+00 1.359707130679142173e+00 3.769956190388059625e+00 6.124358232997684226e-01 7.394444444444444287e+01 7.950000000000000000e+01 5.753046290360529724e+01 2.700000000000000000e+01
3.525464797724547239e+00 2.250151742440450242e+00 3.779975593108860554e+00 6.760681918603024254e-01 6.748987854251011242e+01 7.842105263157894512e+01 5.726503610282490797e+01 3.900000000000000000e+01
7.483314773547888876e+00 5.477225575051647866e+00 7.929692439438531082e+00 8.341303045533063898e-01 5.293436293436292317e+01 5.081081081081079276e+01 5.006081119252211664e+01 5.600000000000000000e+01
4.206545368275142138e+00 2.802808901070348302e+00 4.545454312793781426e+00 7.402111698794481276e-01 5.846261846261843687e+01 6.432432432432429437e+01 5.270052026840791370e+01 7.700000000000000000e+01
4.523106358745130784e+00 2.255139598609653628e+00 5.808031490739117508e+00 5.315550408917583125e-01 6.204670329670328499e+01 6.483516483516483220e+01 5.235767359731448067e+01 8.000000000000000000e+01
3.156873059995308317e+00 1.982426651350084557e+00 3.459918495948168360e+00 6.653846139876787857e-01 6.549479166666667140e+01 6.822916666666667140e+01 5.449616657311015189e+01 3.200000000000000000e+01
3.132909036273698433e+00 1.775031892084210972e+00 3.818416090390444495e+00 7.466162934379942939e-01 5.206568712186688686e+01 4.564102564102562809e+01 4.681662599055555063e+01 8.900000000000000000e+01
4.350714922217474800e+00 2.361779648622864158e+00 4.631012504069799363e+00 7.440101346671500471e-01 4.503267973856209494e+01 3.470588235294116686e+01 3.956440192276560452e+01 9.000000000000000000e+01
4.492389051667881716e+00 2.945992269086439741e+00 4.464011221694630827e+00 7.832015440323778499e-01 5.521428571428571530e+01 6.450000000000000000e+01 5.159881380083060520e+01 7.700000000000000000e+01
2.731868492323627162e+00 1.488332182846483720e+00 3.278402267661733926e+00 6.328673761252897600e-01 7.092352092352092541e+01 7.222222222222221433e+01 5.672015546356605853e+01 2.100000000000000000e+01
3.125190499361762519e+00 1.232754827708233414e+00 3.578544202762620419e+00 6.667586367527913449e-01 4.902395740905059540e+01 4.413265306122449516e+01 4.079475321068765936e+01 9.200000000000000000e+01
3.605551275463990013e+00 1.999999999999995337e+00 3.914229161864435369e+00 5.347688030413092486e-01 8.411033411033412222e+01 8.282828282828283761e+01 6.371263125142923656e+01 1.300000000000000000e+01
3.242082183767910131e+00 2.078815693658659480e+00 3.586368031336808038e+00 6.691976238905605889e-01 6.857638888888887152e+01 8.697916666666667140e+01 5.866024227165709704e+01 3.600000000000000000e+01
4.244627958928964162e+00 2.431184902034973838e+00 4.422920769109948580e+00 5.877680479771937305e-01 6.464646464646465063e+01 6.767676767676768179e+01 5.449826629752638496e+01 7.500000000000000000e+01
2.888761655155171582e+00 1.761264981761149873e+00 3.251356446356436170e+00 7.177235456263778568e-01 5.691912108461897901e+01 6.075268817204298699e+01 5.034935482851347643e+01 6.900000000000000000e+01
3.802933097036470755e+00 2.213911337624105080e+00 4.292218366404608076e+00 7.616862305414527912e-01 5.588867654085043313e+01 4.945054945054945250e+01 5.020456661497406969e+01 4.600000000000000000e+01
2.911758437705232794e+00 1.603908336003683655e+00 3.527439788392619402e+00 6.221901492694184022e-01 6.836946836946836470e+01 7.252747252747252560e+01 5.767375573496762087e+01 7.400000000000000000e+01
3.015002718625761968e+00 1.825600113459643348e+00 3.268005727521309023e+00 6.538927822048586913e-01 6.051464063886424327e+01 6.913265306122450227e+01 5.383589826407539647e+01 9.200000000000000000e+01
3.060659416775750596e+00 1.796881924936355679e+00 3.506746319171996085e+00 7.574969741694788095e-01 4.849942726231387269e+01 4.388888888888889994e+01 4.148319583996611470e+01 9.700000000000000000e+01
4.690415759823431507e+00 3.872983346207415245e+00 4.979203356567821537e+00 7.985235842164916109e-01 5.641711229946524497e+01 4.946524064171121893e+01 4.878484782580817836e+01 2.200000000000000000e+01
4.466481780566758708e+00 2.870296031224898403e+00 4.504458751272478523e+00 7.003880290554270749e-01 5.583912037037038800e+01 5.361111111111112848e+01 5.031856050284051207e+01 9.600000000000000000e+01
3.068843822095698837e+00 1.659396622535678434e+00 2.995368236874530243e+00 6.109608748989013849e-01 6.902281746031746934e+01 7.864583333333334281e+01 5.915088802316383720e+01 8.400000000000000000e+01
3.620214241214072537e+00 2.158570313456790846e+00 3.981422542629446504e+00 6.821356547803286707e-01 5.980963480963479384e+01 6.085858585858585457e+01 5.229769587078928339e+01 5.200000000000000000e+01
3.192561473944483641e+00 1.561603863464670949e+00 3.899503258692045282e+00 6.994253532041715404e-01 4.829411764705883314e+01 4.647058823529411598e+01 4.178882840931734677e+01 1.000000000000000000e+02
3.936065737309925261e+00 2.456062735992397439e+00 4.051910753265740794e+00 6.410076115740456215e-01 6.350000000000000000e+01 7.150000000000000000e+01 5.536472432150301159e+01 6.500000000000000000e+01
4.085754434123333390e+00 2.095050674470662955e+00 5.134095952122536666e+00 6.356814092634488489e-01 6.018075491759702089e+01 6.313131313131312083e+01 5.007153243515977437e+01 5.700000000000000000e+01
3.080024803083043494e+00 1.581694511320326013e+00 3.500062410594016349e+00 6.263058342910654552e-01 6.514652014652016021e+01 6.871794871794871540e+01 5.210125481289986737e+01 2.800000000000000000e+01
3.945411796514901592e+00 2.371060905814634800e+00 4.398829032190075594e+00 7.366359639566560924e-01 5.502645502645501807e+01 5.687830687830685861e+01 4.926197045430436106e+01 5.200000000000000000e+01
3.869045343544090798e+00 2.503500239553647422e+00 4.023905479901201510e+00 7.034064995753169791e-01 5.706862745098039369e+01 5.950000000000000000e+01 4.980483783153629673e+01 5.100000000000000000e+01
4.345494614299107106e+00 2.662924135001021320e+00 4.603920404815410095e+00 7.280972314752149899e-01 5.845238095238094900e+01 6.197916666666667140e+01 5.282739178261529389e+01 7.000000000000000000e+01
2.921971130237307701e+00 1.298442975575697433e+00 3.217730132187871739e+00 7.249426391780184886e-01 5.015477480266212496e+01 4.945054945054945250e+01 4.193256575031828959e+01 7.100000000000000000e+01
2.428268852070726069e+00 1.180096002013640399e+00 3.050522788289101506e+00 5.981179385517791935e-01 6.316239316239315826e+01 6.102564102564102910e+01 5.009832692752733863e+01 3.600000000000000000e+01
3.194275505495154821e+00 1.884029577607003736e+00 3.485429748804111494e+00 6.797043513128916414e-01 5.448232323232324603e+01 5.404040404040406287e+01 4.837606738176097565e+01 9.600000000000000000e+01
3.630258384154714690e+00 1.953657828182349121e+00 3.445862765240278236e+00 5.854772672944481560e-01 6.770423375074537375e+01 7.282051282051281760e+01 5.597849204275134127e+01 4.300000000000000000e+01
3.728020225368731122e+00 1.982797485763175160e+00 3.795612558987190077e+00 6.547096840826556186e-01 5.602516391990076983e+01 5.505050505050505194e+01 4.521556603951660946e+01 5.700000000000000000e+01
3.527908939071410011e+00 1.996948835345088602e+00 4.088211206356912264e+00 6.408299064122159328e-01 6.201904265031954822e+01 6.417112299465239289e+01 5.042989742662471997e+01 4.100000000000000000e+01
3.111497628292656970e+00 1.578777070901286717e+00 3.725704278658245716e+00 6.711690268121121017e-01 5.752472600908849643e+01 5.459770114942527641e+01 4.886588295271597815e+01 8.600000000000000000e+01
3.675458869769216985e+00 2.255548045510096689e+00 4.166424980454514149e+00 6.497140249352714170e-01 7.192609182530794953e+01 7.842105263157894512e+01 6.041274539534665422e+01 4.700000000000000000e+01
4.183848999696628823e+00 2.187104150439800332e+00 4.472853892046456004e+00 5.712380402130186052e-01 5.638844936708860445e+01 5.781249999999999289e+01 4.775564597102085429e+01 7.900000000000000000e+01
4.365161259593099530e+00 2.717609703343085048e+00 4.873296573105685425e+00 6.460176269421973316e-01 6.138147566718993886e+01 6.020408163265307877e+01 5.389557180783806700e+01 9.100000000000000000e+01
4.186352085093772324e+00 2.603187571896399266e+00 4.415960638596915011e+00 7.096486421177982118e-01 5.875951293759510463e+01 5.277777777777777857e+01 5.195434746902063949e+01 7.300000000000000000e+01
4.362988547519047522e+00 2.786518022731217847e+00 4.947445347919066982e+00 6.870458050575348752e-01 5.276190476190475920e+01 5.371428571428571530e+01 4.762061808911852268e+01 9.000000000000000000e+01
6.000000000000004441e+00 4.358898943540673976e+00 6.590406306845248530e+00 7.845936143584153477e-01 5.440821256038647391e+01 5.380434782608694633e+01 4.895948162015998406e+01 3.600000000000000000e+01
3.764474495327352344e+00 2.535387879483546936e+00 3.998545282124204459e+00 6.773261659614061569e-01 6.105324074074075469e+01 5.781249999999999289e+01 5.317337073270143577e+01 6.300000000000000000e+01
4.638372036639452745e+00 2.848572465554864763e+00 5.109134760898404792e+00 7.285712034599788334e-01 5.931034482758624904e+01 5.500000000000002132e+01 5.388009962667394603e+01 8.700000000000000000e+01
4.271410380525042072e+00 2.463264184983952720e+00 4.345724226441571858e+00 7.014421625447678776e-01 4.826558265582655594e+01 4.611111111111110716e+01 4.189923748745887622e+01 8.200000000000000000e+01
3.246342483567906001e+00 1.682932718169300124e+00 3.418047854293602139e+00 7.395719237306458416e-01 5.090476190476191931e+01 4.714285714285715301e+01 4.629679136185892929e+01 1.000000000000000000e+02
4.397184217893486569e+00 2.647251397387578198e+00 4.426748689756060173e+00 6.671943580169088506e-01 5.678253745318352941e+01 5.885416666666667140e+01 4.968563941753625102e+01 8.900000000000000000e+01
4.150960771310121977e+00 2.183480034888817034e+00 4.169025272312034680e+00 6.229740739015561246e-01 5.683333333333333570e+01 5.550000000000000000e+01 4.807769975409478747e+01 7.500000000000000000e+01
3.250733186851362255e+00 1.677070295716691639e+00 3.958321139425545976e+00 7.270591314375765002e-01 5.516098484848485839e+01 4.947916666666667140e+01 4.455940151003886029e+01 3.300000000000000000e+01
4.126515718585547887e+00 2.184455294172077622e+00 4.496404639239895751e+00 6.232952208849884546e-01 6.326546233925287055e+01 6.032608695652172059e+01 5.424942102401735156e+01 7.100000000000000000e+01
3.039224422686808591e+00 1.468590376822583643e+00 3.919132889737805492e+00 6.004462182771420631e-01 5.268694719914230973e+01 5.329670329670329210e+01 4.429800796412846609e+01 8.200000000000000000e+01
3.156731732684372016e+00 1.674779944833200807e+00 3.588183548396828737e+00 6.552049060076277076e-01 6.041416566626651985e+01 5.663265306122450227e+01 4.769947590360598610e+01 3.400000000000000000e+01
3.146864640238643762e+00 1.674481829011787104e+00 3.781303478544126850e+00 6.093071880502121118e-01 5.592185592185590792e+01 5.873015873015871335e+01 4.790902093643568804e+01 9.100000000000000000e+01
3.162277660168380855e+00 2.236067977499785808e+00 3.785122836904182275e+00 7.176781733667384477e-01 7.075000000000000000e+01 7.450000000000000000e+01 5.740619192993913344e+01 1.000000000000000000e+01
4.324435529479012885e+00 2.611711392289843392e+00 4.357682954445207812e+00 6.761977787089260561e-01 5.108187853454635530e+01 4.591836734693878697e+01 4.327885015409099623e+01 8.300000000000000000e+01
4.452435962140310899e+00 2.742980613217921082e+00 4.513406285144774266e+00 7.612482189871425664e-01 4.897897897897897934e+01 4.945945945945943834e+01 4.515534706061701087e+01 9.000000000000000000e+01
3.220461596319148967e+00 1.328643051487604199e+00 3.533741575795988688e+00 6.041127096580867217e-01 5.973015873015872756e+01 5.873015873015871335e+01 5.182844290852425928e+01 1.000000000000000000e+02
4.118689717583293053e+00 2.763051876752791625e+00 4.420119732349825803e+00 7.297625019308704442e-01 5.835139318885448034e+01 5.529411764705883314e+01 5.293808445773674265e+01 7.600000000000000000e+01
2.236067977499790249e+00 9.999999999999993339e-01 3.185924782380140208e+00 6.334935890558354155e-01 8.450000000000000000e+01 7.450000000000000000e+01 6.438074252252731355e+01 5.000000000000000000e+00
3.250627090532878682e+00 1.635819613703825892e+00 3.800890423729846646e+00 5.303299357007152937e-01 6.833281266270955712e+01 7.222222222222221433e+01 5.710735438991614643e+01 9.700000000000000000e+01
3.144439048693126182e+00 1.323338388317937708e+00 4.040023582670918323e+00 7.210493755546711903e-01 6.692307692307690559e+01 6.871794871794871540e+01 5.478351615649028616e+01 3.000000000000000000e+01
3.741657386773943994e+00 2.449489742783170776e+00 4.144287249484190028e+00 6.811614627570529157e-01 7.092352092352093962e+01 8.282828282828282340e+01 5.677404367394046858e+01 1.400000000000000000e+01
4.037096957184168389e+00 2.658809343619838561e+00 3.666527790100090112e+00 7.980163961474725509e-01 5.120167189132705943e+01 4.252873563218390274e+01 4.447528480123564520e+01 6.600000000000000000e+01
3.647362056515620843e+00 2.167306263490797136e+00 4.533650158658925733e+00 7.015016518034093984e-01 5.925999999999999801e+01 6.550000000000000000e+01 5.078376252541728064e+01 5.000000000000000000e+01
4.347674379837427772e+00 2.498429436222989519e+00 5.049047468224951096e+00 5.937356681821159832e-01 6.892530010809581142e+01 7.354497354497353001e+01 5.820637233094688412e+01 9.300000000000000000e+01
3.697052873675665818e+00 2.316177403384265698e+00 3.989554356599817275e+00 6.779192889755448759e-01 6.136046511627906597e+01 5.950000000000000000e+01 5.228274096279204031e+01 4.300000000000000000e+01
3.213996120113549626e+00 1.841313771779504949e+00 3.361070300532515098e+00 6.489126701582136336e-01 6.098045532646048628e+01 6.822916666666667140e+01 5.381952658261933209e+01 9.700000000000000000e+01
2.313587905252997956e+00 1.091493425617896529e+00 2.841182083798817537e+00 6.936840820702071531e-01 6.873076923076924061e+01 6.200000000000000000e+01 5.397519498535617544e+01 1.300000000000000000e+01
3.872983346207420130e+00 2.449489742783175661e+00 4.382090378043628220e+00 6.838768667626669018e-01 6.550000000000000000e+01 6.950000000000000000e+01 5.285896759332479178e+01 1.500000000000000000e+01
4.718963794694730929e+00 2.609356338610606230e+00 5.320146569516134960e+00 6.916009642671318014e-01 5.415436054611311789e+01 5.621621621621618914e+01 4.896543940358392177e+01 9.700000000000000000e+01
2.745877114513820771e+00 1.308956407734578331e+00 3.610855045438479127e+00 6.334410171705184833e-01 5.694792536897801938e+01 5.661375661375662105e+01 4.686639519077215965e+01 5.700000000000000000e+01
1.999999999999999778e+00 9.999999999999992228e-01 3.093358921099170544e+00 6.352133744380948910e-01 9.950000000000000000e+01 9.950000000000000000e+01 8.200533649264733072e+01 2.000000000000000000e+00
4.000000000000001776e+00 2.999999999999994671e+00 4.723343250566228058e+00 7.971993067476158545e-01 6.391025641025640169e+01 6.487179487179487580e+01 5.449736602857168322e+01 1.600000000000000000e+01
3.076875486879865118e+00 1.318296047527313108e+00 3.414682273284850300e+00 6.516791444993338400e-01 5.252340252340253812e+01 4.708994708994709555e+01 4.221725852929383649e+01 7.800000000000000000e+01
3.351650986846505642e+00 2.036188780910940022e+00 3.633736343254277301e+00 6.600327897975237779e-01 6.299877600979192493e+01 6.789473684210526017e+01 5.285093079503336355e+01 4.300000000000000000e+01
2.913455518629364249e+00 1.115619393826087435e+00 3.504671468286456371e+00 7.039353754057772194e-01 5.429292929292928704e+01 5.404040404040403445e+01 4.562520978499264146e+01 7.200000000000000000e+01
3.934937269444980235e+00 2.000105549254344250e+00 3.575794884337990531e+00 5.896942321328196845e-01 6.277178565314159187e+01 6.616161616161616621e+01 5.199405383206484288e+01 5.900000000000000000e+01
3.097529593937714765e+00 1.599901832095973697e+00 3.574146330816486028e+00 7.540000695924518048e-01 4.876262626262625588e+01 3.944444444444443576e+01 4.134678090830422548e+01 8.800000000000000000e+01
4.097340322056273187e+00 2.552012977241587599e+00 4.324424176224574090e+00 7.400129913787616420e-01 6.090629800307220165e+01 6.720430107526880192e+01 5.476524473648959912e+01 6.300000000000000000e+01
3.660041140215774202e+00 1.837998986816997693e+00 4.139704641366784621e+00 6.714667335234164591e-01 5.720470006184292089e+01 5.505050505050505194e+01 4.656099147269931393e+01 4.900000000000000000e+01
2.954176939062777674e+00 1.305678489065224879e+00 3.114074482225407614e+00 6.579176038309664243e-01 5.719865319865319719e+01 5.505050505050505194e+01 4.531156828638593481e+01 7.500000000000000000e+01
4.539920176865565260e+00 2.624254724316557486e+00 4.900650221687851804e+00 7.164908010328701060e-01 5.570830253757084449e+01 6.048780487804880579e+01 4.973518734316976975e+01 9.900000000000000000e+01
3.605551275463990013e+00 1.732050807568874307e+00 4.422885688189734488e+00 6.368206149732537069e-01 6.969230769230769340e+01 7.450000000000000000e+01 5.397961734381379983e+01 1.300000000000000000e+01
3.194275505495156597e+00 1.546726457589519210e+00 3.492663800849134859e+00 6.134809015867731530e-01 5.529651675485008155e+01 5.132275132275130858e+01 4.618341619397929065e+01 9.600000000000000000e+01
2.925545168880547831e+00 1.526556599311595708e+00 3.477317012223926973e+00 6.622059107635501762e-01 6.367669753086418893e+01 6.614583333333334281e+01 5.065224777722883687e+01 2.700000000000000000e+01
3.741657386773942218e+00 2.645751311064584943e+00 4.668848166015301615e+00 7.429320857697419012e-01 6.767676767676768179e+01 8.131313131313130782e+01 5.668919472082263411e+01 1.400000000000000000e+01
2.913455518629363805e+00 1.152132683657005385e+00 3.469869301137793904e+00 7.369073879343852607e-01 5.115740740740741188e+01 4.322916666666667140e+01 4.188104458486817805e+01 7.200000000000000000e+01
4.392379903808730113e+00 2.597323068693897508e+00 4.971113674916663783e+00 6.634806974195727181e-01 5.868055555555557135e+01 6.197916666666667140e+01 5.166516162675621615e+01 9.000000000000000000e+01
3.213209603461809838e+00 1.372012494199616128e+00 3.719648989746433099e+00 6.582468304056505737e-01 5.509320175438595868e+01 5.364583333333332860e+01 4.544873053480653624e+01 9.500000000000000000e+01
4.582575694955843382e+00 2.828427124746188071e+00 4.449457531861162884e+00 6.764533899662704686e-01 6.269841269841269593e+01 5.404040404040403445e+01 4.905573822593473921e+01 2.100000000000000000e+01
3.016264094480647362e+00 1.582139182543979450e+00 3.889851951166789057e+00 6.728278852505485963e-01 5.688657407407409039e+01 5.885416666666667140e+01 5.052604089675077148e+01 8.100000000000000000e+01
4.370745655006454733e+00 2.661026446509976218e+00 4.469270238150352625e+00 6.651572196979168572e-01 5.545219638242894433e+01 5.611111111111111427e+01 4.953029299953162479e+01 8.600000000000000000e+01
3.200902690092426894e+00 1.800681074592554554e+00 3.754097345181554690e+00 7.040188920078940260e-01 5.659572109522225247e+01 5.752688172043009018e+01 5.089760423528097277e+01 9.700000000000000000e+01
3.678985088744505916e+00 1.913801422728974355e+00 4.060334903639969184e+00 6.590167388972527629e-01 5.656521739130434412e+01 5.950000000000000000e+01 4.753428802046870061e+01 4.600000000000000000e+01
4.494783110371046497e+00 2.253563122766458537e+00 5.466622956973628433e+00 6.580757400601239260e-01 5.336313324819071369e+01 5.459770114942527641e+01 4.769176055552443216e+01 8.100000000000000000e+01
3.127871426833606971e+00 1.528841050911670330e+00 3.613934410734445102e+00 5.025239581460299032e-01 6.035525321239607877e+01 6.137566137566138735e+01 4.944709522457954876e+01 9.800000000000000000e+01
3.075415865816912397e+00 1.469500005205081949e+00 3.356788564792974938e+00 5.636709474957721788e-01 5.920138888888888573e+01 6.197916666666665719e+01 4.873585040088718756e+01 8.700000000000000000e+01
4.077719796864712087e+00 2.198155368704115098e+00 4.424518751377023662e+00 7.565592883259308898e-01 5.175164758931667564e+01 4.462365591397848164e+01 4.635953511075025091e+01 6.200000000000000000e+01
2.801398976872422342e+00 1.520248190345421690e+00 3.398398223302018462e+00 6.072526870223469153e-01 7.005176876617774440e+01 7.842105263157894512e+01 5.799435910190972976e+01 6.100000000000000000e+01
4.129431450716623431e+00 1.828238657700938630e+00 5.765118737701524942e+00 8.064345684462994601e-01 5.241554054054053324e+01 5.216216216216214718e+01 4.894356652754419912e+01 6.400000000000000000e+01
3.187592862198447285e+00 1.342379650962104209e+00 3.761684113540766372e+00 7.073654645005817976e-01 5.611556064073224803e+01 5.163043478260868113e+01 4.726823930832618714e+01 9.500000000000000000e+01
3.409081703982588252e+00 1.396872331055123206e+00 4.108005761992166605e+00 8.164852622023576201e-01 5.685152057245080215e+01 5.282051282051281049e+01 4.493889237082946408e+01 4.300000000000000000e+01
4.228177557151115984e+00 2.503538400049410750e+00 4.458442136581663107e+00 6.922477148947715486e-01 5.262533165758971165e+01 4.462365591397848164e+01 4.625236725140598537e+01 7.700000000000000000e+01
3.486008255007090995e+00 2.211813194919627801e+00 3.755461906497503666e+00 6.627037400168970249e-01 6.703794369645042650e+01 6.789473684210526017e+01 5.565582524058942226e+01 4.300000000000000000e+01
3.061502006323441272e+00 1.687750348557397695e+00 3.487445070082991982e+00 5.674320220974026219e-01 6.263095861707699896e+01 6.467391304347823677e+01 5.240216733400746563e+01 8.300000000000000000e+01
3.186708769871326119e+00 1.472733357534686816e+00 3.834995063275470351e+00 6.091055456173298799e-01 6.692307692307690559e+01 7.256410256410256920e+01 5.453072744034587060e+01 3.000000000000000000e+01
3.880049552429206461e+00 2.575336288748407920e+00 4.470864061591477423e+00 7.666029979734454436e-01 5.925213675213674236e+01 6.444444444444445708e+01 5.367888105903727336e+01 5.200000000000000000e+01
2.858773062041866986e+00 1.241673336717511678e+00 3.367774928415050884e+00 6.619544693487976472e-01 6.047916666666667140e+01 5.781250000000001421e+01 4.708237647606539156e+01 2.500000000000000000e+01
4.009024942194507446e+00 2.435687602600173918e+00 4.615552706081473389e+00 7.141494912034996867e-01 5.788727401630626446e+01 5.714285714285713880e+01 5.116628497835937139e+01 6.200000000000000000e+01
4.591756778961348928e+00 2.608036982992553821e+00 4.988587197365532688e+00 6.569227560839712154e-01 6.077777777777777146e+01 6.944444444444445708e+01 5.397610025009392132e+01 1.000000000000000000e+02
4.000000000000000888e+00 1.999999999999997558e+00 5.174168282490058779e+00 7.107587691795265172e-01 6.824494949494948060e+01 7.222222222222221433e+01 5.653045771728985613e+01 1.600000000000000000e+01
3.942801831647233524e+00 2.192541910874288735e+00 3.991493182013094998e+00 6.270718685408275261e-01 6.067229673787050359e+01 6.313131313131312083e+01 5.185868028842760680e+01 6.100000000000000000e+01
3.443857242552258668e+00 1.574893315135659000e+00 3.655821797889048597e+00 6.899541523522781938e-01 6.102564102564102200e+01 6.102564102564102910e+01 4.806855687060223659e+01 4.000000000000000000e+01
3.060083306070672915e+00 1.347992275663556505e+00 3.712882551964208133e+00 7.128773530856172824e-01 5.897435897435897090e+01 5.717948717948718951e+01 4.652115821913127292e+01 3.000000000000000000e+01
3.844956701295723978e+00 2.408224685280691890e+00 3.792370980010932424e+00 6.639191255168055417e-01 5.659455128205128460e+01 4.947916666666666430e+01 4.872929782967740664e+01 6.500000000000000000e+01
3.139168725830375095e+00 1.864235594841826105e+00 3.132437473536466843e+00 6.521070650559648296e-01 6.159211159211157849e+01 6.984126984126982052e+01 5.455936239933566156e+01 8.800000000000000000e+01
2.931528549739435885e+00 1.166542801554550701e+00 3.632819375097216863e+00 7.465882932156180374e-01 6.514583333333334281e+01 6.614583333333334281e+01 5.291334538309376256e+01 2.500000000000000000e+01
3.157171587300973581e+00 1.381735603361811116e+00 3.667584717055355270e+00 6.883608678913867296e-01 5.424098295679745263e+01 4.770114942528734758e+01 4.713874435746486569e+01 8.700000000000000000e+01
3.531598697180526436e+00 1.826492356687246188e+00 4.368734774387649900e+00 5.727204578407307789e-01 7.073039742212677083e+01 7.806122448979593287e+01 5.763248190439055207e+01 3.800000000000000000e+01
4.371894058449819376e+00 2.517738562312624939e+00 4.726426997080224623e+00 7.365979325747590289e-01 4.775533108866443399e+01 4.494949494949496938e+01 4.192793746201880367e+01 8.100000000000000000e+01
4.381922071456668455e+00 2.662323026841828533e+00 5.138435036422270841e+00 6.650003827930208722e-01 6.299712192569335656e+01 6.734693877551022467e+01 5.391970441664215485e+01 7.800000000000000000e+01
5.099019513592787156e+00 3.464101615137752166e+00 5.548652536754124398e+00 7.140266215576577258e-01 6.205128205128205110e+01 5.948717948717947479e+01 5.191308359988799026e+01 2.600000000000000000e+01
4.118477624075756793e+00 2.025433716261078043e+00 5.202078399039560708e+00 6.417341894835489891e-01 5.559027777777777146e+01 5.781249999999999289e+01 4.741752889483095856e+01 6.000000000000000000e+01
3.519392301622078278e+00 1.836045634095203383e+00 3.439563762081057963e+00 6.766945944973762339e-01 6.023498062015503507e+01 6.197916666666667140e+01 4.852796252188666415e+01 4.300000000000000000e+01
4.368511708590338216e+00 2.403381670182106244e+00 4.630508260451871472e+00 6.664674158506127544e-01 5.560666666666666202e+01 5.150000000000000000e+01 4.688640273498370448e+01 7.500000000000000000e+01
3.741657386773942218e+00 1.999999999999995559e+00 4.978223049108135179e+00 6.920117363735721616e-01 6.521428571428572241e+01 6.450000000000000000e+01 5.251084797958228734e+01 1.400000000000000000e+01
3.702295651853686476e+00 2.185150870392785993e+00 4.030092039730760689e+00 6.205857324861572266e-01 5.695283018867924341e+01 5.450000000000000000e+01 4.687945747242593342e+01 5.300000000000000000e+01
4.241972012789535285e+00 2.261553179372564060e+00 4.357756238571715457e+00 6.993244779075978856e-01 5.419202163624069613e+01 5.459770114942527641e+01 4.767742976471218697e+01 6.800000000000000000e+01
4.244576643301564367e+00 2.605893840346876988e+00 4.466947807344418209e+00 6.742502010744956253e-01 6.106837606837606103e+01 6.611111111111112848e+01 5.337910310727288987e+01 7.800000000000000000e+01
3.586363173595479736e+00 1.148698354997034876e+00 4.609084262069274018e+00 7.465167515362275408e-01 5.343582887700535622e+01 5.240641711229945798e+01 4.296277775172830360e+01 4.000000000000000000e+01
3.690388361005466411e+00 2.457038837962614686e+00 3.964147576378060922e+00 7.572817325275266187e-01 5.862887112887110419e+01 6.098901098901097839e+01 5.265321969632149290e+01 4.400000000000000000e+01
2.931493108888497456e+00 1.642442581857997075e+00 3.546213083185528969e+00 6.097758751810266054e-01 7.117327117327116071e+01 7.222222222222221433e+01 5.664061127416815111e+01 2.600000000000000000e+01
2.905317247545547321e+00 1.013955092110323974e+00 3.820332140598861947e+00 7.571984187185123449e-01 4.843345789019833347e+01 4.234693877551021757e+01 4.087063563393823529e+01 7.100000000000000000e+01
4.329812448786149126e+00 2.909959740306577114e+00 4.237860539004692839e+00 7.456349920057652181e-01 6.065718157181574810e+01 6.333333333333336412e+01 5.510784364061633767e+01 8.200000000000000000e+01
3.620588566750505333e+00 1.971552403251788155e+00 3.982326735754132763e+00 6.360825432143534242e-01 6.422193877551021046e+01 6.377551020408164817e+01 5.139009490043703465e+01 4.800000000000000000e+01
2.517850823588335452e+00 1.244184388666387253e+00 3.106826831404524203e+00 5.457843726006925689e-01 8.431122448979593287e+01 8.520408163265307167e+01 6.477187308057804671e+01 1.600000000000000000e+01
3.515112659837269060e+00 1.691726385149355361e+00 4.232314427896455733e+00 7.215012235193629664e-01 5.875661375661375985e+01 6.137566137566138735e+01 5.097979352504308537e+01 4.000000000000000000e+01
3.258617435040412680e+00 1.225976399880906564e+00 3.724649775680592967e+00 7.128810226603984335e-01 4.826881720430105815e+01 4.784946236559137844e+01 4.110725309421632545e+01 1.000000000000000000e+02
3.452734014299196463e+00 1.985233190068812936e+00 3.930384821092115288e+00 6.927685530179112927e-01 5.974937343358396902e+01 5.736842105263158231e+01 5.118522674519728355e+01 4.200000000000000000e+01
4.582575694955841605e+00 3.000000000000001332e+00 5.491849966658701732e+00 8.132134750021769998e-01 5.796055796055798481e+01 6.060606060606060908e+01 5.024343850533792732e+01 2.100000000000000000e+01
5.656854249492383246e+00 3.999999999999992895e+00 6.193603004842559656e+00 7.592485247534757065e-01 5.793750000000000000e+01 5.950000000000000000e+01 5.047719375541923625e+01 3.200000000000000000e+01
5.099019513592789821e+00 2.828427124746185406e+00 5.722230590152223684e+00 6.454497857566485752e-01 5.954635108481262051e+01 5.333333333333333570e+01 4.778410240949880716e+01 2.600000000000000000e+01
3.068945289927859310e+00 1.517336960052702022e+00 3.575677704460535455e+00 6.490033500709174730e-01 6.277712186803093886e+01 6.313131313131312083e+01 5.248366276469244696e+01 7.700000000000000000e+01
3.443857242552258668e+00 1.680531862651067687e+00 3.817139355737790396e+00 6.078570977462390834e-01 6.073979591836735636e+01 5.663265306122450227e+01 4.775668170748550523e+01 4.000000000000000000e+01
3.622700943107030724e+00 2.150922083079808811e+00 3.799361243052025383e+00 6.302810203326772998e-01 6.427036320653343182e+01 6.616161616161616621e+01 5.312745659690362032e+01 4.700000000000000000e+01
3.498098863849139928e+00 1.135753795596427196e+00 4.467429566699451016e+00 6.430254869063654066e-01 6.433941997851773920e+01 6.377551020408164817e+01 5.207338489021134365e+01 3.800000000000000000e+01
3.166208446924182240e+00 1.382519906490146999e+00 3.938845742098850522e+00 7.000905026028134692e-01 5.789999999999999858e+01 5.950000000000000000e+01 4.994357938399249974e+01 9.000000000000000000e+01
4.123105625617661474e+00 2.828427124746185406e+00 5.063517829034114293e+00 7.677198276305652325e-01 6.464555052790346679e+01 7.641025641025640880e+01 5.514321160696146507e+01 1.700000000000000000e+01
3.375529310497256574e+00 1.323938678920933754e+00 3.986438032903061313e+00 6.493563466431018227e-01 6.415145005370570175e+01 6.377551020408164817e+01 5.098344836606760566e+01 3.800000000000000000e+01
3.620588566750505333e+00 2.225095713058578895e+00 3.770521525537940288e+00 6.449383055958521904e-01 6.014309764309766138e+01 6.060606060606060908e+01 5.009444977855546455e+01 4.800000000000000000e+01
2.743830647360506081e+00 1.294461747664739759e+00 3.446390293831341101e+00 7.052786264489577794e-01 5.903374100095412302e+01 6.137566137566138735e+01 4.852048826365138012e+01 6.100000000000000000e+01
4.452010283339588703e+00 2.701018083196568220e+00 4.543632352114080675e+00 6.439622617047542352e-01 5.808390022675736475e+01 5.944444444444444997e+01 5.027564595309988960e+01 9.800000000000000000e+01
2.313587905252997956e+00 1.457298019483272755e+00 2.753636969176135985e+00 6.582223535437189410e-01 7.642307692307691980e+01 7.450000000000000000e+01 6.058590892657120008e+01 1.300000000000000000e+01
3.193853556790689385e+00 1.642329274787088789e+00 3.634513329368928680e+00 5.918980223808045782e-01 5.990173847316702904e+01 6.243386243386241574e+01 5.074663756010922100e+01 9.800000000000000000e+01
2.825352196532632920e+00 1.861645566636068949e+00 3.486678807804949098e+00 7.517276931264620377e-01 6.343537414965986443e+01 5.663265306122450227e+01 5.373472716951614814e+01 2.100000000000000000e+01
2.930156051583522547e+00 1.531644644654999610e+00 3.105853314235624829e+00 5.791655547013543348e-01 6.332070707070707272e+01 6.767676767676768179e+01 5.187035293121066815e+01 7.200000000000000000e+01
2.469570215105185707e+00 9.716416578630727718e-01 3.069723033333199957e+00 7.009123886230076428e-01 6.616666666666667140e+01 6.200000000000000000e+01 5.048381748711229022e+01 1.500000000000000000e+01
4.125644490162955869e+00 2.520365747886952779e+00 4.471572753402845102e+00 6.710590547777564030e-01 6.093283582089552652e+01 7.150000000000000000e+01 5.227423420918703556e+01 6.700000000000000000e+01
3.935684562708815726e+00 2.402290462104858193e+00 4.079370701405143684e+00 7.013076607059188783e-01 5.115217391304347672e+01 4.350000000000000000e+01 4.303103895911861088e+01 6.900000000000000000e+01
4.135537394884699403e+00 2.416667021365461299e+00 4.617713334113123125e+00 6.327368346075002981e-01 5.813157894736841769e+01 5.550000000000000000e+01 4.949514191983237765e+01 7.600000000000000000e+01
3.550148632142598792e+00 1.991129377832006941e+00 3.354336268738506988e+00 5.941931851984716406e-01 6.351818723911748066e+01 7.282051282051281760e+01 5.075438252187505128e+01 4.300000000000000000e+01
2.931528549739435885e+00 1.590177454108491428e+00 3.739503556419301322e+00 7.072782790972744760e-01 6.215384615384614619e+01 6.615384615384614619e+01 5.183237583032935447e+01 2.500000000000000000e+01
3.922611580432396661e+00 2.505534929372738695e+00 4.421068511546509150e+00 7.371226848939327336e-01 6.041666666666667140e+01 6.979166666666667140e+01 5.466987459503272362e+01 6.600000000000000000e+01
4.502789200986532236e+00 2.831626866141772059e+00 4.969425090039790049e+00 7.181555115811475432e-01 5.965675057208240162e+01 6.526315789473683537e+01 5.327022743931657800e+01 9.200000000000000000e+01
3.647527408763721279e+00 2.291844325023788098e+00 3.572617849343297181e+00 6.699023265644007408e-01 5.787161824897675189e+01 5.661375661375662105e+01 4.891875157209891967e+01 5.300000000000000000e+01
4.898979485566359315e+00 2.999999999999996447e+00 5.295349242705625237e+00 6.084855363268248940e-01 6.994949494949493385e+01 7.222222222222221433e+01 5.538479063669917224e+01 2.400000000000000000e+01
4.003404896614235930e+00 2.041434486617394573e+00 4.589169733833367459e+00 5.931441021979469985e-01 6.117724867724868432e+01 6.613756613756613945e+01 5.198289059384134703e+01 7.200000000000000000e+01
4.488881954824643472e+00 2.672678687802160447e+00 4.877337009034171444e+00 7.449869046769819203e-01 5.453996983408749344e+01 5.970588235294118817e+01 5.004842440155572802e+01 7.800000000000000000e+01
3.187040563203084709e+00 1.666590469223534487e+00 3.670491554536397860e+00 6.418334065084264628e-01 6.250822909809084393e+01 5.663265306122450227e+01 5.361719119162625447e+01 9.300000000000000000e+01
4.537542102317054571e+00 2.687177875900472745e+00 5.089481824877033489e+00 7.073537652145133192e-01 5.086021505376345431e+01 4.947368421052631504e+01 4.612255566193628198e+01 9.300000000000000000e+01
4.573337282933765735e+00 2.615508470413471009e+00 5.084099489202287714e+00 7.425006330059064075e-01 5.263432106805601052e+01 5.081081081081079276e+01 4.776914487939294673e+01 8.300000000000000000e+01
4.582575694955843382e+00 2.999999999999998668e+00 4.594592633069124687e+00 7.254529199060645306e-01 5.992673992673991279e+01 5.333333333333333570e+01 4.959993111701423629e+01 2.100000000000000000e+01
3.486008255007090995e+00 2.451699297180625514e+00 3.668628280233129146e+00 7.466701777406966611e-01 5.880940343781598045e+01 5.597826086956520442e+01 5.138577491520705820e+01 4.300000000000000000e+01
3.180157041971957366e+00 1.758372092022561839e+00 3.457319917941207077e+00 5.888481196756455427e-01 5.804597701149425859e+01 5.804597701149423727e+01 4.923921876579942847e+01 9.200000000000000000e+01
3.220595757065777942e+00 1.372289976848445558e+00 3.430275177713347556e+00 5.656578183479187283e-01 5.368916797488226678e+01 5.137362637362637230e+01 4.530707070178587514e+01 9.800000000000000000e+01
4.240269255031418716e+00 2.296632760348520819e+00 4.461636047572889119e+00 5.897527819656748216e-01 6.690852183809928988e+01 7.222222222222221433e+01 5.646801054685642640e+01 7.100000000000000000e+01
3.964206612230354754e+00 2.470955977952743687e+00 3.596142579834262332e+00 7.709441345675708268e-01 5.260616001457991331e+01 4.784946236559137844e+01 4.770148452944438588e+01 5.900000000000000000e+01
5.291502622129184985e+00 2.828427124746183630e+00 6.170518101930406729e+00 5.841704344983374986e-01 7.299107142857143060e+01 8.281250000000000000e+01 5.847687538515398131e+01 2.800000000000000000e+01
4.421859672168140243e+00 2.380407414283862710e+00 4.980122150702328554e+00 6.638585057899208941e-01 5.383900928792569829e+01 5.823529411764707220e+01 4.801138069906573946e+01 9.500000000000000000e+01
3.725873846512501419e+00 2.186727164039072413e+00 4.251150351808150596e+00 7.021169787382386396e-01 6.217244294167370811e+01 6.868131868131867179e+01 5.355190322227908695e+01 5.200000000000000000e+01
3.263841647628670906e+00 1.775784019860925600e+00 3.711206928290915474e+00 5.873276616079083912e-01 7.036437246963562586e+01 7.282051282051281760e+01 5.708157423968088295e+01 3.800000000000000000e+01
4.358898943540676640e+00 3.162277660168381743e+00 4.697070798045789530e+00 7.002482296227410252e-01 6.833881578947368496e+01 8.281250000000000000e+01 5.732471783224654871e+01 1.900000000000000000e+01
3.119013610099962808e+00 1.495089585680687172e+00 3.775310441315266274e+00 6.940607227953704550e-01 5.935744382022473076e+01 6.197916666666665719e+01 5.056523726979965971e+01 8.900000000000000000e+01
3.613028821267534330e+00 2.143546925072586262e+00 3.501356938621669190e+00 7.332317967218707766e-01 5.649761259517357104e+01 5.185185185185186185e+01 4.917968338140816087e+01 4.100000000000000000e+01
2.897202663752378005e+00 1.399391555184591462e+00 3.166813000692013880e+00 6.851410730923804815e-01 5.714583333333334281e+01 4.947916666666667851e+01 4.400943459446984463e+01 2.500000000000000000e+01
3.154462714911100640e+00 2.058372017929519959e+00 3.920683453086982961e+00 7.016349617138230021e-01 6.579384104739074246e+01 7.005347593582887100e+01 5.567422114233422548e+01 2.900000000000000000e+01
3.986175356035102535e+00 2.567881832721086610e+00 4.267862995686213523e+00 6.929293899849645610e-01 6.278801843317972242e+01 6.483516483516483220e+01 5.417994491514412658e+01 6.200000000000000000e+01
3.316624790355402919e+00 1.999999999999998002e+00 4.034531271204760294e+00 7.396538587010995647e-01 6.515151515151515582e+01 6.616161616161616621e+01 5.298544047998218787e+01 1.100000000000000000e+01
7.999999999999992895e+00 6.999999999999987566e+00 9.697160937256017021e+00 8.594635249567718072e-01 6.668750000000000000e+01 6.825000000000000000e+01 5.568822988050068545e+01 8.000000000000000000e+00
3.605551275463990013e+00 2.828427124746184518e+00 3.946953313351041714e+00 7.946403620968457426e-01 6.452991452991452093e+01 6.313131313131312083e+01 5.446382074441372367e+01 1.300000000000000000e+01
5.385164807134508180e+00 3.605551275463989125e+00 5.930399712024147618e+00 7.354426724186851061e-01 5.658307210031348689e+01 6.060606060606060908e+01 4.798275483170747435e+01 2.900000000000000000e+01
3.833041117600720415e+00 1.684457558533438037e+00 4.243414507124011692e+00 7.438060574675645631e-01 5.834617360041089995e+01 6.060606060606060908e+01 4.759668528441984847e+01 5.900000000000000000e+01
3.019493193364862105e+00 1.853235768578287201e+00 3.793420234256842161e+00 6.602738497367887094e-01 6.904273504273503193e+01 7.282051282051281760e+01 5.698601291034850647e+01 3.000000000000000000e+01
4.472135954999580498e+00 3.162277660168379523e+00 4.701380448379540056e+00 7.016522577863923971e-01 6.281250000000000000e+01 6.614583333333334281e+01 5.183099018666015922e+01 2.000000000000000000e+01
3.146864640238643318e+00 1.644229040425147392e+00 3.739185128477146236e+00 7.385938881015861046e-01 4.741369741369742030e+01 4.191919191919193821e+01 4.121633689323883232e+01 9.100000000000000000e+01
4.162338506563338925e+00 2.501148487363412443e+00 4.099282407952562934e+00 7.465711173004589973e-01 5.324595355383532791e+01 4.770408163265307877e+01 4.741035118045029151e+01 5.800000000000000000e+01
2.671583717993241347e+00 1.782602457966003362e+00 3.335483045476931085e+00 7.370697472267979666e-01 6.742368742368742573e+01 7.948717948717948900e+01 5.715968921539608516e+01 2.100000000000000000e+01
3.000000000000001332e+00 1.732050807568875417e+00 3.757688334691034804e+00 6.785801347565214581e-01 7.091836734693880828e+01 7.091836734693877986e+01 5.742808777354385086e+01 9.000000000000000000e+00
2.911758437705234126e+00 1.240780116878762218e+00 3.498204088185947302e+00 6.188037662273084827e-01 5.539071680376027729e+01 5.597826086956520442e+01 4.589899947165314842e+01 7.400000000000000000e+01
4.055350912020271537e+00 2.294451350536740541e+00 4.009756074940848514e+00 5.978655103669593407e-01 6.016741688383480380e+01 6.137566137566138735e+01 5.038639872917346452e+01 6.700000000000000000e+01
2.877217052772920614e+00 1.278166933136253736e+00 3.396400305842468548e+00 7.520838466604201633e-01 5.441919191919191690e+01 5.176767676767676107e+01 4.518047183621642660e+01 7.200000000000000000e+01
2.773244382171926148e+00 1.381323616098395490e+00 3.176169854431558193e+00 5.522922968337709015e-01 6.280135823429542086e+01 6.263157894736841769e+01 5.175388950930197041e+01 6.200000000000000000e+01
2.236067977499790249e+00 9.999999999999993339e-01 3.088579804381479832e+00 6.173451160425759143e-01 8.450000000000000000e+01 7.450000000000000000e+01 6.557445230860059837e+01 5.000000000000000000e+00
3.580281973812205809e+00 2.168765109285817339e+00 3.701552352834716064e+00 6.924903576397266614e-01 6.627981947130885487e+01 7.171717171717173755e+01 5.471405890265901917e+01 4.700000000000000000e+01
3.008977363346298617e+00 1.622002105873938893e+00 3.290783680352176166e+00 6.377481646217979527e-01 6.330656522964215327e+01 6.483516483516483220e+01 5.401241972825667403e+01 7.800000000000000000e+01
3.519392301622078278e+00 2.108585576896245595e+00 4.138761500123614212e+00 6.774364874989310392e-01 5.856976744186046346e+01 5.950000000000000000e+01 4.911760437120436507e+01 4.300000000000000000e+01
4.084928243412353943e+00 2.291902146070797119e+00 4.698669458174522084e+00 6.401087769167242980e-01 6.078722002635046096e+01 6.467391304347823677e+01 5.259979926742300194e+01 6.600000000000000000e+01
3.605551275463990013e+00 2.236067977499785364e+00 4.326192481271236012e+00 7.385662236623694588e-01 6.488461538461538680e+01 6.950000000000000000e+01 5.351628222469265239e+01 1.300000000000000000e+01
4.004051259110618766e+00 2.429628088078134240e+00 4.857203586522459204e+00 7.083353439177203503e-01 6.494647039143526968e+01 6.734693877551022467e+01 5.640751516545881117e+01 6.100000000000000000e+01
2.945130959120025871e+00 1.480536244073675345e+00 3.610802977590827023e+00 5.598276148610039638e-01 6.247341839447103240e+01 6.313131313131312083e+01 5.077664114360470649e+01 7.600000000000000000e+01
3.054089081509578474e+00 1.231144413344916755e+00 3.401645145698120487e+00 6.547312698683600551e-01 5.562653245580074923e+01 5.661375661375662105e+01 4.468729935470008741e+01 8.200000000000000000e+01
3.075777297036412783e+00 1.699049462652778564e+00 3.763607711324154170e+00 6.905614471524167408e-01 5.554091365461849250e+01 5.260416666666667140e+01 4.794223632281465797e+01 8.300000000000000000e+01
3.473953464439375249e+00 1.796415544706095657e+00 4.424066157234008756e+00 7.545030390025915246e-01 5.229166666666667140e+01 4.947916666666666430e+01 4.491776304117103535e+01 4.000000000000000000e+01
2.895846236466804502e+00 1.673995837720871682e+00 3.629641630805678698e+00 7.231159778011162498e-01 5.809829059829060327e+01 5.282051282051281049e+01 4.798373948038975811e+01 2.400000000000000000e+01
3.741657386773943994e+00 2.236067977499786696e+00 4.225403108483923198e+00 6.381632569301404212e-01 7.271428571428570820e+01 7.450000000000000000e+01 5.688373323022819505e+01 1.400000000000000000e+01
4.249424552683421119e+00 2.410844582295713412e+00 4.093141840788339536e+00 5.614657094461459330e-01 6.152173913043477427e+01 6.249999999999998579e+01 5.162600780925713906e+01 8.000000000000000000e+01
1.999999999999999778e+00 9.999999999999992228e-01 3.006990572233998904e+00 6.341107135652125359e-01 9.950000000000000000e+01 9.950000000000000000e+01 8.170688150831044538e+01 2.000000000000000000e+00
3.733950304404558995e+00 1.891845059161059162e+00 4.609697311989556567e+00 6.261733915816803941e-01 5.850468975468974975e+01 5.858585858585858119e+01 4.888784919153810904e+01 5.600000000000000000e+01
8.062257748298559790e+00 5.830951894845292749e+00 8.621638602501933590e+00 8.183878240690416472e-01 5.663967611336034480e+01 5.736842105263157521e+01 5.318176929995814106e+01 6.500000000000000000e+01
4.242640687119289211e+00 2.828427124746184962e+00 4.394834593832066538e+00 6.508896469547514885e-01 7.005555555555555713e+01 6.950000000000000000e+01 5.695275804628349192e+01 1.800000000000000000e+01
3.868128347554598445e+00 1.984260151838847408e+00 3.920245350083115810e+00 6.701005489694247252e-01 6.510416666666665719e+01 6.510416666666667140e+01 5.318581025252233019e+01 5.200000000000000000e+01
3.001222163885930883e+00 1.492530856366379721e+00 3.723071099332122547e+00 6.027437790870109335e-01 6.314935064935063025e+01 6.467391304347823677e+01 5.161094675489881212e+01 7.700000000000000000e+01
4.427668876116838348e+00 2.618190998723341600e+00 4.932282704512777727e+00 7.278666853794517611e-01 4.908113391984360163e+01 4.727272727272726627e+01 4.442271732746122836e+01 9.300000000000000000e+01
3.473345043297592305e+00 2.023695881835617882e+00 4.628971825772361548e+00 6.920284159099009402e-01 6.211363636363635976e+01 6.950000000000000000e+01 5.351884077203552437e+01 4.400000000000000000e+01
3.232121092959466147e+00 1.682206532493416784e+00 3.148488886167017053e+00 6.378346115352544476e-01 5.858477011494252196e+01 6.149425287356319814e+01 5.145232559356896473e+01 9.600000000000000000e+01
2.966225266043572173e+00 1.134925077036723406e+00 3.831915092660346467e+00 7.013528115590687007e-01 6.428007889546350384e+01 6.102564102564102910e+01 5.279294976661564931e+01 2.600000000000000000e+01
4.201801707184968038e+00 2.115205617039213948e+00 4.551119504342613808e+00 5.466462598868480072e-01 6.060240963855420659e+01 6.263157894736841769e+01 4.895650161105839970e+01 8.300000000000000000e+01
3.801229815689148417e+00 2.140467645939431840e+00 4.208019833903128948e+00 6.420325932820214465e-01 6.246296296296296191e+01 6.450000000000000000e+01 5.206963499157713926e+01 5.400000000000000000e+01
3.125991338949487552e+00 1.310523856617992644e+00 3.527459622262470784e+00 5.529495006643844190e-01 6.202581369248037646e+01 6.060606060606060908e+01 4.927645057711578858e+01 9.000000000000000000e+01
3.908643792399769001e+00 2.602651717172003387e+00 4.614284765883710726e+00 7.659279104272346261e-01 5.423336547733848079e+01 5.529411764705883314e+01 4.956930909337874880e+01 6.100000000000000000e+01
5.000000000000003553e+00 2.645751311064584499e+00 6.302387966289374255e+00 6.344922278766540469e-01 6.871794871794871540e+01 6.871794871794871540e+01 5.559151716712000990e+01 2.500000000000000000e+01
3.477193609327663193e+00 2.277697167389597155e+00 3.958391892831750969e+00 7.208908929479244110e-01 5.672449858496371178e+01 4.708994708994709555e+01 4.852382448979087570e+01 4.300000000000000000e+01
4.445477503550773868e+00 2.415073637568970533e+00 4.512513684900997468e+00 5.885293007053908898e-01 6.179205409974642293e+01 6.483516483516483220e+01 5.216329915358326019e+01 9.100000000000000000e+01
3.039224422686809035e+00 1.710221436596411460e+00 3.689092959006379235e+00 7.094354759079881667e-01 6.022067363530776163e+01 6.058201058201056810e+01 5.236651236392207664e+01 8.200000000000000000e+01
4.192301867948462935e+00 3.051080375874103190e+00 4.170300152554783146e+00 7.975020621701569556e-01 5.691553544494719574e+01 6.102564102564100068e+01 5.269227474662683619e+01 6.800000000000000000e+01
3.591323212142540466e+00 1.839464119234857309e+00 4.105226426051475030e+00 6.069596438539895944e-01 6.469655797101448513e+01 6.197916666666667140e+01 5.288976795795553443e+01 4.600000000000000000e+01
3.702798127852994448e+00 1.957181200957412770e+00 4.112691735545603855e+00 5.732793829770989058e-01 7.480632842334969723e+01 7.948717948717948900e+01 5.934291403518918173e+01 4.700000000000000000e+01
4.211644693063013811e+00 2.581909328905403811e+00 4.321090016921209198e+00 8.107438374262713188e-01 4.739557739557739779e+01 4.045454545454544615e+01 4.379278239197802947e+01 7.400000000000000000e+01
4.199667144481146863e+00 2.896583000894354054e+00 3.752492920095864992e+00 7.286203944483881090e-01 5.426767676767677528e+01 4.797979797979800054e+01 4.841320097855028592e+01 8.000000000000000000e+01
4.723267695466268457e+00 2.244348169904160972e+00 5.549055423702806245e+00 7.104256276679274951e-01 5.173626373626374431e+01 4.800000000000000711e+01 4.547103803287431845e+01 9.100000000000000000e+01
2.895217183058760746e+00 1.164783787333933063e+00 3.494339079934066117e+00 6.915242404984938140e-01 5.471906565656566812e+01 5.364583333333332860e+01 4.675397855354998455e+01 6.600000000000000000e+01
2.828427124746191179e+00 1.732050807568873863e+00 3.535480123870816449e+00 7.293646099338190192e-01 7.091836734693877986e+01 7.091836734693877986e+01 5.750555297762232954e+01 8.000000000000000000e+00
3.076116045430153711e+00 1.130973092748472686e+00 3.423592859105529573e+00 5.589016943436527773e-01 5.814705882352941302e+01 5.450000000000000000e+01 4.704583913154275621e+01 8.500000000000000000e+01
3.090457534751344770e+00 1.749489550617662204e+00 3.524864714691854584e+00 6.073486808710001350e-01 5.971147079521465884e+01 6.020408163265307877e+01 5.049588196023355380e+01 8.700000000000000000e+01
3.090457534751345214e+00 1.293629561124840288e+00 3.653259962636409508e+00 6.402143218504787736e-01 5.896192528735632976e+01 5.781249999999999289e+01 4.888534480941943627e+01 8.700000000000000000e+01
4.237937195220860431e+00 2.027427754937840110e+00 5.503993107197837631e+00 6.673269108375278202e-01 5.085858585858585457e+01 5.111111111111110716e+01 4.457076865186898829e+01 6.600000000000000000e+01
4.242640687119289211e+00 3.162277660168372861e+00 4.847707879234017803e+00 7.801385910261000589e-01 5.861678004535149711e+01 5.663265306122450227e+01 4.947242148068299628e+01 1.800000000000000000e+01
2.858773062041866986e+00 1.822015437576142149e+00 3.277644630054584507e+00 6.607085963724447231e-01 6.681250000000000000e+01 7.447916666666667140e+01 5.397578324661336069e+01 2.500000000000000000e+01
4.318150172801602515e+00 2.410090131808963143e+00 5.067911234615270821e+00 6.902167622565188454e-01 5.547008547008546486e+01 5.611111111111111427e+01 4.862554323163746517e+01 7.800000000000000000e+01
3.166602243499551772e+00 2.071193759686208224e+00 3.474859530177660805e+00 6.786454283610920957e-01 6.279166666666666430e+01 6.800000000000000000e+01 5.611785323182467522e+01 9.600000000000000000e+01
3.336705623447850932e+00 1.913202517090042409e+00 3.569756297988442295e+00 6.310352990266686612e-01 6.226495726495728178e+01 5.948717948717947479e+01 5.035658491359786382e+01 3.600000000000000000e+01
4.506069972575236449e+00 2.552276852129382601e+00 4.850934847757088164e+00 6.227687965496018219e-01 7.058860759493670400e+01 7.950000000000000000e+01 5.943629611438523597e+01 7.900000000000000000e+01
3.349622856065552767e+00 1.766773132403457680e+00 3.731225138692004339e+00 5.028066529023781372e-01 6.468864468864465778e+01 6.102564102564102910e+01 5.089916712219351069e+01 4.200000000000000000e+01
4.522314191100007541e+00 2.251740141571992648e+00 4.913036952214330455e+00 5.745712618837363062e-01 5.872727272727272663e+01 5.750000000000000000e+01 4.919670991472056443e+01 8.800000000000000000e+01
4.619353023896802135e+00 2.953992761551888169e+00 5.307583517813501572e+00 7.638865754781144490e-01 6.080020005001253480e+01 6.465116279069769689e+01 5.640414360603327282e+01 9.300000000000000000e+01
4.070382471886797582e+00 1.389815931346412237e+00 5.358424342824090303e+00 6.984150842974234941e-01 6.056557377049180957e+01 5.950000000000000000e+01 5.044368195873735061e+01 6.100000000000000000e+01
3.207341826732860834e+00 1.609972975545090224e+00 3.662236198074900528e+00 6.569137300326676199e-01 5.594758064516127405e+01 5.752688172043009018e+01 4.853530687360155582e+01 9.600000000000000000e+01
3.252073973713929700e+00 1.927242466350062466e+00 3.175377821199472095e+00 6.280564810208699722e-01 7.420759317311042480e+01 8.218390804597702015e+01 6.307670801110972292e+01 9.900000000000000000e+01
3.989976451399630530e+00 2.180314954126276739e+00 4.616449362373949761e+00 6.556155725379296806e-01 5.027448962086120332e+01 5.114942528735630844e+01 4.378444664754897531e+01 6.700000000000000000e+01
4.432359233163898793e+00 2.308835502578714838e+00 4.355169160932408801e+00 7.061902824192446415e-01 5.453216374269005939e+01 5.611111111111111427e+01 4.846950965863355520e+01 7.600000000000000000e+01
5.385164807134506404e+00 3.316624790355397590e+00 6.053214638498928046e+00 7.525319673767802975e-01 5.754092650644377471e+01 6.060606060606060908e+01 4.967820921608807083e+01 2.900000000000000000e+01
4.472135954999580498e+00 2.645751311064584943e+00 5.210556270251083255e+00 6.564990022555989846e-01 6.494949494949493385e+01 6.313131313131312083e+01 5.194684604770419867e+01 2.000000000000000000e+01
3.550148632142598792e+00 1.953833169948461457e+00 4.070982860774628342e+00 6.351699396836965050e-01 6.020395473199852177e+01 5.828877005347592899e+01 5.007379362841583514e+01 4.300000000000000000e+01
2.791546705364860603e+00 1.762419871640965585e+00 2.896841225159516586e+00 6.904123250193343608e-01 6.111660079051384287e+01 6.902173913043476716e+01 5.336900666906621638e+01 5.500000000000000000e+01
4.051487536950020285e+00 2.572770236913751951e+00 4.120656655545082536e+00 7.820034335187029395e-01 5.536005213424569860e+01 6.010101010101012520e+01 5.120614279693768367e+01 6.200000000000000000e+01
4.723267695466268457e+00 1.842253801981155403e+00 6.268930962108976601e+00 6.543429669928648718e-01 5.311986863711000950e+01 4.770114942528734758e+01 4.649154160419824677e+01 9.100000000000000000e+01
3.865269335221212632e+00 2.138177411449167842e+00 4.399653185910105790e+00 6.550621472147718505e-01 6.146550863531996356e+01 5.661375661375662105e+01 5.271462514767809182e+01 5.300000000000000000e+01
3.207475440924894894e+00 1.914710525504675687e+00 3.360558391006220891e+00 6.807786037657554967e-01 5.890379008746356249e+01 6.514285714285713880e+01 5.347426715427457822e+01 9.800000000000000000e+01
3.712732182633757372e+00 2.264419633815433652e+00 3.857572338217605701e+00 7.644735283678190108e-01 5.393772893772893440e+01 5.714285714285713880e+01 4.838738685700942455e+01 4.800000000000000000e+01
3.744322184659076846e+00 2.031675910966624699e+00 4.375243893701052933e+00 6.710615512920715675e-01 5.842105263157894512e+01 6.263157894736841769e+01 4.820874614329174790e+01 5.000000000000000000e+01
3.750808852856724496e+00 2.112075666276832742e+00 3.868941299256040800e+00 7.051395381420647590e-01 5.432098765432099441e+01 5.661375661375662105e+01 4.445497424508608475e+01 5.400000000000000000e+01
3.882179618340382277e+00 2.203618330905339651e+00 4.666985758844051091e+00 6.008574112089865027e-01 6.350877192982456876e+01 6.789473684210526017e+01 5.376538004641029289e+01 6.000000000000000000e+01
3.129134644531897269e+00 1.496277869738843691e+00 3.955648214517529571e+00 6.407931500771886224e-01 6.447916666666667140e+01 5.781250000000001421e+01 5.141469578526673700e+01 3.000000000000000000e+01
3.991651377759424246e+00 2.032769346594868409e+00 4.656862259620332622e+00 6.115629541945758474e-01 6.032642812303829771e+01 5.661375661375662105e+01 5.056111273719108823e+01 5.900000000000000000e+01
2.966225266043573061e+00 1.700272754058698599e+00 3.358445226088814461e+00 6.304607405293561895e-01 6.710737179487179560e+01 6.614583333333334281e+01 5.425843477602864340e+01 2.600000000000000000e+01
2.593241135400221609e+00 1.565889792323722940e+00 3.040396555604544915e+00 6.939089347264365548e-01 5.992638601334255810e+01 5.661375661375662105e+01 5.040961695234125983e+01 4.600000000000000000e+01
3.052615118382254522e+00 1.207264071880491230e+00 3.703179020660929854e+00 7.960980107579789244e-01 4.878381585192217074e+01 4.591836734693878697e+01 4.064063512898272279e+01 8.600000000000000000e+01
4.263579896715645745e+00 2.468413998984952062e+00 4.682430588812157346e+00 6.650029536946737707e-01 5.855013550135501532e+01 5.944444444444444997e+01 5.157057347025389760e+01 8.200000000000000000e+01
3.669259018569607900e+00 2.303326423173027937e+00 4.059772399189431447e+00 6.678947437908515639e-01 5.790343915343915171e+01 6.137566137566138025e+01 5.016946502927030593e+01 4.800000000000000000e+01
3.239823670937334921e+00 1.660165306525726248e+00 3.706034471912513339e+00 6.516313128583324232e-01 6.394444444444444287e+01 6.750000000000000000e+01 5.546073150222027692e+01 9.900000000000000000e+01
3.400535260798896342e+00 1.964822907605729974e+00 3.784066098698556146e+00 6.059054916669136537e-01 6.989368355222012497e+01 6.615384615384614619e+01 5.684609240494093285e+01 4.100000000000000000e+01
3.162277660168379967e+00 1.732050807568875861e+00 4.079122921920165012e+00 6.662715563339062230e-01 7.806122448979593287e+01 8.520408163265307167e+01 6.270530694282930284e+01 1.000000000000000000e+01
3.213994753761218792e+00 1.775887536959625201e+00 3.518437191240816109e+00 6.456484335983776468e-01 6.602229188436085394e+01 7.183908045977010204e+01 5.790346376568548692e+01 9.900000000000000000e+01
3.121428623488584186e+00 1.402938996630661350e+00 3.812250559942043537e+00 6.872162094404106192e-01 6.184981684981683969e+01 6.871794871794871540e+01 5.021463192334552161e+01 2.800000000000000000e+01
3.155927653766767982e+00 1.256846214824728580e+00 3.572128056643819161e+00 5.556660394491821364e-01 5.823337542087542573e+01 5.781249999999999289e+01 4.827360009646763217e+01 9.900000000000000000e+01
4.000000000000004441e+00 1.999999999999998890e+00 4.939021470469469044e+00 6.834893640080477173e-01 6.637500000000000000e+01 6.950000000000000000e+01 5.398410152672447282e+01 1.600000000000000000e+01
4.422519237123403002e+00 2.151973388664504050e+00 4.719849906995428945e+00 6.776246291985145165e-01 5.017973098330242010e+01 4.948979591836735636e+01 4.131833365526330937e+01 8.800000000000000000e+01
3.566941925382011380e+00 1.335141362540312793e+00 4.210017748997106679e+00 6.576032811558323310e-01 6.094983447924624187e+01 6.122994652406416094e+01 5.020439576647111579e+01 4.200000000000000000e+01
3.096338992284571656e+00 1.721552558385523568e+00 3.616791698866765881e+00 6.352736433176391362e-01 6.769230769230770761e+01 7.641025641025640880e+01 5.568630760607086216e+01 3.000000000000000000e+01
4.210349125895583633e+00 2.608326620090488213e+00 4.402810833424092074e+00 7.313099557315720922e-01 5.095750629018731104e+01 4.591836734693878697e+01 4.288009590284931960e+01 7.300000000000000000e+01
2.980364430684893762e+00 1.533674686838557122e+00 3.630490648475726445e+00 6.524797060605975751e-01 6.614583333333332860e+01 6.614583333333334281e+01 5.338771364984485501e+01 2.400000000000000000e+01
6.000000000000006217e+00 4.123105625617655257e+00 5.943967808232030414e+00 6.988867711160124951e-01 6.000000000000000000e+01 6.263157894736841769e+01 5.017458856203940343e+01 3.600000000000000000e+01
3.466546446899639200e+00 2.029355296699081990e+00 3.887707223034894355e+00 6.845318618153666268e-01 5.405555555555555713e+01 5.450000000000000000e+01 4.517968996161814488e+01 4.500000000000000000e+01
3.907214833804036669e+00 2.652527280539246135e+00 4.215463514705534820e+00 7.235677673747704652e-01 5.833649109511176789e+01 5.329670329670329210e+01 5.209785454338588551e+01 5.800000000000000000e+01
4.223703245532405504e+00 2.106415573042629497e+00 4.672536407399364933e+00 5.941542569240906291e-01 5.728530728530727600e+01 5.714285714285713880e+01 4.835900804288918664e+01 8.100000000000000000e+01
4.355436404860480337e+00 2.300702248024859120e+00 4.491920354111266001e+00 6.886544737163323715e-01 6.279411764705882604e+01 6.950000000000000000e+01 5.264349944994841479e+01 8.500000000000000000e+01
4.044301487104510429e+00 2.157669279974590459e+00 4.248718716082432678e+00 6.707971558749776797e-01 5.780215952629745146e+01 5.858585858585858119e+01 4.996045710364391113e+01 5.800000000000000000e+01
2.968023333136197373e+00 1.278203976621653526e+00 3.271079963928849477e+00 5.507963904132682220e-01 6.440352896049100195e+01 6.616161616161616621e+01 5.093269038736143983e+01 7.900000000000000000e+01
3.242892399007668569e+00 1.746933444093800691e+00 3.876616469909345941e+00 7.156231861398617555e-01 5.571428571428571530e+01 5.210526315789473983e+01 4.626410508256845588e+01 3.500000000000000000e+01
4.358898943540674864e+00 2.999999999999996003e+00 4.634189645487428066e+00 6.724886970812304909e-01 6.935140882509303140e+01 7.222222222222221433e+01 5.651618941106749361e+01 1.900000000000000000e+01
4.059585021059816334e+00 2.586715065879961806e+00 4.269672635960587215e+00 7.647104712838257434e-01 5.338588588588590511e+01 4.944444444444445708e+01 4.863282097249628322e+01 7.400000000000000000e+01
3.111482994937477820e+00 1.523129842563660130e+00 4.112736646071008195e+00 7.429273063183965409e-01 5.093093093093091994e+01 4.945945945945943834e+01 4.489258359029860657e+01 9.000000000000000000e+01
2.645751311064591160e+00 1.414213562373092481e+00 3.636654604495417775e+00 7.325415651205031686e-01 7.330447330447331922e+01 6.616161616161616621e+01 5.845625279214384307e+01 7.000000000000000000e+00
2.936093071109045827e+00 1.136334893702236393e+00 3.683605417941664406e+00 6.317918319211814904e-01 5.927536231884057827e+01 5.736842105263158231e+01 4.836383420796746435e+01 6.900000000000000000e+01
3.391268859946506176e+00 1.972367194091650511e+00 4.154594958558021744e+00 6.062916687365693669e-01 7.369770580296896867e+01 7.948717948717948900e+01 5.980927540341728132e+01 3.800000000000000000e+01
3.075415865816910621e+00 1.838757081915328273e+00 3.306607137312030265e+00 6.353129278850638828e-01 7.120572366877786408e+01 7.806122448979591866e+01 6.070202417664415151e+01 8.700000000000000000e+01
3.218210943232937105e+00 1.817286772022214114e+00 3.619108091371330271e+00 6.625259464197698067e-01 6.851943755169560291e+01 7.282051282051281760e+01 5.704014578950283720e+01 3.100000000000000000e+01
2.806143328984818108e+00 1.241903510725983040e+00 3.440345457250296946e+00 5.408495199161464928e-01 6.057830459770115539e+01 5.572916666666667140e+01 4.691199000611924674e+01 5.800000000000000000e+01
2.828427124746190291e+00 1.450205155691621339e+00 3.196991962392030207e+00 5.510803164146266253e-01 6.279605263157894512e+01 6.789473684210526017e+01 5.219811030776340743e+01 6.400000000000000000e+01
4.898979485566360204e+00 3.464101615137750390e+00 5.498981712784487996e+00 7.510248833754543663e-01 6.147504456327985878e+01 6.417112299465239289e+01 5.291031134172720130e+01 2.400000000000000000e+01
3.772173670468693008e+00 2.096193595463432313e+00 4.674984343835423495e+00 5.924139615065182607e-01 7.060606060606062329e+01 7.171717171717173755e+01 5.830245698526174891e+01 5.000000000000000000e+01
3.174055417739211737e+00 1.614640209053162190e+00 3.529945964235718048e+00 6.223177455855413154e-01 5.832163742690055841e+01 5.944444444444444997e+01 5.176493362992837177e+01 9.500000000000000000e+01
3.604722086812246484e+00 2.271788415666692096e+00 4.011552231422830239e+00 7.192889204324002250e-01 6.248196248196247637e+01 7.222222222222221433e+01 5.453536886485633772e+01 4.200000000000000000e+01
3.420153525514774806e+00 1.883290839665783700e+00 3.859714078288712269e+00 6.421105602018607472e-01 6.388134057971012680e+01 6.822916666666667140e+01 5.164064559717182590e+01 4.600000000000000000e+01
4.473196953839535972e+00 2.631600520354257178e+00 4.318576503459378380e+00 6.517260319082228692e-01 5.858237547892719732e+01 5.804597701149423727e+01 5.091010704731158398e+01 9.000000000000000000e+01
2.969371747259427874e+00 1.471560326018376053e+00 3.137431066833304971e+00 5.200392797250495969e-01 6.066438356164383805e+01 5.950000000000000000e+01 4.989238743824814293e+01 7.300000000000000000e+01
2.999276086179360590e+00 1.753936107647242615e+00 2.877223062461879088e+00 5.592083094101111262e-01 6.921323357493571393e+01 7.637362637362636519e+01 5.858274369626813183e+01 9.400000000000000000e+01
3.359100159215921977e+00 1.827612068184064187e+00 3.984797770479616474e+00 6.815026509381435504e-01 5.930747922437672059e+01 6.000000000000000000e+01 4.976379606555629209e+01 3.800000000000000000e+01
3.766632614822234881e+00 1.506934636213165701e+00 3.984737468932912030e+00 6.645418428363500940e-01 5.678934675474467042e+01 4.652406417112299408e+01 4.530918655748941859e+01 5.100000000000000000e+01
4.191547196024885125e+00 2.522189968085264411e+00 4.554899243784798379e+00 6.641985748666671130e-01 6.008991008991009153e+01 6.483516483516483220e+01 5.173100332706643911e+01 7.700000000000000000e+01
3.305054495489671673e+00 2.094834071298798062e+00 3.524399933502739835e+00 7.025281897560479161e-01 6.116959064327485862e+01 6.526315789473683537e+01 5.226598939688363998e+01 3.600000000000000000e+01
6.928203230275514102e+00 4.242640687119274112e+00 7.771922758071965198e+00 7.633460984231577040e-01 4.978741496598640026e+01 5.127551020408164106e+01 4.451478843658803441e+01 4.800000000000000000e+01
3.863389150321993704e+00 2.041448663787269080e+00 3.952368537619729061e+00 5.936181289562121322e-01 6.362750310118732244e+01 7.171717171717173755e+01 5.304048289764244828e+01 5.700000000000000000e+01
3.316624790355402919e+00 1.732050807568874085e+00 3.877763915663858363e+00 6.293375335094368861e-01 8.131313131313132203e+01 8.282828282828283761e+01 6.233920761275684441e+01 1.100000000000000000e+01
2.993385967703366290e+00 1.148698354997035542e+00 3.539750112685614347e+00 6.893309804699421228e-01 6.041666666666669272e+01 5.572916666666667140e+01 4.781185221709580446e+01 7.600000000000000000e+01
3.425207707331789919e+00 2.217978543999858054e+00 3.634754324239589440e+00 7.134880535073349073e-01 5.933484504913077018e+01 5.661375661375662105e+01 5.041395860057718181e+01 4.200000000000000000e+01
3.822212302187066424e+00 2.184229447632287435e+00 3.968983093929962624e+00 6.504019816601993575e-01 6.304545454545454675e+01 6.450000000000000000e+01 5.311153712754449430e+01 5.500000000000000000e+01
4.100435633959011561e+00 2.171856874570700757e+00 4.718889782667056387e+00 5.343758915791944064e-01 6.679824561403509620e+01 7.315789473684210975e+01 5.376790629502301755e+01 7.200000000000000000e+01
3.990335975167586202e+00 2.140658653273672662e+00 4.489316489225550377e+00 6.691913247861297487e-01 6.145330112721416782e+01 6.249999999999998579e+01 5.242793979429441720e+01 5.400000000000000000e+01
4.573050519273264669e+00 2.750314409827524731e+00 4.806681752126092277e+00 7.550527290629217569e-01 4.954545454545456096e+01 4.954545454545453964e+01 4.664015341689987793e+01 1.000000000000000000e+02
4.488049986846314177e+00 2.719216564845621686e+00 4.534441956987410371e+00 6.826966659500623980e-01 5.710279304029304370e+01 6.197916666666667140e+01 5.164061987138286014e+01 9.100000000000000000e+01
