4.031771874790341492e+00 2.565088794310758313e+00 3.433703223817876626e+00 9.182795785818919088e-01 5.140751780096043433e+01 5.101010101010103170e+01 6.580778493651511951e+01 6.100000000000000000e+01
3.665201078921636046e+00 1.770629605338919443e+00 3.288020214758635706e+00 6.525282321318459644e-01 5.852406417112299408e+01 5.240641711229945798e+01 7.319091988540395732e+01 5.000000000000000000e+01
4.472135954999580498e+00 3.162277660168373306e+00 3.781534080237807682e+00 9.129673183951118043e-01 6.315384615384616041e+01 6.948717948717947479e+01 7.994182177168676162e+01 2.000000000000000000e+01
2.845626439643745620e+00 1.464339459210772798e+00 2.800781960035068519e+00 5.739534848044978155e-01 6.238486842105264429e+01 6.263157894736841769e+01 7.984565131687139683e+01 6.400000000000000000e+01
3.112620717711054308e+00 1.125092775800281553e+00 3.154462714911100196e+00 8.676783382605512962e-01 7.190874259839777949e+01 7.222222222222221433e+01 8.831125514470069504e+01 2.900000000000000000e+01
3.186962435426849982e+00 1.767159073458801632e+00 2.897563002784463215e+00 7.764628862774646256e-01 5.683210784313726549e+01 5.572916666666667140e+01 7.076550825896907781e+01 3.400000000000000000e+01
3.207475440924894894e+00 1.665431345418999953e+00 3.031648732600017215e+00 7.559987494762713256e-01 5.128839414553701204e+01 5.101010101010103170e+01 6.643885105449042783e+01 9.800000000000000000e+01
2.919585858309062587e+00 1.132141797932582072e+00 3.226696951787006107e+00 6.280693993257256968e-01 5.840404040404038710e+01 6.313131313131312083e+01 7.517164871792340364e+01 7.500000000000000000e+01
3.187592862198447285e+00 1.832520197188891586e+00 3.030397721456747462e+00 6.200656116467615497e-01 6.446842105263158373e+01 7.150000000000000000e+01 8.255441288166846903e+01 9.500000000000000000e+01
3.557256847483961426e+00 2.084753528416131374e+00 3.055038983755721027e+00 7.093344174452108630e-01 5.928260869565217916e+01 5.950000000000000000e+01 7.508822969223042776e+01 4.600000000000000000e+01
3.646156928560786881e+00 1.806565431234990138e+00 3.539716599483638593e+00 7.068427723303007948e-01 6.208488123381741275e+01 6.613756613756613945e+01 7.996293984740137262e+01 4.700000000000000000e+01
3.803791767568827087e+00 2.554806952573566825e+00 3.466372378947204069e+00 7.746106855157464111e-01 6.106615059817030300e+01 6.377551020408164817e+01 7.999904189433777901e+01 5.800000000000000000e+01
4.210349125895583633e+00 2.285454742447713183e+00 3.554273828571194116e+00 6.344620333959919423e-01 6.163691711636915471e+01 6.767676767676768179e+01 7.810016658562634007e+01 7.300000000000000000e+01
3.772614890255407083e+00 2.145884575899411395e+00 3.382524841193966569e+00 7.339203556448279375e-01 6.261789740050609510e+01 6.851851851851851904e+01 8.101891365916874577e+01 4.600000000000000000e+01
2.978071215719371612e+00 1.139606490422189866e+00 2.896649634462375555e+00 6.413509266119173935e-01 6.450849345586188122e+01 7.089947089947091285e+01 8.204066426514812349e+01 7.600000000000000000e+01
4.472509901445919311e+00 2.718350118256173786e+00 3.944055773268623888e+00 7.384945974088621412e-01 5.500156985871272042e+01 5.085714285714286120e+01 7.175615453292145673e+01 9.100000000000000000e+01
3.316624790355402919e+00 2.449489742783170332e+00 2.768874620972690437e+00 9.406946917528593577e-01 6.616161616161616621e+01 6.616161616161616621e+01 7.863899156156622894e+01 1.100000000000000000e+01
3.871258567902145398e+00 2.694677646634167090e+00 3.365327417377969255e+00 8.088528318368356507e-01 5.822222222222223564e+01 5.944444444444444997e+01 7.627619962621936622e+01 6.000000000000000000e+01
3.916968297481337125e+00 1.877413299107214328e+00 3.275352425526758093e+00 9.585676435523095007e-01 5.037301587301587347e+01 4.950000000000000000e+01 6.315734832058350179e+01 6.300000000000000000e+01
3.337539485636860981e+00 1.525404910311041196e+00 3.183287316499211261e+00 8.409270321882511556e-01 5.481203007518798387e+01 5.210526315789473983e+01 6.879553076653307642e+01 3.500000000000000000e+01
3.728433125309199792e+00 1.367420839499288165e+00 3.661761882666737300e+00 7.429479906060552086e-01 5.344904815229562445e+01 4.684210526315789735e+01 6.586595319342703192e+01 4.700000000000000000e+01
2.852830339252675707e+00 1.433922681361560425e+00 2.832866360710146303e+00 6.106609790181808384e-01 6.064114681789541095e+01 6.032608695652172059e+01 7.888048058112437388e+01 6.900000000000000000e+01
4.005355402209732851e+00 1.865335766544199192e+00 3.213228366196430486e+00 6.838451208387795743e-01 6.361416361416360843e+01 6.615384615384614619e+01 7.885677895394587722e+01 6.300000000000000000e+01
3.630249556534073552e+00 2.122507763557126559e+00 3.287503659034452408e+00 7.216702042348845936e-01 6.098484848484848442e+01 6.616161616161616621e+01 7.674531365613727019e+01 4.400000000000000000e+01
4.267639635648703411e+00 2.906982683138271017e+00 3.668728603052530790e+00 8.424412095678137646e-01 5.945098039215686470e+01 6.705882352941178226e+01 7.810435924023852294e+01 7.500000000000000000e+01
3.029118564201772390e+00 1.559954283808607567e+00 2.989351581606920494e+00 5.921559441242802979e-01 7.347614071752001053e+01 8.131313131313130782e+01 8.919568938804256675e+01 2.900000000000000000e+01
4.537670245606406638e+00 2.846971357692916982e+00 3.989255823411118840e+00 8.122135623112701763e-01 5.221156481227734503e+01 5.317073170731709553e+01 6.886129958578884214e+01 8.900000000000000000e+01
2.782133168298092762e+00 1.910546008699930409e+00 2.564929485021881561e+00 8.990215849239293622e-01 6.297924297924297576e+01 5.948717948717947479e+01 7.933680279249250589e+01 2.100000000000000000e+01
4.161049260105759373e+00 2.321725740295137896e+00 3.387807081740201731e+00 7.526423150770211734e-01 4.911824909463076949e+01 4.425287356321837962e+01 6.251627007499215694e+01 7.300000000000000000e+01
4.426597926578200948e+00 2.378553025571061408e+00 3.795702533853387184e+00 6.627580357144463585e-01 5.109317765567767111e+01 4.947916666666667140e+01 6.602660876463072270e+01 9.100000000000000000e+01
3.305494141098307193e+00 1.554861888579558427e+00 3.157704682046764688e+00 6.885072675587018409e-01 7.465151515151515582e+01 7.950000000000000000e+01 9.064940571158697935e+01 3.300000000000000000e+01
2.970192610012601264e+00 1.887318634108635429e+00 2.861633723909658755e+00 8.046334080806036848e-01 5.725925925925928084e+01 5.777777777777779988e+01 7.659000515330005499e+01 7.500000000000000000e+01
3.714471242937834816e+00 1.844786646443216993e+00 3.372812770943325322e+00 6.624058822751385245e-01 6.116161616161615910e+01 6.060606060606060908e+01 7.701602708743486403e+01 5.000000000000000000e+01
3.316624790355402919e+00 1.414213562373092259e+00 3.240370349203930189e+00 1.021635416128460649e+00 6.222727272727272663e+01 5.950000000000000000e+01 7.507581537108077896e+01 1.100000000000000000e+01
4.000000000000001776e+00 2.449489742783172996e+00 3.188521078284830779e+00 9.570049046967067374e-01 6.700000000000000000e+01 7.450000000000000000e+01 8.198581191470429985e+01 1.600000000000000000e+01
3.425207707331789919e+00 2.494558825928923973e+00 2.927482685640099280e+00 8.845685100951575786e-01 6.019345238095238670e+01 5.364583333333332860e+01 7.718220481409366585e+01 4.200000000000000000e+01
3.186708769871326119e+00 1.822164240347821762e+00 2.992644912853870132e+00 7.209617385427374847e-01 7.044217687074831247e+01 7.806122448979593287e+01 8.805538926517195364e+01 3.000000000000000000e+01
4.177837092872418445e+00 2.685540308910864482e+00 3.393982174639254890e+00 8.709155033965958470e-01 5.720430107526882324e+01 6.397849462365589090e+01 7.381030812728012336e+01 6.000000000000000000e+01
4.604395461352077668e+00 2.572080260589543865e+00 4.332127080839990541e+00 6.667084583114692986e-01 6.246876561719142273e+01 6.839080459770113407e+01 8.190648095573871501e+01 9.200000000000000000e+01
1.999999999999999778e+00 9.999999999999992228e-01 1.999999999999999334e+00 1.007268249456820586e+00 9.950000000000000000e+01 9.950000000000000000e+01 1.063656907692457452e+02 2.000000000000000000e+00
4.116744035859043471e+00 2.182149012239567476e+00 3.668814022459367052e+00 8.595116268925440117e-01 4.866929945054945250e+01 4.560439560439560580e+01 6.168699147132288374e+01 6.400000000000000000e+01
3.486008255007090995e+00 2.061848838764436032e+00 3.352149749632589160e+00 7.360243883262270748e-01 6.385556915544676571e+01 6.789473684210526017e+01 8.166935551866141907e+01 4.300000000000000000e+01
2.969767129320457055e+00 1.894500006280900317e+00 2.846672311067424133e+00 7.229626236518590376e-01 6.230034333482610975e+01 6.839080459770113407e+01 8.045828203130710676e+01 7.700000000000000000e+01
4.481890865816025027e+00 2.518065026742355439e+00 3.826699086902071389e+00 6.344413239216116773e-01 5.966060337178349471e+01 6.020408163265307877e+01 7.713303642012259331e+01 9.200000000000000000e+01
3.548262044142274529e+00 1.731386039611523264e+00 3.394927644523604737e+00 5.450114046068335050e-01 7.574136008918615914e+01 8.410256410256408799e+01 9.482932066386112524e+01 4.600000000000000000e+01
3.822212302187066424e+00 2.557294210995987083e+00 3.430826300536720108e+00 8.260424010933069550e-01 6.074190177638454458e+01 6.494252873563216610e+01 8.021932856842687443e+01 5.500000000000000000e+01
4.061646043576065068e+00 2.360727530821407960e+00 3.442629313225428866e+00 7.581423598295559119e-01 5.603563103563102743e+01 5.714285714285713880e+01 7.160556039773616988e+01 6.600000000000000000e+01
4.481969794810670926e+00 2.680386113800004466e+00 3.921488636816557793e+00 6.912102751685891278e-01 5.862658846529814838e+01 5.913978494623653859e+01 7.676455821210102215e+01 8.800000000000000000e+01
3.851788284819261055e+00 1.979371435746001939e+00 3.515228668786495980e+00 5.413751489867593136e-01 6.805945798966736504e+01 7.005347593582887100e+01 8.693271888660174795e+01 5.900000000000000000e+01
3.218540271694274590e+00 1.728162765163321346e+00 3.078997800063267842e+00 7.454945169443312203e-01 5.804597701149426570e+01 6.494252873563216610e+01 7.603899170271640173e+01 9.400000000000000000e+01
3.233251966356718299e+00 1.747943258271300149e+00 3.082867816593166665e+00 6.001999172143092087e-01 6.152943936195168817e+01 6.494252873563216610e+01 8.068917674119481376e+01 9.800000000000000000e+01
4.333153134663401573e+00 3.020746884244563280e+00 3.459463104974477066e+00 7.847029065825151806e-01 5.627980922098569749e+01 5.621621621621618914e+01 7.405882892522735972e+01 8.500000000000000000e+01
3.881588432448899173e+00 1.711988350709658047e+00 3.860809732157265195e+00 7.778374665082071759e-01 5.586363636363635976e+01 5.450000000000000000e+01 7.070098089022049237e+01 5.500000000000000000e+01
3.111972875488456580e+00 1.452102115290485385e+00 3.152280442220479095e+00 7.883775751019882483e-01 5.338296760710552746e+01 4.942528735632183157e+01 6.868511991708140840e+01 8.800000000000000000e+01
3.818207574706757867e+00 2.145731245166070167e+00 3.637875608457440624e+00 6.444128433253967225e-01 6.351785714285714590e+01 6.450000000000000000e+01 8.020564237586339118e+01 5.600000000000000000e+01
4.198502778772700061e+00 2.543424875912389638e+00 3.376427529454983478e+00 7.729413366904113181e-01 5.240154440154439897e+01 4.800000000000000711e+01 6.922226446054970950e+01 7.400000000000000000e+01
4.472135954999580498e+00 2.999999999999994671e+00 3.511884584284246547e+00 8.961155954281001534e-01 6.179487179487178850e+01 6.871794871794871540e+01 7.531266654931641824e+01 2.000000000000000000e+01
4.017496215112431379e+00 2.404667739166807205e+00 3.230189976973335764e+00 6.531866347698169761e-01 6.407627118644067821e+01 6.450000000000000000e+01 8.155210958362025053e+01 5.900000000000000000e+01
4.237373530486326700e+00 2.215731477311071895e+00 4.137922247315046320e+00 6.438721151069178861e-01 5.853174603174603874e+01 6.098901098901097839e+01 7.669456606096071027e+01 7.200000000000000000e+01
2.365600537900696576e+00 9.124435365554803834e-01 2.365600537900697020e+00 9.271735128701934503e-01 7.295918367346939704e+01 7.091836734693877986e+01 8.472258859008057641e+01 1.400000000000000000e+01
3.881588432448899173e+00 2.432805851676795417e+00 3.338184229678946124e+00 9.008582953399478788e-01 5.495059288537547104e+01 6.032608695652172059e+01 7.045043122031896132e+01 5.500000000000000000e+01
3.279141677795307075e+00 1.999999999999998002e+00 2.943640339461398803e+00 8.025241356643805224e-01 6.055821371610846171e+01 6.263157894736841769e+01 7.767932451671249794e+01 3.300000000000000000e+01
3.783997081761020009e+00 2.372605745280654155e+00 3.670913557920558290e+00 7.232542390148777312e-01 6.055263157894736992e+01 6.350000000000000000e+01 7.790890240929672927e+01 5.700000000000000000e+01
2.699841108612897944e+00 1.231144413344915423e+00 2.646966176007017335e+00 7.834549814059746931e-01 6.476315789473683537e+01 5.950000000000000000e+01 7.805250234776686113e+01 1.900000000000000000e+01
4.564011168876355384e+00 2.454401288335381182e+00 4.041980917693857478e+00 5.787503838188777783e-01 6.182653061224489477e+01 6.750000000000000000e+01 7.988967565494803580e+01 9.800000000000000000e+01
3.739931247254999924e+00 1.943428525816699448e+00 3.285057031755207912e+00 7.384793701479793748e-01 5.874141876430204690e+01 5.736842105263158231e+01 7.422198805956540468e+01 4.600000000000000000e+01
3.175523365205976223e+00 1.208598816202810955e+00 3.455134993570994073e+00 9.525702521487857677e-01 5.565330726621048285e+01 5.404040404040403445e+01 6.933742175110725725e+01 3.100000000000000000e+01
3.053907349982952102e+00 1.723620685319304568e+00 3.083517389944991027e+00 7.613810281384321144e-01 5.308201058201059652e+01 4.944444444444445708e+01 7.034313906721588694e+01 8.400000000000000000e+01
4.492195653715422843e+00 2.704799632342032467e+00 3.811041223496947072e+00 6.387402284926099183e-01 6.135567010309278402e+01 6.350000000000000000e+01 7.949624111752454780e+01 9.700000000000000000e+01
4.313903587334769085e+00 2.606488842313014587e+00 3.862955004954694349e+00 7.421374162058961277e-01 6.034482758620689680e+01 6.149425287356319814e+01 7.840017662824605793e+01 8.100000000000000000e+01
4.716785776263026086e+00 2.612055750524999720e+00 4.005925669034133385e+00 7.748417487397614156e-01 5.349689440993789447e+01 5.371428571428571530e+01 6.943645104210708041e+01 9.200000000000000000e+01
3.947155792267957430e+00 2.144862702706580304e+00 3.438234796869814591e+00 5.942324538169164727e-01 6.801346801346802806e+01 7.727272727272729469e+01 8.564269504234914621e+01 6.000000000000000000e+01
4.437141233138593321e+00 2.398141433262311661e+00 3.885207295273900741e+00 5.760765351103909193e-01 5.797051050215605983e+01 5.714285714285713880e+01 7.544802603926173390e+01 7.900000000000000000e+01
4.552905992478623709e+00 2.832773208951208321e+00 3.762860637633149707e+00 8.061607031007721469e-01 5.401234567901235550e+01 5.083333333333334991e+01 6.935042076094860874e+01 9.000000000000000000e+01
2.818433936951600050e+00 1.435247330573787172e+00 2.757816161080455242e+00 6.635945161886915855e-01 6.547886108714408238e+01 6.789473684210526017e+01 8.260517265363424144e+01 6.100000000000000000e+01
3.890503003570967344e+00 2.334068080930141509e+00 3.590600412681929310e+00 6.827560550715913168e-01 5.965676229508196826e+01 5.781249999999999289e+01 7.724326817019964153e+01 6.100000000000000000e+01
3.097198013219000234e+00 1.615599539025278197e+00 2.908744625814961182e+00 6.342299781273204040e-01 5.863370547581074987e+01 6.010101010101012520e+01 7.743799280717821887e+01 9.500000000000000000e+01
3.515112659837269060e+00 2.586043778712565633e+00 3.385402275853639065e+00 8.798312596923976159e-01 6.450000000000000000e+01 7.150000000000000000e+01 8.404753253709168348e+01 4.000000000000000000e+01
2.931528549739435885e+00 1.932385019676571947e+00 2.566200615780457550e+00 9.049403803646477451e-01 6.322994652406418226e+01 8.181818181818182723e+01 7.936498800862449343e+01 2.500000000000000000e+01
3.842675498168806048e+00 2.484606030637578566e+00 3.431515172373308165e+00 7.721392930326735904e-01 6.385361552028218313e+01 6.984126984126982052e+01 8.296241894311380349e+01 6.000000000000000000e+01
2.999999999999999112e+00 1.999999999999997558e+00 2.499999999999999112e+00 1.009288395891270618e+00 8.838383838383838054e+01 9.949494949494948060e+01 9.720371562115558106e+01 3.000000000000000000e+00
2.966225266043572173e+00 1.643751829517225760e+00 2.861938162210509784e+00 8.200668869792741011e-01 6.405023547880692547e+01 6.734693877551022467e+01 8.023711690290211607e+01 2.600000000000000000e+01
3.775337869977043681e+00 2.075197829260531979e+00 2.657027371700545704e+00 8.713281291471132173e-01 5.532760472610096514e+01 5.736842105263158231e+01 6.934797475539434686e+01 4.900000000000000000e+01
3.316624790355402919e+00 1.999999999999996447e+00 2.645751311064590272e+00 7.832244410214459496e-01 7.979797979797980645e+01 8.282828282828283761e+01 9.168920458064404500e+01 1.100000000000000000e+01
4.051962142983297710e+00 2.532420529384777907e+00 3.252804372218685014e+00 7.445884959391970703e-01 5.952638910385388016e+01 6.483516483516483220e+01 7.726707847681340979e+01 7.100000000000000000e+01
3.039224422686808591e+00 1.538555251637447885e+00 3.022052376206248780e+00 6.975941287047373596e-01 5.393230462916875467e+01 4.948979591836735636e+01 6.917829172025089690e+01 8.200000000000000000e+01
4.531453412569083739e+00 2.558781446439170715e+00 3.742351378790298000e+00 5.907254140443806145e-01 6.915270618556701265e+01 7.447916666666667140e+01 8.933779555891638324e+01 9.700000000000000000e+01
3.180853704930069359e+00 1.633816792038152110e+00 3.293487796934067457e+00 6.491819001730158023e-01 5.462174940898343323e+01 5.444444444444444997e+01 7.115426160477170470e+01 9.400000000000000000e+01
5.744562646538036610e+00 3.605551275463984684e+00 4.197068574062687851e+00 7.078608451372991883e-01 6.178977272727273373e+01 6.197916666666667140e+01 7.729745698118291841e+01 3.300000000000000000e+01
3.798288964661870271e+00 2.423541950673730572e+00 3.633269874664853294e+00 8.385677402452746954e-01 5.441836734693879407e+01 5.841836734693878697e+01 7.038153561553399129e+01 5.000000000000000000e+01
4.148401106917384951e+00 1.615001178221782352e+00 3.786426660772082009e+00 6.686966938629168578e-01 5.791944017750469698e+01 5.661375661375662105e+01 7.298354321676812617e+01 6.200000000000000000e+01
4.397184217893486569e+00 2.534559015329875375e+00 3.871360653941612551e+00 7.033977504352215693e-01 5.589585598646852560e+01 5.752688172043009018e+01 7.315940007327827743e+01 8.900000000000000000e+01
2.449489742783179214e+00 9.999999999999984457e-01 2.449489742783176549e+00 9.629430387013880877e-01 7.616666666666667140e+01 6.950000000000000000e+01 8.568518533813288229e+01 6.000000000000000000e+00
3.046603479007058635e+00 1.443644999536120022e+00 3.060932268547828183e+00 6.551439309608485528e-01 5.578002244668911658e+01 5.404040404040403445e+01 7.048064179545201569e+01 8.100000000000000000e+01
3.166208446924181352e+00 1.597980793878740258e+00 2.997106818046476384e+00 7.734304125520881090e-01 5.447811447811448460e+01 5.101010101010103170e+01 7.045337869335847358e+01 9.000000000000000000e+01
4.443645019556763387e+00 2.482016137196530803e+00 4.005013488895114548e+00 6.513646688402228158e-01 5.452421932628473655e+01 5.306122448979593287e+01 7.066367423927161440e+01 8.300000000000000000e+01
4.634198422371836656e+00 2.758030457075933750e+00 3.862806447273052335e+00 6.604267469191656970e-01 5.460992907801418283e+01 5.107526881720428236e+01 7.129190768355033470e+01 9.400000000000000000e+01
3.096338992284571656e+00 1.282088853986814936e+00 2.896695253572393103e+00 6.952364610431810421e-01 6.475694444444444287e+01 6.197916666666667851e+01 7.765250067427484737e+01 3.000000000000000000e+01
3.443857242552258668e+00 1.986412705907817378e+00 3.119337153059689616e+00 6.793826287516164797e-01 6.994791666666667140e+01 8.072916666666667140e+01 8.861221383024967224e+01 4.000000000000000000e+01
3.187040563203084709e+00 1.964822907605731528e+00 2.759109237031290185e+00 7.166630964720490660e-01 6.453293010752689440e+01 7.135416666666667140e+01 8.488820564061362006e+01 9.300000000000000000e+01
4.057876481251962986e+00 2.706178509514109543e+00 3.261744155361610442e+00 8.494094368635323189e-01 5.170985369293143208e+01 4.462365591397848164e+01 6.632078343935444309e+01 6.100000000000000000e+01
3.074445422144969076e+00 1.971078911274749323e+00 2.930981320981204785e+00 7.421416106368184940e-01 6.362281822051937752e+01 7.183908045977010204e+01 8.296921408995621050e+01 8.100000000000000000e+01
3.846266561960447472e+00 2.318394918855966047e+00 3.404676368378406703e+00 6.759249744571842466e-01 6.607407407407407618e+01 6.950000000000000000e+01 8.439603644335919341e+01 5.400000000000000000e+01
3.565204915932007612e+00 2.008530061815289258e+00 3.282863045566339011e+00 7.817210762117153822e-01 5.450000000000000000e+01 5.450000000000000000e+01 6.840806385408870938e+01 4.800000000000000000e+01
2.828427124746191179e+00 1.999999999999995337e+00 2.549509756796391802e+00 9.364005389840804883e-01 7.270408163265307167e+01 8.520408163265307167e+01 8.682439195670490051e+01 8.000000000000000000e+00
3.316624790355402919e+00 2.236067977499787141e+00 2.898275349237886989e+00 8.603289573237083987e-01 7.450000000000000000e+01 8.700000000000000000e+01 9.060503226917244035e+01 1.100000000000000000e+01
4.431012593723643533e+00 2.405054286528535812e+00 4.380533960828641327e+00 7.683355560501804460e-01 5.521353746978244459e+01 5.529411764705883314e+01 7.337562646922170018e+01 7.300000000000000000e+01
2.641956714608897805e+00 1.406862419058573233e+00 2.657455810833934784e+00 7.964689868175423015e-01 6.251108156028367091e+01 6.822916666666667140e+01 7.753471731394323285e+01 4.700000000000000000e+01
4.052734431407653659e+00 2.410002636931105613e+00 3.428955950037667844e+00 5.882990342665997963e-01 5.823913043478260221e+01 5.163043478260868113e+01 7.413685715113096819e+01 7.500000000000000000e+01
3.111482994937477820e+00 1.074650877591693199e+00 3.280125814684306196e+00 8.211140496280906476e-01 5.372222222222222143e+01 5.150000000000000000e+01 6.862090059964931754e+01 9.000000000000000000e+01
3.177744164770798907e+00 1.527161296707143734e+00 3.051781920478115584e+00 7.464829338632702482e-01 5.632352941176471006e+01 4.941176470588235503e+01 7.338298830114007387e+01 1.000000000000000000e+02
3.887005260446271482e+00 2.125881631093657909e+00 3.572992849020950601e+00 6.718146446616000134e-01 6.144444444444444287e+01 6.950000000000000000e+01 7.733728100901250002e+01 5.400000000000000000e+01
3.499783313405557372e+00 2.063725689567003307e+00 3.312782942351733872e+00 7.056789673017851428e-01 6.730487804878049474e+01 6.950000000000000000e+01 8.712512473823454684e+01 4.100000000000000000e+01
3.436552884239296723e+00 2.024597507674406494e+00 2.914924973589220425e+00 7.396317602015369808e-01 6.609502032520325088e+01 6.822916666666667140e+01 8.336506592704964191e+01 4.100000000000000000e+01
2.931493108888497456e+00 1.346254028365308608e+00 2.825623927578644778e+00 8.904124242598847605e-01 6.069711538461538680e+01 5.781250000000001421e+01 7.295092554657888684e+01 2.600000000000000000e+01
4.458322256737938361e+00 2.316177403384266587e+00 3.879734935916966609e+00 6.436949365469040174e-01 5.441230997404525027e+01 5.114942528735630844e+01 7.062701921428504193e+01 9.300000000000000000e+01
3.994785186379445463e+00 2.230584043310773090e+00 3.471384607390174626e+00 6.796553102134510471e-01 5.562121212121211755e+01 5.550000000000000000e+01 7.178349488672814971e+01 6.600000000000000000e+01
3.287503659034452408e+00 1.421130393506158551e+00 3.348312103927639782e+00 8.854575471203481873e-01 5.851973684210526727e+01 6.263157894736841769e+01 7.343548380610688753e+01 3.200000000000000000e+01
4.041926111820362877e+00 2.715325573992314112e+00 3.564516183149427420e+00 7.739668937107305746e-01 6.149224284817504582e+01 6.613756613756611102e+01 8.065160888762419233e+01 5.900000000000000000e+01
3.391268859946506176e+00 1.961893329258141083e+00 3.039522051158756177e+00 8.499349144474056539e-01 5.797448165869219139e+01 5.227272727272728048e+01 7.203382814777330623e+01 3.800000000000000000e+01
3.954827859707026771e+00 2.443351869362627937e+00 3.358888183087948676e+00 8.176466183138638710e-01 6.304029304029304370e+01 6.868131868131867179e+01 8.188357883428075468e+01 6.000000000000000000e+01
3.865269335221212632e+00 2.377071517853328153e+00 3.626982344045882378e+00 8.036134107494300460e-01 5.532863363052041450e+01 6.098901098901097839e+01 7.097370658823035683e+01 5.300000000000000000e+01
3.124139231977231645e+00 1.383621960815456964e+00 3.100221205323032247e+00 7.861313981275068752e-01 6.851851851851851904e+01 7.222222222222221433e+01 8.340265510097741242e+01 2.700000000000000000e+01
4.385299009594270103e+00 2.784783251841044915e+00 3.594548181435756273e+00 7.542677614506276829e-01 6.046610685164901611e+01 6.616161616161618042e+01 7.939506359317259410e+01 8.300000000000000000e+01
4.329812448786149126e+00 2.870508108731540720e+00 3.913606260654903579e+00 8.373388321426341596e-01 5.724005134788191640e+01 5.736842105263157521e+01 7.573965975107719828e+01 8.200000000000000000e+01
3.660041140215774202e+00 1.491886272840799998e+00 3.548262044142273641e+00 7.402431142839036582e-01 5.515357658214800551e+01 4.949494949494948770e+01 6.932307185658538629e+01 4.900000000000000000e+01
3.359100159215921977e+00 1.568282336140200295e+00 3.259941131475206255e+00 9.255883640843223237e-01 6.018893387314438570e+01 5.948717948717947479e+01 7.455304436275326907e+01 3.800000000000000000e+01
3.499783313405558260e+00 1.921464705731441125e+00 3.160489372204029035e+00 7.742518893006326008e-01 5.785835398460937284e+01 6.417112299465239289e+01 7.208447433287217621e+01 4.100000000000000000e+01
3.038282958691050695e+00 1.289039525404756192e+00 3.054879777909750516e+00 6.422698697218601760e-01 5.654761904761902258e+01 5.597826086956520442e+01 7.282260402389313469e+01 8.400000000000000000e+01
3.171363100880316921e+00 1.837938217479297309e+00 3.123132842797739173e+00 7.521891009294324748e-01 6.374514374514372861e+01 7.384615384615381117e+01 8.547580894647896343e+01 9.900000000000000000e+01
1.999999999999999778e+00 9.999999999999992228e-01 1.999999999999999334e+00 1.007268249456820586e+00 9.950000000000000000e+01 9.950000000000000000e+01 1.063656907692457452e+02 2.000000000000000000e+00
3.038282958691050695e+00 1.636217510589239366e+00 2.989421922319491554e+00 6.367776956224699969e-01 5.740740740740739767e+01 5.873015873015871335e+01 7.479634667428541661e+01 8.400000000000000000e+01
3.942801831647232191e+00 2.020769300746080965e+00 3.232121092959464370e+00 8.003483814192207113e-01 5.212936564504634163e+01 4.728260869565215785e+01 6.523649797685712315e+01 6.100000000000000000e+01
4.999999999999998224e+00 3.999999999999996891e+00 3.499999999999999556e+00 1.015160446771056879e+00 7.550000000000000000e+01 7.950000000000000000e+01 8.695971224628475227e+01 5.000000000000000000e+00
9.380831519646864791e+00 6.782329983125262807e+00 6.895177899145865652e+00 8.943774325304663098e-01 5.487940630797774588e+01 5.673469387755105231e+01 7.296312046238378457e+01 8.800000000000000000e+01
3.230266654550812078e+00 1.860088346797201142e+00 3.027292075809405514e+00 7.102929542595166623e-01 5.859623379799459997e+01 5.804597701149423727e+01 7.613174462342550441e+01 9.400000000000000000e+01
4.361227228503805620e+00 2.716724512408177361e+00 3.678635124480321483e+00 7.402594820573394907e-01 5.948660714285716722e+01 5.729166666666667140e+01 7.753562097128298092e+01 8.400000000000000000e+01
3.205913482455121422e+00 1.103459117710438253e+00 3.243553522892392404e+00 9.072999124193744658e-01 5.908801020408164106e+01 6.377551020408164817e+01 7.316621835362968795e+01 3.200000000000000000e+01
4.492195653715422843e+00 2.589957271851099918e+00 3.887140087837415159e+00 7.012280543684419332e-01 5.855780955548164712e+01 6.720430107526880192e+01 7.579213571885848921e+01 9.700000000000000000e+01
3.179687822709598599e+00 1.788943509545436461e+00 2.601174288708993476e+00 7.924384455429397400e-01 5.505402160864347394e+01 5.235294117647059409e+01 7.165981053617150565e+01 9.800000000000000000e+01
3.496840952072147068e+00 2.491461879231032572e+00 3.101470500431828370e+00 8.985010470336983746e-01 5.321575543797765562e+01 5.132275132275130858e+01 6.756016338969861579e+01 4.500000000000000000e+01
3.052797543249819778e+00 1.724585490882988292e+00 2.932921366549089637e+00 8.307915270632978411e-01 5.871794871794873671e+01 5.282051282051281049e+01 7.223222015529432838e+01 2.600000000000000000e+01
3.831777983187530268e+00 1.397810147452358098e+00 3.933886985939403225e+00 8.415334857408516278e-01 5.992275698158051966e+01 5.828877005347592899e+01 7.456156498992625359e+01 5.400000000000000000e+01
3.486008255007090995e+00 2.217886149399630025e+00 3.050864877807358599e+00 8.257057585629155039e-01 5.943152454780361893e+01 6.313131313131312083e+01 7.578324917838584440e+01 4.300000000000000000e+01
4.116744035859043471e+00 2.694264407897329683e+00 3.606423810936935759e+00 8.241545988346671292e-01 5.878676470588236214e+01 6.411764705882355031e+01 7.835127053610118253e+01 6.400000000000000000e+01
3.000000000000001332e+00 1.732050807568875417e+00 2.768874620972691325e+00 8.969007753467886923e-01 7.091836734693877986e+01 7.091836734693877986e+01 8.358597044440597301e+01 9.000000000000000000e+00
6.000000000000006217e+00 3.605551275463989125e+00 4.523443208612046185e+00 7.178092383629813833e-01 6.188354129530599579e+01 6.417112299465239289e+01 7.795706597891405920e+01 3.600000000000000000e+01
3.000000000000000000e+00 1.872589065108493100e+00 2.840483915213211308e+00 7.408330946814266627e-01 6.747921390778535056e+01 7.091836734693877986e+01 8.519447630892837253e+01 2.700000000000000000e+01
4.452472834845050187e+00 2.593716649372269867e+00 3.583556649830503371e+00 6.376885816761562742e-01 5.832438238453278956e+01 6.020408163265307877e+01 7.544267355632980809e+01 9.500000000000000000e+01
4.477279046179294397e+00 2.011822435703274792e+00 4.221350442364322220e+00 5.579975756304359491e-01 5.852272727272727337e+01 5.781249999999999289e+01 7.508864879962197847e+01 8.800000000000000000e+01
3.690196751790230767e+00 2.182954051739806722e+00 3.178623568624079354e+00 7.973139477640542871e-01 6.300069662138628246e+01 6.060606060606060908e+01 7.950767077340495348e+01 5.800000000000000000e+01
3.417799053342156057e+00 1.624504792712470058e+00 2.754870565694516937e+00 8.766083702656427556e-01 6.047880690737835607e+01 5.663265306122450227e+01 7.430371943913726795e+01 3.900000000000000000e+01
5.291502622129186761e+00 3.741657386773942218e+00 3.779644730092271754e+00 9.035334708522129166e-01 5.450725744843391851e+01 4.652406417112299408e+01 6.668173278384313107e+01 2.800000000000000000e+01
4.560252733469581266e+00 2.169366792317091175e+00 4.073809215464738287e+00 7.198457803791730170e-01 6.417678182384064201e+01 7.089947089947091285e+01 8.223083864861240500e+01 8.500000000000000000e+01
3.758126598666943430e+00 1.998616390245915531e+00 3.466546446899640088e+00 6.165422594385790989e-01 6.268939393939395899e+01 6.060606060606060908e+01 7.962442016786692989e+01 5.600000000000000000e+01
3.174056946848467842e+00 1.769243421023759533e+00 2.917067083223769952e+00 7.536736509630652670e-01 5.538899430740038810e+01 5.235294117647059409e+01 7.273370875633062838e+01 9.300000000000000000e+01
4.496369017956752145e+00 2.749410998054592437e+00 3.985122276835399990e+00 7.780410232271419702e-01 5.993277310924369061e+01 6.514285714285713880e+01 7.947069925846264482e+01 8.500000000000000000e+01
3.470224068874455003e+00 1.867049847642348270e+00 3.435341953254259728e+00 8.646829404968492394e-01 5.182910182910182328e+01 4.494949494949494806e+01 6.481118229786223139e+01 3.700000000000000000e+01
2.801398976872422342e+00 1.625810147025598118e+00 2.851519360299465511e+00 6.982586396151578834e-01 6.199180327868852203e+01 6.350000000000000000e+01 8.103673503793189070e+01 6.100000000000000000e+01
4.129089923331263456e+00 2.465023849561758684e+00 3.741795807666767448e+00 7.120495697640433219e-01 6.537202380952381020e+01 7.447916666666667140e+01 8.390620536456444256e+01 7.000000000000000000e+01
4.232112912926796255e+00 2.465906486032912959e+00 3.597143639786702263e+00 7.223727949178473384e-01 5.994252873563218031e+01 6.149425287356319814e+01 7.901482291084916199e+01 8.000000000000000000e+01
3.029963616370213053e+00 1.747916995328922196e+00 2.765667589342816424e+00 6.413752114817209415e-01 5.953557312252964095e+01 6.032608695652172059e+01 7.545308654875438492e+01 7.700000000000000000e+01
4.084928243412353943e+00 1.996360425755629331e+00 3.673242558813002656e+00 9.487082220245589559e-01 5.149868247694334400e+01 5.163043478260868113e+01 6.516174210551530166e+01 6.600000000000000000e+01
4.532275695343956023e+00 2.530852947498569705e+00 3.723815942967573012e+00 7.479391113396622881e-01 5.945978682170544261e+01 6.197916666666665719e+01 7.639340130339530788e+01 8.600000000000000000e+01
3.214813627229278659e+00 1.757556329918634752e+00 2.932319336354967110e+00 6.309188599224185845e-01 7.861764705882352189e+01 8.950000000000000000e+01 9.663371954222795068e+01 3.400000000000000000e+01
4.167487710016002822e+00 2.701450626819697831e+00 3.698667290177430456e+00 7.333663641212431195e-01 5.540464063384266069e+01 5.430107526881718627e+01 7.259268356092476893e+01 7.600000000000000000e+01
4.549279604719655090e+00 2.877000972476521756e+00 4.347024165083628766e+00 8.649159783141384672e-01 6.392792792792790380e+01 7.243243243243240670e+01 8.486789974839511785e+01 7.500000000000000000e+01
2.914924973589222201e+00 1.639858040298433517e+00 2.784298562266965149e+00 6.805949895966320051e-01 6.683501683501683033e+01 7.222222222222221433e+01 8.071678491287615032e+01 2.700000000000000000e+01
4.180189281415560565e+00 2.054378931631849259e+00 3.737133647562288274e+00 6.600763789044953311e-01 6.523569023569025660e+01 7.171717171717173755e+01 8.210226842824413040e+01 6.600000000000000000e+01
4.055587654546237708e+00 2.394178635866833549e+00 3.621183912439867036e+00 8.136885630656635060e-01 5.856725146198829890e+01 6.277777777777778567e+01 7.754917905736900252e+01 5.700000000000000000e+01
2.966225266043572173e+00 1.505965854614922161e+00 3.012831666420596743e+00 7.935950626195762414e-01 5.820512820512819729e+01 5.948717948717947479e+01 7.255595526073166468e+01 2.600000000000000000e+01
4.305116202499345235e+00 2.420507100726889238e+00 3.546761416409871526e+00 5.227723509438841898e-01 6.396825396825398258e+01 6.137566137566138735e+01 8.136062215694519750e+01 9.000000000000000000e+01
2.821232834790522226e+00 1.718771927587478210e+00 2.704221238619769263e+00 7.582840385784679338e-01 6.879734848484849863e+01 7.447916666666667140e+01 8.434767900151139486e+01 2.200000000000000000e+01
4.367304109965627568e+00 2.333828126976289496e+00 3.680855869726767260e+00 6.286285182702368024e-01 5.771671455938697903e+01 5.364583333333332860e+01 7.283619735523558347e+01 8.700000000000000000e+01
3.160286115191436096e+00 1.356353800365877493e+00 3.204574799806694685e+00 8.072325457634303980e-01 5.588942307692308731e+01 5.364583333333332860e+01 7.147926970583475281e+01 9.100000000000000000e+01
3.103189366776666347e+00 1.709644730124902479e+00 2.774809549524140717e+00 7.701484222524724865e-01 5.675981161695446531e+01 5.657142857142856940e+01 7.436518002896121970e+01 9.100000000000000000e+01
2.870826340109790209e+00 1.639731039295134529e+00 2.708971996228636492e+00 7.564593198147283593e-01 5.639397639397638784e+01 5.873015873015871335e+01 7.338240431997120083e+01 6.500000000000000000e+01
3.224464707099023997e+00 2.031618021039866218e+00 2.678501971235609513e+00 8.293997098105002630e-01 6.635416666666668561e+01 7.760416666666667140e+01 8.304492460502866891e+01 3.000000000000000000e+01
3.066683065310023881e+00 1.311788577128785160e+00 2.959965818056255138e+00 9.446702830916818838e-01 5.233285233285234028e+01 4.761904761904761330e+01 6.708935927484208150e+01 8.800000000000000000e+01
3.797623740060459330e+00 2.178682455327371148e+00 3.437992085695791289e+00 7.178269663282546009e-01 6.240909090909091361e+01 6.450000000000000000e+01 7.820499252569274518e+01 5.500000000000000000e+01
3.863389150321993704e+00 2.219312906375528360e+00 3.107074158894080451e+00 6.566060396482642503e-01 6.221929824561404132e+01 5.950000000000000000e+01 7.892444517219638556e+01 5.700000000000000000e+01
3.690388361005466411e+00 2.145059759333163285e+00 3.380277307809158138e+00 7.513859348620368639e-01 5.813636363636364024e+01 5.950000000000000000e+01 7.296183375321557207e+01 4.400000000000000000e+01
3.162277660168379967e+00 2.236067977499785364e+00 2.828427124746188959e+00 9.649842591024190286e-01 6.727272727272726627e+01 7.727272727272728048e+01 8.184632422815553809e+01 1.000000000000000000e+01
3.008026433475695427e+00 1.501729386786691434e+00 3.172744062033257428e+00 6.270619669294549281e-01 6.301169590643274177e+01 6.313131313131312083e+01 8.137467300640649626e+01 7.600000000000000000e+01
4.619323420932202495e+00 2.753469455047806935e+00 3.849751840238901046e+00 7.727971525629226957e-01 5.108854166666666430e+01 5.450000000000000000e+01 6.676776981590013804e+01 9.600000000000000000e+01
3.571228949630101290e+00 1.894085280512568747e+00 3.072133396015151341e+00 7.875177886063718935e-01 6.164785062961354356e+01 5.663265306122450227e+01 7.596769434962205025e+01 4.700000000000000000e+01
3.308625071570883591e+00 2.054920495191892904e+00 2.668644140023512357e+00 7.890547860444344641e-01 5.774891774891776208e+01 6.060606060606060908e+01 7.140290213632647465e+01 3.500000000000000000e+01
3.162277660168380855e+00 1.732050807568873863e+00 2.768874620972692213e+00 9.183897255886539490e-01 6.948979591836736347e+01 7.091836734693877986e+01 8.059356183051221478e+01 1.000000000000000000e+01
2.925545168880547831e+00 1.806125317156169530e+00 2.876773587951027000e+00 8.293397872376515600e-01 5.998100664767331125e+01 6.615384615384614619e+01 7.407333433684932800e+01 2.700000000000000000e+01
4.415213297067521303e+00 2.783810925881602838e+00 4.058240733912278131e+00 8.374734979256649448e-01 4.754154447702834574e+01 4.272727272727271952e+01 6.115868261373181980e+01 9.300000000000000000e+01
2.993582842712377623e+00 1.369589373393602649e+00 2.956665767745846551e+00 8.035197774063520537e-01 5.594583987441129835e+01 5.484693877551022467e+01 7.262044737263740046e+01 7.800000000000000000e+01
6.324555320336762598e+00 4.795831523312715561e+00 4.681136985632963210e+00 9.027558099361882027e-01 5.770000000000000284e+01 6.350000000000000000e+01 7.392429601789264382e+01 4.000000000000000000e+01
3.096889012676838249e+00 1.611733488228683786e+00 3.142649713351246099e+00 6.566904619970888035e-01 6.117216117216116800e+01 6.483516483516483220e+01 7.983879535566089203e+01 8.400000000000000000e+01
5.916079783099619682e+00 3.316624790355398478e+00 4.502524544378105453e+00 7.425924505414647214e-01 5.828877005347593609e+01 6.417112299465239289e+01 7.357338521507652729e+01 3.500000000000000000e+01
3.791955329279465214e+00 1.804732269606139416e+00 3.411643465950292331e+00 6.611009218600737425e-01 6.436813186813185439e+01 6.615384615384614619e+01 7.999171305275281441e+01 5.600000000000000000e+01
2.859107444111963936e+00 1.374108810316636564e+00 2.889568680176238136e+00 9.225774997654714316e-01 6.668862538427755737e+01 7.222222222222221433e+01 8.098979361023084778e+01 2.300000000000000000e+01
3.016653425788794696e+00 1.633177457717500891e+00 2.572666027815812662e+00 6.962214178195597070e-01 5.408227848101266488e+01 5.150000000000000000e+01 6.893852810068341341e+01 7.900000000000000000e+01
4.358898943540676640e+00 2.999999999999995115e+00 3.464101615137753942e+00 8.980457835753026252e-01 6.021592442645073362e+01 6.102564102564102910e+01 7.364105083813174701e+01 1.900000000000000000e+01
3.117347444383905319e+00 1.719026390869492271e+00 2.819937506198156640e+00 7.319101581864476680e-01 6.097826086956521152e+01 6.467391304347823677e+01 7.836790923864407432e+01 1.000000000000000000e+02
4.073415137235904204e+00 1.753611033677315412e+00 3.885265417785477293e+00 7.916603673993100054e-01 5.984586347908147275e+01 5.828877005347592899e+01 7.468539906069321432e+01 6.800000000000000000e+01
3.464101615137754830e+00 1.414213562373091149e+00 3.240370349203930189e+00 9.990602457784834023e-01 6.153198653198653290e+01 4.949494949494949481e+01 7.190187666917451281e+01 1.200000000000000000e+01
3.578679013181707891e+00 1.411382210271883597e+00 3.291961586009642282e+00 7.600599336921097793e-01 6.227787716159810572e+01 6.615384615384614619e+01 7.736253958658345198e+01 4.300000000000000000e+01
3.391268859946506176e+00 1.653242176123843388e+00 3.164517974744610385e+00 7.228699305600465586e-01 6.214364035087717042e+01 5.572916666666667140e+01 7.751194562045088787e+01 3.800000000000000000e+01
3.464101615137757495e+00 9.999999999999986677e-01 3.464101615137753942e+00 1.021789598292135448e+00 6.033333333333333570e+01 5.450000000000000000e+01 7.164355458618766193e+01 1.200000000000000000e+01
4.575535033896149351e+00 2.661907487568175412e+00 4.058986924075876246e+00 6.562957034747444185e-01 5.935922756199254025e+01 6.020408163265307877e+01 7.715970497690379659e+01 9.300000000000000000e+01
3.525464797724547239e+00 2.148147388304088246e+00 3.006876640441269899e+00 8.279875242686710601e-01 6.235246235246235358e+01 6.137566137566138735e+01 8.020859237927211893e+01 3.900000000000000000e+01
2.895846236466804502e+00 1.526210087622051681e+00 2.731868492323626274e+00 7.587637842999628290e-01 6.649305555555555713e+01 6.614583333333334281e+01 8.268429518139673462e+01 2.400000000000000000e+01
3.860052991802859435e+00 2.334712643791802211e+00 3.379079597028856519e+00 7.945785604926051127e-01 5.142361111111110716e+01 4.531250000000000000e+01 6.499296419646151435e+01 6.000000000000000000e+01
3.571228949630101290e+00 1.809209946961145343e+00 3.090822499939777313e+00 6.148886576309920970e-01 6.863873208858015573e+01 7.806122448979593287e+01 8.435196100965197274e+01 4.700000000000000000e+01
3.090649967278153554e+00 1.626154887799724058e+00 2.972427018155689993e+00 6.090471318071054574e-01 5.550753546099290503e+01 5.364583333333332860e+01 7.073541512929770647e+01 9.400000000000000000e+01
4.244576643301564367e+00 2.589420177269644352e+00 3.502885001019267364e+00 7.633667769729143293e-01 5.753205128205130592e+01 5.572916666666667140e+01 7.512737377598000421e+01 7.800000000000000000e+01
2.651063199613673316e+00 1.421763555778501775e+00 2.551992003315212365e+00 8.235977287796507618e-01 6.476315789473683537e+01 5.950000000000000000e+01 7.773766387553010304e+01 1.900000000000000000e+01
3.219945951090183112e+00 1.554861888579559093e+00 2.942583590434743268e+00 5.872250424543898895e-01 5.437500000000000000e+01 5.550000000000000000e+01 6.987890643208982056e+01 9.600000000000000000e+01
4.723267695466268457e+00 3.119042607094208996e+00 3.730143192406409014e+00 8.667056646805797460e-01 5.823664707385638195e+01 5.767441860465117287e+01 7.703798329127178590e+01 9.100000000000000000e+01
4.308738674217013731e+00 2.598816546455290588e+00 3.779526055259632145e+00 8.363891065628751287e-01 4.908895265423243615e+01 4.058823529411764497e+01 6.286859734640717789e+01 8.200000000000000000e+01
3.391268859946506176e+00 1.753915771095078346e+00 2.940831739563085634e+00 6.621191191435836787e-01 7.389686337054757814e+01 8.131313131313130782e+01 8.975370092700953251e+01 3.800000000000000000e+01
3.887005260446271482e+00 1.917034047639570638e+00 3.346925912979809237e+00 8.331640337276341457e-01 5.098148148148148096e+01 3.950000000000000000e+01 6.361433699535093211e+01 5.400000000000000000e+01
3.936594067213698978e+00 2.087852652844171875e+00 3.486374628391833763e+00 6.925750516014296254e-01 6.611223118279568212e+01 7.447916666666667140e+01 8.308641619733496952e+01 6.200000000000000000e+01
5.830951894845305183e+00 3.605551275463985572e+00 4.624350266212043259e+00 8.884498719873116235e-01 5.270350564468211019e+01 5.404040404040403445e+01 6.674844834183933528e+01 3.400000000000000000e+01
6.403124237432850308e+00 4.472135954999572505e+00 4.764451699828637921e+00 8.528200739166624800e-01 6.080315348608031911e+01 6.313131313131312083e+01 7.744419509209588171e+01 4.100000000000000000e+01
4.568023695472898105e+00 2.837788215971913885e+00 4.158607059385300175e+00 7.511460286015854138e-01 5.702451394759084735e+01 5.846153846153843858e+01 7.643254273682015310e+01 9.100000000000000000e+01
3.971233272358802857e+00 1.786353316186188422e+00 3.732298446312297902e+00 7.181478936503378208e-01 6.607399425287357531e+01 6.822916666666667140e+01 8.326734147374661177e+01 5.800000000000000000e+01
4.447659781033329374e+00 2.846921056866173583e+00 4.061261981781176367e+00 7.386641730065732769e-01 6.794181034482761561e+01 7.447916666666667140e+01 9.012339174870180614e+01 8.700000000000000000e+01
1.999999999999999778e+00 9.999999999999992228e-01 1.999999999999999334e+00 1.007268249456820586e+00 9.950000000000000000e+01 9.950000000000000000e+01 1.063656907692457452e+02 2.000000000000000000e+00
3.472798276262135886e+00 2.026257703438623103e+00 3.187760602290150569e+00 7.158600734017550593e-01 6.035914702581369085e+01 6.060606060606060908e+01 7.571031211883713752e+01 4.500000000000000000e+01
2.964872367362644923e+00 1.549918987548336125e+00 3.134144747545803078e+00 7.426683802743245799e-01 5.559876543209876587e+01 5.150000000000000000e+01 7.159447159731671206e+01 8.100000000000000000e+01
4.109329893257315902e+00 2.390498432766229531e+00 3.517754485934192488e+00 7.377508564665594681e-01 5.722307692307692406e+01 5.950000000000000000e+01 7.310961706927292880e+01 6.500000000000000000e+01
2.514038339032704350e+00 1.237165864584029107e+00 2.574546880280946581e+00 6.823201612256184490e-01 7.003126954346465993e+01 7.641025641025640880e+01 8.679058714168343158e+01 4.100000000000000000e+01
3.125190499361763408e+00 1.700000514347913771e+00 3.124472140604366288e+00 6.531303684092151229e-01 5.988255872063967189e+01 5.804597701149423727e+01 7.887552853987891410e+01 9.200000000000000000e+01
3.714471242937834816e+00 2.705088776592110555e+00 3.064160091461082036e+00 8.744621573895969835e-01 5.456122448979591866e+01 4.770408163265307877e+01 6.903095650182787324e+01 5.000000000000000000e+01
4.502496085268666626e+00 1.194077709722841441e+00 4.536124238870155700e+00 8.373344446585629930e-01 5.103415103415102294e+01 4.761904761904761330e+01 6.592636812046448824e+01 7.700000000000000000e+01
3.857512320049021781e+00 1.447851599962805214e+00 3.837981546010297507e+00 8.199051438476936404e-01 6.370976197965817533e+01 6.417112299465239289e+01 8.000898659984659389e+01 5.100000000000000000e+01
3.690388361005466411e+00 1.769944251172647531e+00 3.546459990350942615e+00 7.680239407421279862e-01 6.617647058823528994e+01 7.005347593582887100e+01 8.434460507422912201e+01 4.400000000000000000e+01
3.447667550039400286e+00 2.163004601207530353e+00 3.009058952232229966e+00 7.687810703868120932e-01 5.898785425101213065e+01 6.263157894736841769e+01 7.458782387258845858e+01 3.900000000000000000e+01
3.972016760235770771e+00 2.564584977333110416e+00 3.438027792201966637e+00 7.595365565695685328e-01 5.957190957190957192e+01 6.984126984126982052e+01 7.730061570986191555e+01 6.600000000000000000e+01
4.259514672134425695e+00 2.175239896867986911e+00 4.037420398303249947e+00 7.312686484906043560e-01 5.433201058201056810e+01 5.502645502645501097e+01 6.970408229409304113e+01 6.400000000000000000e+01
3.132001599140602721e+00 1.812114604518129557e+00 2.983149369756764813e+00 6.981261378106645710e-01 5.433380248651184985e+01 5.306122448979593287e+01 7.029326857568925391e+01 8.700000000000000000e+01
3.488515311476514835e+00 1.453397952174120267e+00 3.157798606108342288e+00 7.902504690045843994e-01 5.209605209605211229e+01 5.185185185185186185e+01 6.533477642946192532e+01 3.900000000000000000e+01
3.605551275463991789e+00 2.828427124746188515e+00 3.082207001484488451e+00 9.844095914584566342e-01 6.358173076923076650e+01 6.614583333333334281e+01 7.890880037661361257e+01 1.300000000000000000e+01
4.062137972009410625e+00 2.266529292482567737e+00 3.628030261154064018e+00 7.091863926251475991e-01 5.440051020408164106e+01 5.663265306122450227e+01 7.009891868641869905e+01 6.400000000000000000e+01
4.123105625617662362e+00 2.449489742783176105e+00 3.366501646120692026e+00 7.615387501042066853e-01 7.067647058823530415e+01 7.950000000000000000e+01 8.723532949731173858e+01 1.700000000000000000e+01
3.248864133333840609e+00 1.831000055666829995e+00 3.175567249997755415e+00 7.444808037762802311e-01 6.124387254901961342e+01 5.572916666666667140e+01 7.662698151490791076e+01 3.400000000000000000e+01
4.460076905311537665e+00 2.692173218196953322e+00 3.996942633211627793e+00 7.850830799969794604e-01 6.122981366459628561e+01 6.371428571428570820e+01 8.069498676979047502e+01 9.200000000000000000e+01
3.443857242552258668e+00 1.657433125965037890e+00 3.400374513108338714e+00 6.748313155406923114e-01 6.482051282051283181e+01 5.948717948717947479e+01 8.103626675799915802e+01 4.000000000000000000e+01
4.130545900558222350e+00 2.198194122584045562e+00 3.626454776620058773e+00 6.283357306304239165e-01 5.902738565782043878e+01 6.032608695652172059e+01 7.553370159659368710e+01 7.700000000000000000e+01
5.567764362830025959e+00 4.123105625617656145e+00 4.270280332442714766e+00 9.276322601905915288e-01 5.722819593787335890e+01 6.137566137566138735e+01 7.205253022621803893e+01 3.100000000000000000e+01
2.799705141785250984e+00 1.493170224519990041e+00 2.847415145006136239e+00 6.295509159898472484e-01 6.138269402319357937e+01 6.263157894736841769e+01 7.798705223416489218e+01 5.900000000000000000e+01
3.162277660168379967e+00 1.999999999999996003e+00 2.915475947422649483e+00 9.709362624601363123e-01 6.616161616161615200e+01 6.616161616161616621e+01 8.031259517627161415e+01 1.000000000000000000e+01
3.651851665012083803e+00 1.936476028913883818e+00 3.237540123235693734e+00 7.233240974012513647e-01 6.366185897435897090e+01 6.510416666666667140e+01 7.949531332839933384e+01 5.200000000000000000e+01
3.883599148567638881e+00 2.030131062864512614e+00 3.455290445411246303e+00 6.401211690431932722e-01 6.132880529432252814e+01 6.085858585858585457e+01 7.889163326848100155e+01 5.800000000000000000e+01
2.801394271450238893e+00 1.649258047632348845e+00 2.671030288492977522e+00 7.240010247700352508e-01 6.667493386243387476e+01 7.447916666666667140e+01 8.628852679707769369e+01 6.300000000000000000e+01
2.743983759274765344e+00 1.234617544885747931e+00 2.862429327541429203e+00 6.104472768761254331e-01 6.312354312354311503e+01 5.948717948717947479e+01 7.800454906593874682e+01 5.500000000000000000e+01
4.582575694955843382e+00 2.236067977499786252e+00 3.714835124201341099e+00 6.701289138873288698e-01 7.145262145262147158e+01 7.727272727272728048e+01 8.480572140173087803e+01 2.100000000000000000e+01
3.433853546442000138e+00 1.363963208503279789e+00 3.175317677932843363e+00 8.768317231103223142e-01 5.247297297297297547e+01 3.950000000000000000e+01 6.512969679419138913e+01 3.700000000000000000e+01
4.306664873556068862e+00 1.660689514505473197e+00 4.009494574004495604e+00 9.659828865070198001e-01 4.152496626180835193e+01 2.897435897435897090e+01 4.929175873838065058e+01 7.600000000000000000e+01
3.070453389382776788e+00 1.750396258794106652e+00 2.988706734402085896e+00 9.059835225037047302e-01 5.922512374125278711e+01 5.661375661375662105e+01 7.595532708664264021e+01 3.100000000000000000e+01
3.039043575671755981e+00 1.560649296879610182e+00 2.749765053153046868e+00 6.479178057121333101e-01 5.994565217391303946e+01 6.032608695652172059e+01 7.657162714529104619e+01 8.000000000000000000e+01
4.225790371198992368e+00 2.720739191728861694e+00 3.299840112823454685e+00 8.634924079099421945e-01 5.928051001821493315e+01 6.277777777777778567e+01 7.678504491590454961e+01 6.100000000000000000e+01
3.112620717711054308e+00 1.905171406961513325e+00 2.938651851706754137e+00 8.137687380186640063e-01 5.849160981006824045e+01 5.828877005347592899e+01 7.347222310071836660e+01 2.900000000000000000e+01
3.317992754654951693e+00 1.932478941038321407e+00 3.032835108411607639e+00 7.140079520366441335e-01 7.181041181041182142e+01 7.948717948717948900e+01 9.130546894840396988e+01 3.300000000000000000e+01
2.999999999999999112e+00 1.999999999999997558e+00 2.499999999999999112e+00 1.009288395891270618e+00 8.838383838383838054e+01 9.949494949494948060e+01 9.720371562115558106e+01 3.000000000000000000e+00
2.865059256520582132e+00 1.697678847993248752e+00 2.576065390090266138e+00 8.245407872377750191e-01 5.955473098330244142e+01 5.663265306122450227e+01 7.363411900602469018e+01 2.200000000000000000e+01
4.293242760469371255e+00 2.664201625617396374e+00 3.275569496728129693e+00 8.162493121634767368e-01 6.120120120120120788e+01 6.277777777777778567e+01 7.971317727473157788e+01 7.400000000000000000e+01
3.464101615137754830e+00 2.236067977499785364e+00 3.130495168499704661e+00 8.842505799712544468e-01 7.079124579124578531e+01 7.727272727272728048e+01 8.652859163151607902e+01 1.200000000000000000e+01
4.154850535565075553e+00 2.718516796011661185e+00 3.977343639977678258e+00 8.019337627047772310e-01 5.516103059581323720e+01 5.500000000000002132e+01 7.339502166964820162e+01 6.900000000000000000e+01
3.917437508547000125e+00 2.129049131273969664e+00 3.543928915419705561e+00 6.254866478997358481e-01 6.671311475409837044e+01 6.950000000000000000e+01 8.574839362516723895e+01 6.100000000000000000e+01
3.171555652704116213e+00 1.557744262296001159e+00 2.958595098240503596e+00 5.549213116828901615e-01 6.806372986148268467e+01 7.089947089947091285e+01 8.715934081872325123e+01 8.900000000000000000e+01
3.121428623488584186e+00 1.311532643270796772e+00 2.981238227211335801e+00 8.415746959138893368e-01 6.047619047619048160e+01 5.717948717948718951e+01 7.437927082767066622e+01 2.800000000000000000e+01
3.130002764002343785e+00 1.494298231276934175e+00 3.180757038691403693e+00 6.927450987624301781e-01 5.369026013309134981e+01 5.114942528735630844e+01 7.025150809791330175e+01 9.500000000000000000e+01
4.261553070848138169e+00 2.409397529872392418e+00 3.725583589999713841e+00 5.765326418445683165e-01 5.917666166916541215e+01 6.032608695652172059e+01 7.589472238149686234e+01 8.700000000000000000e+01
6.708203932499374744e+00 4.690415759823425290e+00 4.690415759823430619e+00 8.504972950566344059e-01 5.185555555555555429e+01 5.150000000000000000e+01 6.498308255444473502e+01 4.500000000000000000e+01
3.046603479007058635e+00 1.953100515633504841e+00 2.667684834315890985e+00 8.589301649848360976e-01 6.313657407407408328e+01 6.197916666666667140e+01 7.895279240170800961e+01 2.700000000000000000e+01
4.236588177000745858e+00 2.712427139224153905e+00 3.642568664206498941e+00 7.608549518964828895e-01 5.952380952380952550e+01 5.752688172043009018e+01 7.679965189993671970e+01 8.400000000000000000e+01
3.405744011165634078e+00 1.353089254757054771e+00 3.554690189176421988e+00 7.563312173128524663e-01 6.152421652421651288e+01 5.948717948717947479e+01 7.643676112890244667e+01 3.600000000000000000e+01
3.518399582762729683e+00 1.866065983073614598e+00 3.120690766494110591e+00 7.052334274595323249e-01 5.445688689809629324e+01 5.736842105263158231e+01 6.825952180056918905e+01 4.700000000000000000e+01
3.080024803083043494e+00 1.581694511320324237e+00 2.936686322246467196e+00 6.359335307139507565e-01 6.941964285714286120e+01 7.447916666666667140e+01 8.627566051709804640e+01 2.800000000000000000e+01
3.060809300286985835e+00 1.466782116502465039e+00 3.020061562635751429e+00 6.146820785625597416e-01 6.212121212121211755e+01 6.767676767676768179e+01 7.850807511684112683e+01 8.100000000000000000e+01
2.782783380839038312e+00 1.430969081105256002e+00 2.863023199765005078e+00 8.259399625430713376e-01 5.612052730696797198e+01 5.404040404040403445e+01 7.187319528306555583e+01 5.900000000000000000e+01
4.573050519273265557e+00 2.596357213037182365e+00 3.895915202259449206e+00 7.105211392447862151e-01 5.021111111111110858e+01 4.611111111111110716e+01 6.493540412792756911e+01 1.000000000000000000e+02
3.552343858581806124e+00 1.950202994803189815e+00 3.386699273069784688e+00 7.412790657009526996e-01 6.588383838383840896e+01 7.171717171717173755e+01 8.314610383096304247e+01 4.000000000000000000e+01
1.999999999999999778e+00 9.999999999999992228e-01 1.999999999999999334e+00 1.007268249456820586e+00 9.950000000000000000e+01 9.950000000000000000e+01 1.063656907692457452e+02 2.000000000000000000e+00
3.139917851398631665e+00 1.795815839415944026e+00 3.049595127390691385e+00 8.692089395486531922e-01 4.870370370370373081e+01 4.388888888888889994e+01 6.272427767595466719e+01 9.000000000000000000e+01
3.110097340033449509e+00 1.533674686838557344e+00 2.886200311646235583e+00 5.925494060700420285e-01 6.437590187590186019e+01 6.540404040404040131e+01 8.256400035587333264e+01 8.400000000000000000e+01
3.620588566750505333e+00 2.085030846909702529e+00 3.228249057864211569e+00 6.861801778874350166e-01 6.502896613190731046e+01 6.417112299465239289e+01 8.156348893769515485e+01 4.800000000000000000e+01
2.931528549739435885e+00 1.125877088999955200e+00 2.971925010679696832e+00 8.664121153958168620e-01 6.931313131313130782e+01 7.222222222222221433e+01 8.554687590554745213e+01 2.500000000000000000e+01
2.706208789527920544e+00 1.326552303706025171e+00 2.729772769117779330e+00 7.207061721271680321e-01 5.928766017556250745e+01 5.828877005347592899e+01 7.462351148109146948e+01 5.300000000000000000e+01
3.124768261846389006e+00 1.773230728230249076e+00 2.960668397471785784e+00 6.640399607314854125e-01 6.559545106056732777e+01 7.060439560439559159e+01 8.580159708643765271e+01 8.600000000000000000e+01
3.801229815689148417e+00 2.057687550781698071e+00 3.379096938120360161e+00 6.090121959329406476e-01 6.373539314715787185e+01 6.417112299465239289e+01 7.986863523940824905e+01 5.400000000000000000e+01
3.337539485636860981e+00 2.271602219601014383e+00 3.111353379514366413e+00 8.899031127774850169e-01 6.144300144300145661e+01 6.313131313131312083e+01 7.855028517725871495e+01 3.500000000000000000e+01
4.122648616161925794e+00 2.207450292456597296e+00 3.400009296424753469e+00 6.034705745508295305e-01 6.064864864864864558e+01 5.950000000000000000e+01 7.610878932787153417e+01 7.400000000000000000e+01
3.489479239768316532e+00 1.865022027379802605e+00 3.241964692981093688e+00 8.787819884292087380e-01 5.030718336483933939e+01 4.510869565217390686e+01 6.326208980740045007e+01 4.600000000000000000e+01
3.840639066551654324e+00 1.939296143833065367e+00 3.325550440167440502e+00 7.510553138717506183e-01 5.583509887005650540e+01 4.947916666666666430e+01 7.100624372281664876e+01 5.900000000000000000e+01
6.928203230275510549e+00 5.196152422706621365e+00 5.340273262532406306e+00 9.018235883727988567e-01 6.242816091954023250e+01 6.839080459770113407e+01 8.128285603529806735e+01 4.800000000000000000e+01
3.233251966356718299e+00 1.417891826055398541e+00 3.216334773621527088e+00 7.364552515380721198e-01 5.357142857142857650e+01 5.329670329670329210e+01 6.836196589469899720e+01 9.800000000000000000e+01
4.000000000000004441e+00 2.449489742783172996e+00 3.415650255319865547e+00 7.836534813619140394e-01 6.887500000000000000e+01 7.450000000000000000e+01 8.463105358047295113e+01 1.600000000000000000e+01
3.000068580050359035e+00 1.779797361344859885e+00 2.736413224161324376e+00 6.848042714141943099e-01 6.189065255731922122e+01 6.984126984126982052e+01 8.102720147128131600e+01 7.500000000000000000e+01
2.827614698027369311e+00 1.044493216110784495e+00 2.916917438209842395e+00 7.622282747267487002e-01 6.110008271298593741e+01 5.948717948717947479e+01 7.584453036953171079e+01 6.200000000000000000e+01
4.358898943540676640e+00 2.828427124746186294e+00 3.122498999199198266e+00 8.145264616048596418e-01 6.528947368421052033e+01 6.950000000000000000e+01 7.779335920955735162e+01 1.900000000000000000e+01
3.207341826732860834e+00 1.847391989900247999e+00 2.799421824485746946e+00 6.255336725204896364e-01 6.267361111111112137e+01 6.614583333333332860e+01 8.025487548685734396e+01 9.600000000000000000e+01
2.449489742783179214e+00 1.414213562373093591e+00 2.345207879911713977e+00 9.078989837182460665e-01 7.950000000000000000e+01 7.950000000000000000e+01 9.189097746047484350e+01 6.000000000000000000e+00
4.582575694955841605e+00 2.449489742783176993e+00 4.041451884327380562e+00 8.122654610523952767e-01 6.212454212454213121e+01 6.102564102564102910e+01 7.684730597198301894e+01 2.100000000000000000e+01
3.870595094881730258e+00 2.157846800185250657e+00 3.066444210272065263e+00 6.701878187364237460e-01 5.363327674023767599e+01 4.684210526315789735e+01 6.655883507426186441e+01 6.200000000000000000e+01
4.525663944319812337e+00 2.750123459928035530e+00 4.001503526656501109e+00 7.734970725605510022e-01 5.068181818181820120e+01 5.181818181818180591e+01 6.698213769837795439e+01 8.600000000000000000e+01
3.420905506560863785e+00 1.442024455224473201e+00 3.612211688394200149e+00 7.018067605886902927e-01 6.263706140350875273e+01 6.510416666666667140e+01 7.919548032344305000e+01 3.800000000000000000e+01
3.822212302187066424e+00 2.050951479524693699e+00 3.496778706862012864e+00 7.253109837476208188e-01 6.040404040404040131e+01 6.313131313131312083e+01 7.680953077320089051e+01 5.500000000000000000e+01
4.326157062473871662e+00 2.912626772373136053e+00 3.498897698666880718e+00 8.790161156543002674e-01 4.854907539118067916e+01 3.894736842105263008e+01 6.214333130907640879e+01 7.400000000000000000e+01
4.227569609946699281e+00 2.426003669890872239e+00 3.775714196835325609e+00 6.413552244350165799e-01 6.349882491186837541e+01 6.467391304347823677e+01 8.179975573347876150e+01 7.400000000000000000e+01
5.099019513592787156e+00 2.449489742783176105e+00 4.472135954999579610e+00 7.288833088955329886e-01 5.910518053375197667e+01 5.663265306122450227e+01 7.314824057702391258e+01 2.600000000000000000e+01
3.162277660168379967e+00 1.732050807568875861e+00 2.999999999999999112e+00 8.583433884121212110e-01 7.806122448979593287e+01 8.520408163265307167e+01 9.389236338653554981e+01 1.000000000000000000e+01
3.400535260798896342e+00 1.866975152202277277e+00 3.192452924350068777e+00 7.543418623010482715e-01 6.859287054409004725e+01 7.282051282051281760e+01 8.709935288922424945e+01 4.100000000000000000e+01
3.641539335451072112e+00 1.637559947732269539e+00 3.850365697742043292e+00 7.120905960897085940e-01 6.332210998877665276e+01 6.616161616161616621e+01 8.081684282676567932e+01 4.500000000000000000e+01
3.124768261846389006e+00 2.041962013630318928e+00 3.045929311590763966e+00 7.441493638206049255e-01 6.492248062015507060e+01 7.135416666666667140e+01 8.519847440749340706e+01 8.600000000000000000e+01
4.374543611562862644e+00 1.983900391039281619e+00 3.857257876982907341e+00 7.296405321117265252e-01 5.156508549365692318e+01 4.591836734693878697e+01 6.590825524199654240e+01 7.400000000000000000e+01
2.990230473297792901e+00 1.124679973002420175e+00 3.182814590588709969e+00 7.008800822331110458e-01 5.501778455284553360e+01 5.364583333333332860e+01 7.079878914269121992e+01 8.200000000000000000e+01
3.032910082627698234e+00 1.706510555651735039e+00 2.496361309743483137e+00 8.597770056139273365e-01 6.865079365079364493e+01 6.767676767676768179e+01 8.379652411157192660e+01 2.800000000000000000e+01
3.016653425788796028e+00 1.750881873267712940e+00 2.905916628340136754e+00 7.217103687662411726e-01 6.813642756680728496e+01 7.611111111111111427e+01 9.067679342143780730e+01 7.900000000000000000e+01
2.792153233945512625e+00 1.446125549591924742e+00 2.837957945071591936e+00 6.820822116467998297e-01 5.740740740740741899e+01 5.661375661375662105e+01 7.312343444537388848e+01 6.000000000000000000e+01
4.175406433015758978e+00 2.314607639789930005e+00 3.589774602585780627e+00 6.591047836080780042e-01 5.946876913655847119e+01 6.032608695652172059e+01 7.606872063176832910e+01 7.100000000000000000e+01
3.810350885938881049e+00 2.358761432633945887e+00 3.413872110963393158e+00 7.708281648542215647e-01 5.851886792452830122e+01 6.350000000000000000e+01 7.605219733808647220e+01 5.300000000000000000e+01
4.011144536055997634e+00 2.467852614005118461e+00 3.343428721484272614e+00 7.923505646647185374e-01 5.493476078956172159e+01 5.663265306122450227e+01 7.000018925734086395e+01 6.100000000000000000e+01
3.641539335451072112e+00 1.982853751657767560e+00 3.704751175579693800e+00 7.329719284400322277e-01 5.781400966183574042e+01 6.032608695652172059e+01 7.516913954932505249e+01 4.500000000000000000e+01
4.018648359369344725e+00 2.128776893318534480e+00 3.405927517432373541e+00 7.299040359936873612e-01 5.205409974640743798e+01 4.945054945054945250e+01 6.639666336163084281e+01 6.500000000000000000e+01
3.257301945717159253e+00 1.670333587110783835e+00 3.135972321888913061e+00 5.702891045160185524e-01 6.182653061224489477e+01 6.150000000000000000e+01 7.978506257559980952e+01 9.800000000000000000e+01
3.316624790355402919e+00 2.449489742783172552e+00 2.857738033247041898e+00 8.621166371244607385e-01 7.790909090909090651e+01 9.950000000000000000e+01 9.469941842916888675e+01 1.100000000000000000e+01
4.065927796429558150e+00 2.274425875484155757e+00 3.554859389733070696e+00 6.298274320462157183e-01 6.189754689754691697e+01 6.767676767676768179e+01 7.902695759468429060e+01 7.000000000000000000e+01
4.102583135591491015e+00 2.489416645928357319e+00 3.537449799481464208e+00 7.552074055481950987e-01 5.557626592109350128e+01 6.149425287356319814e+01 7.237853918035898459e+01 7.400000000000000000e+01
3.605551275463990013e+00 2.236067977499785808e+00 3.000000000000000000e+00 9.079663099020054418e-01 6.445221445221446288e+01 5.505050505050505194e+01 7.602097998937432521e+01 1.300000000000000000e+01
4.583025551433171252e+00 2.534389274899829125e+00 4.001899235600167692e+00 6.642328639175879568e-01 5.237888198757763547e+01 5.371428571428571530e+01 6.939393828154237553e+01 9.200000000000000000e+01
3.693433240034750487e+00 2.090912842814905748e+00 3.078123648006856783e+00 7.029996293744223967e-01 5.837742504409171573e+01 6.137566137566138735e+01 7.449782085938090859e+01 5.400000000000000000e+01
2.985466846211830561e+00 1.801348047485059833e+00 2.739715363696550110e+00 7.380704203785891648e-01 6.259770114942529773e+01 6.149425287356319814e+01 8.184727323373502372e+01 7.500000000000000000e+01
3.359100159215921977e+00 1.658224453843853086e+00 3.309050439278931943e+00 6.958887069075339049e-01 7.579495614035089091e+01 7.864583333333334281e+01 9.463555663057061906e+01 3.800000000000000000e+01
2.827614698027369755e+00 1.323452918455120919e+00 2.801288380640974296e+00 7.234096018433070485e-01 5.675806451612903203e+01 5.450000000000000000e+01 7.111448879126564293e+01 6.200000000000000000e+01
3.117347444383904875e+00 1.733262899032198545e+00 3.106859671394165190e+00 6.055466321027781484e-01 6.891208791208791240e+01 7.445054945054944540e+01 9.047294010220672078e+01 1.000000000000000000e+02
2.736174125787107947e+00 1.728915079694325563e+00 2.698722258241681882e+00 7.026223190642910676e-01 7.038926681783826211e+01 8.042328042328043125e+01 9.107225279379964888e+01 5.600000000000000000e+01
3.083320143203257757e+00 1.478757636628312833e+00 3.047083144746300931e+00 5.452635965729965006e-01 6.425495262704566812e+01 6.137566137566138735e+01 8.261204872295776624e+01 8.600000000000000000e+01
4.232227518684639200e+00 2.792719591367331056e+00 3.638014071981489739e+00 8.052832828552948241e-01 5.997678018575851411e+01 6.264705882352942723e+01 7.974620368124918457e+01 7.600000000000000000e+01
4.690415759823432396e+00 3.464101615137752166e+00 3.741657386773940885e+00 9.223413045480759465e-01 5.970643939393941935e+01 5.260416666666667140e+01 7.513238583609495436e+01 2.200000000000000000e+01
3.447667550039400286e+00 1.700426099876319874e+00 3.098515954493081814e+00 7.170211650735843767e-01 6.457593688362921114e+01 5.333333333333333570e+01 7.831694094072967971e+01 3.900000000000000000e+01
3.054089081509578474e+00 1.453198460282266513e+00 3.124310962742746778e+00 6.898730463693205639e-01 5.809915164369033391e+01 5.597826086956520442e+01 7.477465615155395540e+01 8.200000000000000000e+01
3.235645891253816409e+00 1.430969081105254448e+00 3.028434768923526477e+00 7.362178216705212996e-01 6.130536130536130202e+01 6.615384615384614619e+01 7.665665001786481980e+01 3.300000000000000000e+01
3.213209603461807173e+00 1.573191284193963702e+00 3.020586479836976590e+00 5.337165313087640639e-01 6.197368421052631504e+01 6.450000000000000000e+01 7.850284703917296270e+01 9.500000000000000000e+01
3.747522087408219793e+00 1.919890371153896824e+00 3.689363724273746037e+00 8.661344710315562745e-01 6.386686335976396123e+01 6.417112299465239289e+01 8.103083158518040818e+01 5.800000000000000000e+01
3.273131643662595458e+00 2.130435495314876526e+00 2.727893207039465029e+00 8.247312052647437497e-01 5.869777536625071690e+01 7.052631578947369917e+01 7.705566729889235944e+01 9.700000000000000000e+01
4.343613214289836044e+00 2.084902263361259944e+00 3.977449286498115910e+00 7.165918471926178146e-01 5.714991181657846653e+01 5.873015873015871335e+01 7.387020909797222146e+01 7.500000000000000000e+01
4.795831523312722666e+00 3.162277660168372417e+00 3.987480407475377575e+00 8.867861880295967447e-01 6.267558528428094888e+01 7.282051282051281760e+01 7.801929960190624058e+01 2.300000000000000000e+01
3.548262044142274529e+00 1.837476159277830812e+00 3.142108237173034890e+00 5.769568590080057513e-01 6.905239687848381891e+01 7.256410256410256920e+01 8.511135669720884778e+01 4.600000000000000000e+01
4.068870284582183139e+00 2.397097477486677786e+00 3.272366064236681638e+00 7.181312069726853986e-01 5.117119722382879843e+01 3.983516483516483930e+01 6.419905511888183014e+01 7.600000000000000000e+01
3.928265251247598844e+00 1.154316567660057080e+00 3.789431305332910949e+00 7.023571891084851027e-01 6.060416666666667140e+01 5.260416666666667140e+01 7.445657514637333918e+01 5.000000000000000000e+01
6.999999999999994671e+00 5.999999999999998224e+00 4.499999999999994671e+00 1.017880629295477402e+00 6.887755102040816269e+01 7.091836734693877986e+01 8.167067626334255692e+01 7.000000000000000000e+00
4.323587155639432744e+00 2.607601103625863281e+00 3.576558516499112717e+00 7.982823186527745474e-01 5.770053475935826981e+01 5.529411764705883314e+01 7.557692556729411137e+01 7.700000000000000000e+01
3.758126598666943430e+00 2.268908222446070599e+00 3.242960654009420907e+00 7.066447315670153495e-01 6.248110355253213299e+01 6.375661375661375985e+01 8.036583025129222335e+01 5.600000000000000000e+01
3.012304071682328388e+00 1.734459128269584260e+00 2.831183881564837357e+00 8.914791164719962913e-01 6.145619086795557706e+01 6.417112299465239289e+01 7.787124053083581998e+01 2.600000000000000000e+01
4.116173006117190170e+00 2.196228324855870717e+00 3.728766502784149672e+00 6.135734026190207135e-01 6.475730388773867219e+01 7.566137566137567205e+01 8.243873234158458274e+01 6.900000000000000000e+01
4.000000000000004441e+00 2.999999999999996003e+00 3.265986323710904582e+00 9.073003644145196667e-01 6.510416666666667140e+01 7.031250000000000000e+01 8.066739662337288053e+01 1.600000000000000000e+01
3.052615118382253190e+00 1.375238906694929097e+00 2.999425971014418657e+00 7.516735641798324430e-01 5.621366279069769689e+01 5.364583333333332860e+01 7.134327861165866125e+01 8.600000000000000000e+01
3.551162603372453042e+00 1.859039090340057987e+00 3.289542893211441221e+00 6.581775995143474001e-01 6.447916666666665719e+01 6.822916666666667140e+01 8.098047923354960176e+01 4.500000000000000000e+01
4.186352085093772324e+00 1.856256928625732217e+00 3.972648395349238193e+00 7.433836315108173221e-01 5.500684931506849296e+01 5.550000000000000000e+01 7.050890128026843229e+01 7.300000000000000000e+01
3.605551275463991789e+00 1.732050807568873418e+00 3.464101615137753942e+00 9.825619162649076310e-01 6.037660256410257631e+01 5.781250000000001421e+01 7.425666387157278336e+01 1.300000000000000000e+01
4.337133390382797771e+00 2.387761006793297724e+00 3.760863280515092999e+00 7.504402750758558671e-01 5.686111111111110716e+01 5.777777777777777857e+01 7.375602521747397589e+01 8.000000000000000000e+01
3.139917851398632109e+00 1.301137736738807726e+00 2.984519433142952316e+00 7.498413704255250112e-01 4.982078853046593991e+01 4.946236559139782685e+01 6.374627189339625488e+01 9.000000000000000000e+01
3.213996120113550514e+00 1.621948477991426829e+00 3.360626236604517203e+00 6.260924599115971212e-01 6.297156451795625998e+01 6.483516483516483220e+01 8.149813699652665377e+01 9.700000000000000000e+01
4.088900602409812457e+00 2.234383507685312242e+00 3.526104918908351316e+00 6.618122422472716426e-01 5.444444444444444287e+01 5.550000000000000000e+01 6.986085994230651863e+01 7.200000000000000000e+01
3.617071171986553590e+00 2.361779648622863270e+00 2.855492640721850162e+00 8.783961086162360710e-01 6.040909090909091361e+01 6.150000000000000000e+01 7.751649159049033244e+01 4.400000000000000000e+01
4.042753890344656931e+00 2.415073637568968312e+00 3.733166978184204510e+00 7.761114722268591670e-01 5.449735449735450032e+01 5.317460317460316332e+01 6.947012827851051497e+01 7.000000000000000000e+01
3.671046724392992289e+00 1.803370714911880057e+00 3.247377408061260518e+00 8.864469498395275426e-01 5.664285714285714590e+01 5.950000000000000000e+01 7.242895717355092700e+01 4.200000000000000000e+01
2.828427124746191179e+00 9.999999999999986677e-01 2.828427124746189847e+00 9.992904379628619882e-01 6.734693877551021046e+01 6.377551020408164106e+01 7.790086563376812023e+01 8.000000000000000000e+00
3.377082456273539535e+00 2.099465811660973458e+00 3.198070818547502192e+00 8.442885019566838123e-01 6.593984962406015882e+01 7.315789473684210975e+01 8.401138678778420399e+01 3.500000000000000000e+01
4.002122002266969680e+00 2.008657519995794338e+00 3.530824902918548780e+00 5.808560904239535860e-01 6.743626743626744258e+01 7.089947089947091285e+01 8.773797989620182136e+01 6.600000000000000000e+01
3.625322935035461214e+00 2.035986429602666181e+00 3.077129056911326099e+00 6.701403740373028661e-01 6.220193340494093093e+01 6.263157894736841769e+01 7.928759035084925699e+01 4.900000000000000000e+01
3.909527850519583403e+00 2.534439209177242081e+00 3.514163024206417241e+00 7.271679253250186159e-01 6.214516129032258362e+01 6.350000000000000000e+01 8.049577332893250059e+01 6.200000000000000000e+01
2.792443946994984216e+00 1.346537519134040295e+00 2.959941688696356987e+00 7.463116826914366619e-01 6.161290322580644130e+01 6.263157894736841769e+01 7.810785367850193950e+01 6.200000000000000000e+01
2.828427124746190735e+00 1.732050807568874973e+00 2.581988897471610755e+00 8.743794752360023459e-01 7.657828282828283761e+01 8.282828282828283761e+01 8.962486716960290778e+01 8.000000000000000000e+00
2.828427124746191179e+00 1.999999999999995337e+00 2.549509756796392246e+00 9.364005397856335344e-01 7.270408163265307167e+01 8.520408163265307167e+01 8.682438999395306212e+01 8.000000000000000000e+00
3.758434640445101227e+00 1.829468470029502969e+00 3.750605331160577371e+00 7.420400661020409849e-01 6.129564879564879476e+01 6.313131313131312083e+01 7.835227901434170406e+01 5.200000000000000000e+01
3.638139415075632765e+00 2.175628020780581817e+00 3.263585082236990509e+00 7.385762906729578248e-01 6.185185185185185475e+01 7.089947089947091285e+01 7.907717673995996677e+01 5.000000000000000000e+01
3.218540271694274590e+00 1.873835331665115955e+00 3.232329769278728282e+00 7.344812202376748145e-01 5.670212765957450074e+01 5.823529411764707220e+01 7.483946025693538218e+01 9.400000000000000000e+01
4.308534994578963939e+00 2.272873086480680094e+00 3.892243377294684059e+00 6.186521647897762488e-01 6.449523525908277577e+01 6.902173913043476716e+01 8.338205041189770839e+01 7.300000000000000000e+01
3.810350885938881049e+00 1.682425210493512013e+00 3.566880759106594301e+00 8.334361369914945472e-01 5.180188679245283367e+01 4.350000000000000000e+01 6.499891918825272796e+01 5.300000000000000000e+01
3.702295651853686476e+00 1.599775955133573513e+00 3.484796586272090213e+00 1.002420522293334004e+00 5.867727987421383062e+01 5.572916666666667140e+01 7.301896126752528460e+01 5.300000000000000000e+01
2.969371747259427874e+00 1.333483810274575410e+00 2.924458864797172541e+00 7.973565886223118460e-01 6.583190639269406574e+01 6.822916666666667140e+01 8.264031954492958221e+01 7.300000000000000000e+01
2.879576407432614893e+00 1.353089254757055881e+00 3.026283818576102291e+00 7.348907680006633303e-01 5.572871572871571288e+01 5.631313131313130782e+01 7.077139094384708073e+01 7.000000000000000000e+01
3.693433240034750487e+00 2.039928441869112596e+00 3.266758732003373744e+00 6.526842234435467072e-01 6.209259259259258812e+01 6.450000000000000000e+01 7.990323677866882690e+01 5.400000000000000000e+01
4.358898943540674864e+00 2.999999999999998668e+00 3.741657386773942218e+00 8.332566916473405083e-01 7.447916666666667140e+01 8.281250000000000000e+01 9.364554352100341816e+01 1.900000000000000000e+01
3.741657386773943994e+00 1.999999999999996003e+00 3.240370349203931077e+00 7.426674380287782151e-01 7.092857142857143060e+01 7.450000000000000000e+01 8.362201183369994340e+01 1.400000000000000000e+01
3.936594067213698978e+00 2.577866959230004529e+00 3.267966592937173509e+00 7.867057494689206898e-01 5.615030131159162607e+01 4.945054945054945250e+01 7.202006411042378886e+01 6.200000000000000000e+01
3.145246684624078526e+00 1.740878919794906832e+00 2.946834776790465682e+00 7.173724308315284626e-01 5.415824915824916275e+01 5.944444444444444997e+01 6.947483098743336427e+01 9.900000000000000000e+01
4.318150172801602515e+00 2.601642696624749895e+00 3.386306428791586498e+00 7.060094900944321461e-01 5.881938574246267137e+01 5.714285714285713880e+01 7.598819338833963855e+01 7.800000000000000000e+01
5.477225575051663853e+00 3.872983346207416577e+00 4.219004621945799727e+00 8.784786640986572692e-01 6.245791245791249224e+01 6.338383838383838764e+01 7.735916450687891199e+01 3.000000000000000000e+01
4.117438377219367673e+00 2.326076596457310242e+00 3.990775288716440272e+00 6.192397554210089528e-01 6.260702054794520421e+01 6.197916666666665719e+01 8.185156856408265469e+01 7.300000000000000000e+01
2.945799133685738980e+00 1.282088853986816268e+00 3.070292567780161352e+00 8.132830708036584699e-01 6.113000755857900259e+01 5.663265306122450227e+01 7.573970460218676237e+01 2.700000000000000000e+01
4.048181575952448874e+00 2.322786107747589757e+00 3.436456438968256588e+00 8.144197692165706659e-01 4.934371184371185137e+01 4.175824175824175910e+01 6.237485741341181011e+01 7.200000000000000000e+01
3.542757962895735080e+00 2.184229447632287435e+00 3.135150230862173704e+00 7.482802624930078306e-01 6.632280249301524577e+01 6.767676767676768179e+01 8.596723234331329877e+01 4.700000000000000000e+01
3.281986574915782828e+00 1.391351714217484936e+00 3.100859186060525019e+00 5.759315260652665414e-01 5.642000000000000171e+01 5.350000000000000000e+01 7.158056854658772750e+01 1.000000000000000000e+02
4.031771874790341492e+00 2.269233206456454877e+00 3.427812917334293275e+00 7.902326779941347690e-01 5.107059217129474149e+01 4.948979591836735636e+01 6.519352557980339213e+01 6.100000000000000000e+01
4.412601098728154980e+00 3.012271628932968959e+00 4.103384292872780392e+00 8.396111452669208219e-01 5.936641435379873144e+01 6.780487804878050895e+01 7.955465014883908736e+01 8.700000000000000000e+01
3.433853546442000138e+00 1.673995837720871904e+00 3.157664526318284537e+00 7.994200471102302918e-01 5.963513513513512976e+01 6.450000000000000000e+01 7.583099485122215810e+01 3.700000000000000000e+01
4.574849251274161865e+00 2.255558923248684788e+00 3.731026860199695872e+00 8.610530593474851058e-01 6.060085389982296533e+01 6.313131313131312083e+01 7.767494520200085617e+01 9.700000000000000000e+01
3.888460212081203515e+00 2.163805656718318815e+00 4.155016328340151333e+00 8.359334551454400408e-01 5.850614439324116489e+01 5.430107526881718627e+01 7.661989781250267129e+01 5.600000000000000000e+01
4.161086784829381102e+00 1.436182653061611525e+00 3.657750530915256704e+00 8.377120477623162254e-01 4.907536907536907478e+01 4.494949494949494806e+01 6.105167665582310832e+01 6.500000000000000000e+01
2.605279613145017770e+00 1.055378689666831127e+00 2.786547639916042485e+00 8.572558359298083630e-01 6.809000523286235307e+01 6.871794871794871540e+01 8.466808310175947838e+01 4.900000000000000000e+01
3.217253630197657532e+00 1.279552493372252631e+00 3.102117753515669651e+00 6.788965684746945950e-01 5.922687308868502498e+01 5.781249999999999289e+01 7.585375210117430811e+01 1.090000000000000000e+02
3.357224661998311710e+00 1.662060949888574335e+00 3.213306861543021586e+00 5.393997518900646160e-01 5.767651888341543298e+01 5.804597701149423727e+01 7.563428950482351354e+01 1.120000000000000000e+02
3.277689099727666644e+00 1.828518446446828705e+00 3.140610469039957220e+00 6.803397113953622011e-01 5.902803738317755489e+01 6.514285714285713880e+01 7.830589024387528241e+01 1.070000000000000000e+02
3.395056844374520377e+00 2.017339401350292327e+00 3.201508405606786400e+00 6.962274446518456061e-01 6.082352941176470296e+01 7.200000000000000000e+01 8.025078514835746546e+01 1.360000000000000000e+02
3.357328010508776828e+00 1.686394622485546169e+00 2.742330278834534507e+00 5.760784978323868488e-01 5.999122807017543835e+01 5.950000000000000000e+01 7.730338639241733745e+01 1.140000000000000000e+02
3.251917866204887098e+00 1.743582631629054580e+00 2.999382461866147764e+00 6.758422171014092372e-01 5.402057035998129209e+01 5.430107526881718627e+01 7.007478338617899283e+01 1.150000000000000000e+02
3.528947460529062941e+00 1.736976732219686292e+00 2.901853034225615247e+00 5.374422449306400784e-01 6.008914728682169937e+01 6.350000000000000000e+01 7.737765447732296309e+01 1.290000000000000000e+02
3.343587664913796775e+00 1.570320418236339499e+00 3.307888100030776712e+00 6.938146590199528729e-01 5.950000000000000000e+01 5.950000000000000000e+01 7.686192070585107672e+01 1.300000000000000000e+02
3.576869272139419742e+00 2.057100562068984395e+00 3.384775477834352841e+00 6.852595403777235195e-01 5.580472921434021316e+01 5.999999999999999289e+01 7.309147930042921359e+01 1.380000000000000000e+02
3.397603832658882883e+00 1.620076858432020428e+00 3.460494483348113270e+00 6.691892175700606682e-01 5.143568840579710155e+01 4.947916666666667140e+01 6.670038847389493242e+01 1.150000000000000000e+02
5.059178540675008051e+00 3.348973254562213953e+00 3.764193831626111653e+00 7.724186874774875422e-01 5.461538461538462030e+01 5.660000000000000142e+01 7.254502511415344657e+01 1.300000000000000000e+02
4.823332913185185866e+00 2.713593294925928046e+00 4.434209467520141779e+00 7.226786046273442343e-01 5.452541610436343689e+01 6.102564102564100068e+01 7.154672127132273829e+01 1.140000000000000000e+02
3.380571269265349343e+00 1.961220932474407874e+00 3.093675260701243879e+00 7.317717857139917070e-01 6.073324336482227892e+01 6.615384615384613198e+01 8.132269242009974164e+01 1.140000000000000000e+02
4.572182771183528338e+00 2.843292868721505773e+00 3.751525934892658842e+00 7.810398481778821900e-01 5.585721730067744062e+01 6.263157894736841058e+01 7.333118462354045164e+01 1.010000000000000000e+02
5.053660504253818075e+00 3.016859397701208589e+00 4.377179875019439947e+00 7.294358352878009821e-01 6.282265222794251258e+01 6.697674418604653113e+01 8.359830943848430707e+01 1.310000000000000000e+02
3.528947460529065605e+00 1.413170242627824980e+00 3.520506952262079992e+00 7.630455742814661324e-01 5.182170542635657995e+01 4.944444444444444287e+01 6.685059532841859209e+01 1.290000000000000000e+02
3.463902951225529936e+00 1.480927077500828304e+00 3.411054536162580142e+00 6.960076495652024464e-01 5.713380281690140805e+01 5.950000000000000000e+01 7.386635867087095164e+01 1.420000000000000000e+02
5.083575307234533547e+00 2.893174235982848508e+00 4.391070578780065681e+00 6.904242659336089494e-01 5.131475225225224790e+01 4.750000000000000711e+01 6.834835531988672130e+01 1.480000000000000000e+02
4.817655235577849915e+00 3.065501699273269320e+00 3.874321725986145992e+00 8.202476476431346253e-01 6.157735085945399334e+01 6.465116279069769689e+01 8.122008826098024770e+01 1.150000000000000000e+02
3.384625748674369383e+00 1.630015424711744432e+00 3.541919384052102160e+00 5.283583849623618711e-01 6.075555222088836160e+01 6.020408163265307877e+01 7.969426330521459079e+01 1.360000000000000000e+02
5.025584533903344919e+00 3.302426575973743450e+00 3.757033245627528384e+00 7.363632759332089384e-01 5.688350481247925927e+01 5.608695652173915391e+01 7.524653407807342376e+01 1.310000000000000000e+02
4.790658092937610135e+00 2.312532675206559585e+00 4.225027946652177846e+00 8.041078692454893817e-01 4.423039215686274872e+01 4.075000000000000000e+01 5.684952526533531625e+01 1.020000000000000000e+02
3.117467321616014697e+00 1.485652845291673962e+00 3.121607770470125942e+00 7.592117613453571723e-01 5.953921568627450966e+01 6.350000000000000000e+01 7.657230285293651662e+01 1.020000000000000000e+02
4.879812498622154493e+00 2.531292751752275194e+00 4.434196838055807888e+00 6.657836631354103751e-01 5.320872274143303571e+01 5.222222222222224275e+01 7.010230627501215395e+01 1.070000000000000000e+02
3.519805962268294230e+00 2.115288516432149102e+00 3.209701419690244695e+00 7.211010505214131561e-01 6.459720730397421562e+01 7.333333333333334281e+01 8.608571339698094960e+01 1.330000000000000000e+02
3.682259719192080283e+00 2.010119326480598545e+00 3.244407468918291571e+00 6.151306836384008436e-01 5.858708414872799608e+01 6.085714285714285410e+01 7.712175950796938650e+01 1.460000000000000000e+02
3.300951334040937990e+00 1.896179370474357251e+00 3.033822344434375040e+00 6.697390378077796580e-01 5.259523809523809490e+01 5.371428571428571530e+01 6.866791783080267919e+01 1.200000000000000000e+02
3.486082784846006088e+00 1.950631187529140664e+00 3.418250715680804408e+00 6.937296854038255134e-01 5.488956433637285670e+01 5.371428571428571530e+01 7.288170447241338934e+01 1.410000000000000000e+02
3.612441733861985860e+00 1.900472844391101424e+00 3.477581535028001714e+00 6.896079418637611758e-01 5.320197044334975089e+01 4.952380952380953261e+01 7.021452940968674739e+01 1.450000000000000000e+02
3.228974354691974913e+00 1.784064214704698559e+00 2.809180143908431404e+00 6.645117430539426717e-01 5.369078756175530032e+01 5.107526881720428236e+01 6.943338554804709872e+01 1.110000000000000000e+02
4.960520783728665783e+00 3.195826124980781113e+00 4.371167648263808658e+00 7.388294762779751279e-01 6.415458937198069123e+01 7.347826086956524705e+01 8.546127518479964635e+01 1.350000000000000000e+02
3.214993527726625278e+00 1.456467884523526379e+00 3.402904344317387864e+00 5.661872820000238837e-01 5.664714812405116362e+01 5.459770114942527641e+01 7.457595312513512908e+01 1.060000000000000000e+02
3.513547254175968249e+00 2.138578727460481055e+00 3.259183607184464204e+00 6.817908104974966799e-01 6.232319078947370627e+01 6.526315789473683537e+01 8.304791000140426149e+01 1.280000000000000000e+02
3.356507816868089744e+00 1.202081891716027418e+00 3.626636068293406456e+00 6.638146586178945707e-01 5.720202020202019355e+01 5.777777777777777857e+01 7.385942083095123678e+01 1.100000000000000000e+02
3.129134644531898157e+00 1.806039578609695884e+00 2.974502120816934436e+00 7.684574214154131777e-01 5.111764705882353610e+01 4.941176470588235503e+01 6.684825865051558935e+01 1.000000000000000000e+02
3.403968459676861347e+00 1.839569264518735814e+00 3.207023998274694421e+00 7.641765715657238278e-01 5.886602098466504884e+01 5.309523809523810911e+01 7.755783224479291960e+01 1.180000000000000000e+02
3.365865436338601135e+00 1.952248672523025919e+00 3.084962483923001653e+00 8.215071614565576663e-01 4.376984126984127244e+01 4.119047619047619690e+01 5.684804596977172508e+01 1.440000000000000000e+02
3.482202253184497387e+00 1.184117388798443526e+00 3.562752064990803547e+00 6.858342194767267364e-01 5.784646739130434412e+01 5.597826086956520442e+01 7.409942403819925971e+01 1.280000000000000000e+02
3.345464363856256451e+00 1.724424271555117238e+00 3.312806305331074341e+00 6.200927744263429187e-01 5.654761904761903679e+01 5.752688172043009018e+01 7.399095869035983242e+01 1.120000000000000000e+02
4.851392471143213925e+00 3.007569652095817503e+00 4.110911776629521341e+00 7.135362706992246506e-01 6.557422969187678063e+01 7.444444444444448550e+01 8.702171238211673199e+01 1.190000000000000000e+02
3.206784561052105964e+00 1.473287866076634200e+00 3.175661571136700001e+00 5.141264305939495793e-01 6.228260869565217206e+01 6.467391304347823677e+01 8.052572576454072362e+01 1.000000000000000000e+02
4.956696350090179060e+00 3.274372460087125791e+00 4.324349363496783560e+00 8.448206786272344226e-01 4.721161002232697257e+01 4.965517241379311741e+01 6.101905147695207887e+01 1.390000000000000000e+02
3.249881069511567411e+00 1.725289466642416780e+00 3.146015944750433668e+00 6.131078439424774151e-01 5.965710608567752615e+01 6.377551020408164817e+01 7.774913884413716403e+01 1.110000000000000000e+02
3.274045784925673441e+00 1.655692078779426035e+00 3.256544240811918733e+00 6.692204438780843256e-01 5.066115702479340399e+01 4.666666666666667851e+01 6.633763031520514630e+01 1.210000000000000000e+02
3.431795421902579690e+00 1.208901382091164489e+00 3.639777689915959513e+00 7.555129093890312619e-01 5.385227775320655752e+01 5.473684210526315042e+01 6.942260291191048793e+01 1.190000000000000000e+02
3.513015055801111952e+00 2.081781128971100348e+00 3.293423408371110916e+00 7.443138797870115786e-01 5.687154950312846324e+01 5.736842105263157521e+01 7.502550477661063155e+01 1.430000000000000000e+02
3.616005382596833240e+00 1.676593245107846686e+00 2.970682453548045387e+00 6.798888527120930947e-01 4.823051948051948301e+01 4.840909090909089940e+01 6.300647460223508034e+01 1.400000000000000000e+02
3.487459225207537816e+00 2.047316734340257405e+00 3.351917841378496909e+00 6.389286120222721355e-01 6.217410323709539455e+01 6.333333333333336412e+01 8.254994958655389325e+01 1.270000000000000000e+02
3.206365108495540905e+00 1.799046816510557090e+00 2.941658581594689625e+00 8.200418993753514352e-01 4.669527473611522339e+01 4.462365591397848164e+01 5.946108211533721288e+01 1.090000000000000000e+02
3.339043675831283586e+00 1.901716049449109214e+00 3.326259471521069599e+00 6.604249721474007018e-01 6.927660023199410944e+01 7.873563218390805218e+01 9.147079333052705863e+01 1.090000000000000000e+02
3.487459225207536040e+00 1.567689524125390754e+00 3.478010713212477345e+00 6.937858532251105492e-01 6.220055826355038420e+01 6.243386243386241574e+01 8.105788788478271556e+01 1.270000000000000000e+02
3.470545930302443960e+00 1.632665569680650908e+00 3.524480240537401610e+00 5.735057053235239621e-01 5.977777777777777857e+01 6.277777777777778567e+01 7.847710449468335980e+01 1.300000000000000000e+02
4.538196659216584550e+00 2.924603269034765418e+00 3.987483337777312009e+00 7.105614220536142778e-01 6.736403995560489477e+01 7.294117647058824616e+01 9.030470655799021529e+01 1.060000000000000000e+02
3.544098987275360102e+00 1.838745787720213576e+00 3.111680340644905840e+00 7.053576491469631948e-01 5.187110187110186388e+01 4.810810810810809102e+01 6.757056352667628119e+01 1.300000000000000000e+02
3.500792517588215080e+00 1.926962364205996980e+00 3.155133529736723119e+00 5.671024011809275844e-01 6.250000000000000000e+01 6.277777777777778567e+01 8.227345617235212671e+01 1.440000000000000000e+02
4.508882472080041559e+00 2.637983139426422152e+00 4.010825400548360342e+00 6.464550976810397032e-01 5.256854256854258267e+01 4.494949494949496938e+01 6.805079147557249541e+01 1.050000000000000000e+02
3.448091597078478454e+00 2.003481375023790978e+00 3.222671344083176681e+00 7.663436447135448804e-01 5.926529255319145051e+01 6.765957446808506859e+01 7.853097620064836804e+01 1.280000000000000000e+02
3.284985343241223266e+00 1.810294283375251556e+00 3.337134875273966905e+00 6.622735514846821436e-01 6.295798319327730752e+01 6.514285714285713880e+01 8.425547045765411269e+01 1.190000000000000000e+02
3.369130012882748382e+00 1.357118669763916152e+00 3.421424550246930263e+00 7.583521071948949865e-01 5.735964912280701355e+01 5.550000000000000000e+01 7.362578170114161935e+01 1.140000000000000000e+02
3.489789379697232796e+00 1.724773516717653221e+00 3.112393472421949969e+00 5.844155725863940942e-01 6.568636281751035710e+01 6.868131868131867179e+01 8.495053315354734025e+01 1.220000000000000000e+02
3.503781900684973305e+00 1.694693977686247299e+00 3.561262052724944116e+00 7.297624695621115487e-01 6.112489660876757824e+01 6.397849462365589090e+01 7.993866050212834296e+01 1.300000000000000000e+02
5.127680434984495328e+00 1.950900020315180061e+00 5.076352044962836096e+00 8.720595211293002968e-01 5.185575589459084256e+01 5.085714285714286120e+01 6.811505611371492819e+01 1.030000000000000000e+02
3.470825115752281143e+00 1.764140795679565832e+00 3.212669666454767370e+00 7.554484923547115649e-01 5.276344086021502733e+01 5.066666666666665009e+01 6.956606206594207720e+01 1.240000000000000000e+02
3.268252798744680554e+00 1.744847791011068905e+00 2.952614059336843066e+00 5.773717866165930523e-01 5.837894544791095797e+01 5.873015873015871335e+01 7.527522829161209472e+01 1.160000000000000000e+02
3.299691975896404728e+00 1.606914037667553030e+00 3.061646216726745084e+00 7.293395678641778623e-01 5.326618868783430116e+01 4.770114942528734758e+01 6.840250316162111233e+01 1.010000000000000000e+02
4.754343360008205011e+00 2.912395886442170401e+00 3.817890993588853643e+00 7.495536750283438021e-01 6.236245954692559934e+01 7.166666666666669983e+01 8.196119596571146815e+01 1.030000000000000000e+02
4.850720108745462333e+00 2.712704330184978474e+00 3.979646449528424057e+00 8.119086452607633397e-01 5.712770256617500308e+01 5.306122448979593287e+01 7.400835306087982701e+01 1.010000000000000000e+02
