4.242640687119287435e+00 2.859010862235156214e+00 4.200717044352955121e+00 6.106022051188695343e-01 8.308363319562610627e+01 1.036654137272071239e+02 1.800000000000000000e+01
3.239823670937334033e+00 1.776058941489549348e+00 4.379729296528661386e+00 5.751907761425573140e-01 5.192172287057381652e+01 5.709105272724698210e+01 9.900000000000000000e+01
4.690415759823431507e+00 4.390535887966255046e+00 5.280890754393022135e+00 6.809374310502859240e-01 7.626199692028282584e+01 8.235208136064079554e+01 2.200000000000000000e+01
3.464101615137754830e+00 1.385170722772674168e+00 3.942966259539474994e+00 5.408206776901912649e-01 5.830084169331312438e+01 6.776142106046884805e+01 1.200000000000000000e+01
3.104867840429258230e+00 1.126399633391963917e+00 4.429630829329424202e+00 8.000014493562496165e-01 3.722276529285882418e+01 4.718080781953330671e+01 8.700000000000000000e+01
4.609769415537337878e+00 2.931680269527902727e+00 5.492495600832794977e+00 7.526710779306831078e-01 7.930619522094228557e+01 1.023738723309729579e+02 9.100000000000000000e+01
4.099811211615365991e+00 2.108422326697681370e+00 5.798020308588998972e+00 5.711085200304063525e-01 5.561623737674264589e+01 6.952182007373748718e+01 6.600000000000000000e+01
3.443857242552258668e+00 1.977846997244890881e+00 3.595075442024548984e+00 6.131191301241948333e-01 6.117469497292444203e+01 7.412298317840973993e+01 4.000000000000000000e+01
3.964206612230354754e+00 2.618172877499155060e+00 3.924636040143230975e+00 6.408218058061642131e-01 6.742224951006700451e+01 8.283123069386886073e+01 5.900000000000000000e+01
4.389777478989672410e+00 2.294744433281172835e+00 4.499980687569670401e+00 5.994649420464301937e-01 5.693800747119921368e+01 7.080782142668240908e+01 8.100000000000000000e+01
3.902627371513785359e+00 1.254002151640339235e+00 4.603699584910485143e+00 6.518464890628500319e-01 4.111570106296095162e+01 4.909085799521596982e+01 5.600000000000000000e+01
3.630258384154714690e+00 1.422816623790254420e+00 5.510059901384490644e+00 7.135242200964025949e-01 7.008732424685349827e+01 8.655457266342696698e+01 4.300000000000000000e+01
3.929967915878559204e+00 2.137463906425944860e+00 4.822379503059759820e+00 6.178215295162035048e-01 5.900584337433735982e+01 7.245505537919841288e+01 6.500000000000000000e+01
2.615827648983457543e+00 1.396253060157289783e+00 3.744749908577890807e+00 6.128664748166449128e-01 6.037831215403200247e+01 7.091187563251584436e+01 5.000000000000000000e+01
2.895846236466804502e+00 5.177229141583771233e-01 4.367308207414622778e+00 7.835652899491076795e-01 4.635910166254245723e+01 5.650364643410402010e+01 2.400000000000000000e+01
3.827548416854903213e+00 8.676143409567385056e-01 4.747802984560574480e+00 5.579264535497707733e-01 4.554623455682862954e+01 5.502575049709515298e+01 4.700000000000000000e+01
3.510133849839385700e+00 1.646889409490897904e+00 3.006045918447359355e+00 7.197423781665381881e-01 6.042238368407401339e+01 7.193794861329989487e+01 4.400000000000000000e+01
4.356724447020530633e+00 2.186012033521325559e+00 5.613309167426919544e+00 7.482054439541586666e-01 6.851044460193712382e+01 7.879873162453306179e+01 7.300000000000000000e+01
4.999999999999998224e+00 1.520670359124102422e+00 5.910085863070235312e+00 9.222903158094387654e-01 7.211051320054464497e+01 6.570811267377814602e+01 5.000000000000000000e+00
4.531453412569083739e+00 2.571052100709253274e+00 4.220338394881575361e+00 5.866314892090023214e-01 5.023577631779480868e+01 6.383050688795935912e+01 9.700000000000000000e+01
3.151905416248159675e+00 1.066914535465393277e+00 4.009041366444434651e+00 7.121491105638689811e-01 3.938433632271797080e+01 4.900759390595037246e+01 9.600000000000000000e+01
4.031771874790341492e+00 2.500598009931976673e+00 5.396894923859715476e+00 7.091686897208557827e-01 7.977463607874251750e+01 1.024786844183861518e+02 6.100000000000000000e+01
4.582575694955841605e+00 2.878876810500894834e+00 5.131139048188161134e+00 6.950042607575529496e-01 7.736872178355392293e+01 9.243157322320209346e+01 2.100000000000000000e+01
3.591323212142540466e+00 2.346530586485308323e+00 4.140354011098763110e+00 7.204269152498188333e-01 7.595897646808279546e+01 9.547366076188266959e+01 4.600000000000000000e+01
3.149526125064945781e+00 1.885224879661193231e+00 4.012379391039845089e+00 6.439243068052499241e-01 6.222213500204571091e+01 8.015168157845805297e+01 9.800000000000000000e+01
3.771513019646774989e+00 2.158430322976313764e+00 4.002355498454736704e+00 6.776935037771346648e-01 6.517059599643688728e+01 8.025107693254470576e+01 5.500000000000000000e+01
3.091999791301537126e+00 1.810949556545317973e+00 4.433878297299486348e+00 5.973176977813107191e-01 5.737682915430345076e+01 7.229451735019377168e+01 9.600000000000000000e+01
2.881964672562266738e+00 1.302627087289924823e+00 4.041437670411616168e+00 5.565191199930102917e-01 4.814256500443599407e+01 6.180568245189681420e+01 7.900000000000000000e+01
3.038272760218802659e+00 1.737346992218559150e+00 2.708074932467911644e+00 6.300265411401537730e-01 5.792207972356816015e+01 6.510092391617972396e+01 3.100000000000000000e+01
4.326853384396010860e+00 2.621235146692588280e+00 4.428299621438888778e+00 6.363819595509476734e-01 7.628885601825777485e+01 9.556624838235300956e+01 6.600000000000000000e+01
3.171555652704116213e+00 1.240927110848899950e+00 4.031404636373849826e+00 6.270211035616248818e-01 5.002329674565164197e+01 6.146978027511708120e+01 8.900000000000000000e+01
2.527707425511104056e+00 1.010084387268846084e+00 2.709957928122776138e+00 6.164535715644432479e-01 4.560811075246433433e+01 5.407926766195060964e+01 4.400000000000000000e+01
4.301633394823483947e+00 2.463886715544221673e+00 4.467542455707577354e+00 6.267027788535775024e-01 6.969573979989225165e+01 9.029937064932182977e+01 7.900000000000000000e+01
3.347841792107339565e+00 1.494141854585077089e+00 3.213980498673346453e+00 5.485198638884299926e-01 5.404918463677085327e+01 6.498922479898195093e+01 3.400000000000000000e+01
3.461436192888003305e+00 2.165248065248332576e+00 3.958112128214011260e+00 6.626676586491548893e-01 8.696866475467588486e+01 1.047054468169134509e+02 3.800000000000000000e+01
3.122819326867554146e+00 1.833462011602961406e+00 3.475413104202924153e+00 5.727616476169125059e-01 5.446866310479606454e+01 6.561996476642023879e+01 8.400000000000000000e+01
3.359100159215921977e+00 1.994530214807683111e+00 3.950058551445839949e+00 6.440919784755356758e-01 7.821976560630366748e+01 1.034424761308376333e+02 3.800000000000000000e+01
3.192654336304210361e+00 1.344209052994153053e+00 3.303163734718562505e+00 5.949364696446666212e-01 4.353103329722841863e+01 5.436510932818075048e+01 9.200000000000000000e+01
4.305973386441545259e+00 2.831974884242792534e+00 4.288859245823863908e+00 7.377158569957082968e-01 7.558982125674239683e+01 9.233316077319288695e+01 7.700000000000000000e+01
2.992555739477690047e+00 1.309869306841746406e+00 3.524707270656524560e+00 5.207844912192760578e-01 5.095227458852147606e+01 6.350209419671770661e+01 8.000000000000000000e+01
3.712565970548055372e+00 1.847969856752679441e+00 3.998530820878323677e+00 5.709310750765264064e-01 5.177486063181926568e+01 6.339390980315678803e+01 5.100000000000000000e+01
3.220595757065777054e+00 1.894154790851800829e+00 3.245406339003699792e+00 6.466995329391315162e-01 7.722290000201054738e+01 9.335826190159276905e+01 9.800000000000000000e+01
4.169064766334099836e+00 1.862980942007734120e+00 4.416736272234055960e+00 5.768447055224338316e-01 4.429570212456181366e+01 5.254491996796870978e+01 7.200000000000000000e+01
3.258617435040410459e+00 1.694817763306674774e+00 4.290276105330249834e+00 5.313357235398196154e-01 5.612403247531317874e+01 7.117531463988093776e+01 1.000000000000000000e+02
4.084928243412353943e+00 2.197529979067529560e+00 3.845634451325341097e+00 6.808911276573486049e-01 4.524317514696249276e+01 5.522554877896500614e+01 6.600000000000000000e+01
3.213994753761218792e+00 1.696511076076157698e+00 4.587667483653184775e+00 5.704591091368218514e-01 5.699063253810337670e+01 7.467205867323561108e+01 9.900000000000000000e+01
3.991651377759424246e+00 1.553264663201472606e+00 4.781036434230101939e+00 7.844948498879290577e-01 6.971555208618049448e+01 7.807691056685193587e+01 5.900000000000000000e+01
3.627821947780084155e+00 2.483226217362695110e+00 4.283182698732934668e+00 7.242870885711916173e-01 8.205088809853181431e+01 9.724254968261669774e+01 4.500000000000000000e+01
3.655382289924832495e+00 2.430711692491509535e+00 4.049778829556304416e+00 7.338931122916901861e-01 6.609592022119903731e+01 7.909299208038110862e+01 4.400000000000000000e+01
4.421859672168140243e+00 2.077030457401217500e+00 3.816468128560821071e+00 6.581295811835841114e-01 4.529272278115426786e+01 5.618326302363242775e+01 9.500000000000000000e+01
3.773466715189880638e+00 2.167235662833027376e+00 5.101970254684196959e+00 5.315415326718382349e-01 5.834139644733927810e+01 7.200552289643771076e+01 5.800000000000000000e+01
3.806041839445891473e+00 2.071952593460836045e+00 4.831000941321994091e+00 5.997897446630595653e-01 6.958701265271253078e+01 8.440599368994226381e+01 4.500000000000000000e+01
4.493829102849937307e+00 2.174512537673050083e+00 5.042535179271599333e+00 7.515706021549192206e-01 6.415574968461635308e+01 7.380386828766110341e+01 8.400000000000000000e+01
4.284631128115857557e+00 2.047103974830946971e+00 4.074038380111148605e+00 4.958423037270208722e-01 4.756995615678314238e+01 5.921584040030601415e+01 7.600000000000000000e+01
4.582575694955841605e+00 2.616198351766040986e+00 4.963650406949242644e+00 7.195608940821927035e-01 6.457654632874996992e+01 8.084183223567043797e+01 2.100000000000000000e+01
3.060083306070672915e+00 1.301491365381854504e+00 3.836253678940154010e+00 6.882473338037946586e-01 5.873670113812475790e+01 6.631193202751870786e+01 3.000000000000000000e+01
2.760669584529598541e+00 1.589418127822479043e+00 3.085017780996305081e+00 5.358658125285794549e-01 6.128297211141065759e+01 7.965270574109879931e+01 5.500000000000000000e+01
4.427933026308669362e+00 2.482803958434691705e+00 5.564369470729618072e+00 5.209671478289166213e-01 4.703776981821331304e+01 5.549350432568541436e+01 8.700000000000000000e+01
3.151905416248160563e+00 1.842921515373500796e+00 4.623801048680393322e+00 6.940375882779159511e-01 7.530960552896030435e+01 8.757443284316599375e+01 9.600000000000000000e+01
2.834589786437617054e+00 1.300731612659784986e+00 3.039946248951019836e+00 5.415651329958155458e-01 4.834055854639129279e+01 5.757294477773601926e+01 6.100000000000000000e+01
4.011085099310339075e+00 1.993445062327051431e+00 5.105131766508663738e+00 4.745669053904393309e-01 4.410282808341529659e+01 5.565593990245940859e+01 7.000000000000000000e+01
3.989976451399630530e+00 2.359631361270936090e+00 4.492023090767459870e+00 4.324601970527151562e-01 5.191230165125329421e+01 6.532050625359735818e+01 6.700000000000000000e+01
3.089480102378276527e+00 1.168621297736094800e+00 4.273257794213231264e+00 7.105415025995012179e-01 4.459982816526992622e+01 5.195547869977581712e+01 8.300000000000000000e+01
4.139760512814482318e+00 2.791566695249739993e+00 4.675283955757635113e+00 7.278502649826805726e-01 8.537617297405174099e+01 1.008936516729978194e+02 7.300000000000000000e+01
3.051326667127766790e+00 1.438726478194078062e+00 3.491608267229500129e+00 4.886877439321890004e-01 4.306243218858803345e+01 5.337289369852094012e+01 7.800000000000000000e+01
3.780979300873703597e+00 1.949022199122868226e+00 4.304648961673055219e+00 5.308473116433345407e-01 5.473935912583650776e+01 6.571026619516329959e+01 5.600000000000000000e+01
3.046603479007058635e+00 1.795270262871621947e+00 4.598087243737407626e+00 6.953085367811223660e-01 7.539240684438117057e+01 9.693184893661653234e+01 2.700000000000000000e+01
3.083320143203257757e+00 1.786700875528705046e+00 3.914167334461186254e+00 6.147631262158197440e-01 6.830278856277675459e+01 8.483192148905733632e+01 8.600000000000000000e+01
4.242640687119289211e+00 2.512440436669377775e+00 4.726725746356426505e+00 5.800980082697553275e-01 4.263241732149040786e+01 4.778852415603243742e+01 1.800000000000000000e+01
2.651063199613673316e+00 1.587449049508692811e+00 2.150417572745933814e+00 5.245261819946954729e-01 8.819211196372856421e+01 1.088604724625692199e+02 1.900000000000000000e+01
4.000000000000004441e+00 2.104540633964044005e+00 3.591507745925060391e+00 5.775587772646384455e-01 6.127499681109255647e+01 7.969129564327778326e+01 1.600000000000000000e+01
4.130545900558222350e+00 2.499711514972493553e+00 4.479534096894176365e+00 6.555318629121156260e-01 6.830431053695917853e+01 8.551559770100324442e+01 7.700000000000000000e+01
5.000000000000001776e+00 2.632636659772500387e+00 5.934613378864836974e+00 6.276706514649134094e-01 5.615532107905204384e+01 6.553908940900241475e+01 2.500000000000000000e+01
3.000000000000001332e+00 1.828748838401818899e+00 3.108152389227438750e+00 6.883189941821931113e-01 7.094828791515394073e+01 8.501055069044150514e+01 9.000000000000000000e+00
4.999999999999998224e+00 3.447357640435133153e+00 1.295007930579363808e+01 1.000000000000000000e+00 9.133676274436592735e+01 1.169764374786905705e+02 5.000000000000000000e+00
4.237373530486326700e+00 2.758027791627220449e+00 4.827047486430894985e+00 7.041695739102485918e-01 7.115059129331517340e+01 8.815550310579573079e+01 7.200000000000000000e+01
2.903522228695493812e+00 1.835474688203033944e+00 3.522411553919213567e+00 6.942091834335577527e-01 8.328116572940176354e+01 9.574078877025803536e+01 2.300000000000000000e+01
4.077719796864712087e+00 1.575375548485693500e+00 6.340278492112124020e+00 6.990768695446702985e-01 4.147965724053505454e+01 4.869308258766752573e+01 6.200000000000000000e+01
2.808138935266515368e+00 1.617728396517551737e+00 3.969071471733916834e+00 6.609233495540904890e-01 6.357430327382833468e+01 8.380238224180557438e+01 6.600000000000000000e+01
3.052615118382254522e+00 1.425084654637946091e+00 3.825089227477520115e+00 4.739807632027038253e-01 4.522161976021249075e+01 5.547420940796534694e+01 8.600000000000000000e+01
3.940347883371902782e+00 2.149349184196365670e+00 4.291499413660773143e+00 5.312728847295974388e-01 4.416834929489773742e+01 5.329984673993960342e+01 6.700000000000000000e+01
3.886881941063120571e+00 1.621043276671541467e+00 4.458351910615579783e+00 6.660554416750258389e-01 4.275496869142335044e+01 5.294237582946461629e+01 5.700000000000000000e+01
3.377082456273539535e+00 1.749465278716124228e+00 4.179487476174804428e+00 5.815034094848955393e-01 7.522520293338456554e+01 9.213263089138270345e+01 3.500000000000000000e+01
4.262244008333440526e+00 2.673541514069434744e+00 4.099473728412487361e+00 6.738497736813351402e-01 6.636607870290410460e+01 7.609942144068028824e+01 9.000000000000000000e+01
3.175523365205976223e+00 1.044985449746893558e+00 5.245869851094159486e+00 3.980721444963479794e-01 3.537576766558655805e+01 4.394634028339970655e+01 3.100000000000000000e+01
3.889309623027292329e+00 2.053676794290466123e+00 5.356955618738457048e+00 5.352500029539143389e-01 6.074796469764996232e+01 7.075440958367968847e+01 6.000000000000000000e+01
4.670719140006974968e+00 2.726720099456427349e+00 5.402052381870495523e+00 6.470626402138757172e-01 7.602730088058847002e+01 9.622838322869502292e+01 9.800000000000000000e+01
3.747522087408219793e+00 2.066115147218673176e+00 3.566181039270365449e+00 5.410850093068284572e-01 5.737435155510135587e+01 7.260360283175255347e+01 5.800000000000000000e+01
4.186549988714957315e+00 3.125494080915872441e+00 4.050950332726571013e+00 7.401301383808618350e-01 8.424287040898904877e+01 1.004325283607395249e+02 8.200000000000000000e+01
4.690415759823431507e+00 3.438967168825591170e+00 5.876584680844976205e+00 7.074599132392187517e-01 7.166238984186277605e+01 8.435650667892291210e+01 2.200000000000000000e+01
4.285225182878980910e+00 2.562205856997422426e+00 5.046760412886420077e+00 6.563275368512663244e-01 5.162765467930835683e+01 6.796110338005715334e+01 7.800000000000000000e+01
2.712972397238558209e+00 1.492079453066093686e+00 3.054155092524878601e+00 4.967506043582205488e-01 5.297661371933862995e+01 6.478762071183901128e+01 6.000000000000000000e+01
3.061502006323442160e+00 1.614012441525024100e+00 3.754571117979651707e+00 5.360908194110102221e-01 5.844859863372477804e+01 7.184124213959327676e+01 8.300000000000000000e+01
2.878564754065811915e+00 1.198172171088889293e+00 3.552030102287056845e+00 5.121657667786798651e-01 6.720758627970963062e+01 8.318161740927962455e+01 2.500000000000000000e+01
4.574135459745741983e+00 2.864252341652988143e+00 7.295303240175931236e+00 6.106958549650989276e-01 6.001944350537816320e+01 7.314214779585822157e+01 9.000000000000000000e+01
2.993582842712377179e+00 1.341695161885676502e+00 3.136072057825695758e+00 4.773967182970669798e-01 5.094193872896148889e+01 6.104646875933502059e+01 7.800000000000000000e+01
3.029963616370213053e+00 1.254255398920142817e+00 3.305046679196929293e+00 4.914861160690191522e-01 3.721644815479141499e+01 4.568884778833297844e+01 7.700000000000000000e+01
3.140463497177344188e+00 1.886070974481137030e+00 5.991946506771366643e+00 5.513588631280600394e-01 6.465992808048159191e+01 8.400055670015288456e+01 3.600000000000000000e+01
4.999999999999998224e+00 3.075773203011574530e+00 7.448951391299727831e+00 9.684951171110701695e-01 7.613384755356231892e+01 9.022633999865202270e+01 5.000000000000000000e+00
2.879605789516191727e+00 1.631667883383819406e+00 3.317798087944980434e+00 6.071976260702619532e-01 5.072429394997872265e+01 6.341008129751767086e+01 6.600000000000000000e+01
3.045532305578656729e+00 1.720043065812115080e+00 4.578248197085111215e+00 5.194355273614870150e-01 5.887158935321848219e+01 7.564589839386360381e+01 8.900000000000000000e+01
4.200090331479185757e+00 2.386227349096903261e+00 4.238199883836828441e+00 5.242563425471161720e-01 5.974191186344715021e+01 7.365810504277047244e+01 7.800000000000000000e+01
3.534318146917605041e+00 2.271814003289458483e+00 3.997154957745367554e+00 6.585689005317022504e-01 6.575843946800314654e+01 8.097726807510002800e+01 4.800000000000000000e+01
3.016264094480647362e+00 1.470626906569049819e+00 3.641141755094435606e+00 5.989421056041609459e-01 6.242628175910547128e+01 7.461964748700189887e+01 8.100000000000000000e+01
3.192654336304210361e+00 2.253660680609740563e+00 3.173761643978202152e+00 8.150608184406923362e-01 9.237920881552228991e+01 1.198728957213059658e+02 9.200000000000000000e+01
4.251961713882900007e+00 2.331857656803364875e+00 4.209971997757257611e+00 6.139662258341396228e-01 5.676711149285412716e+01 6.892975126446471279e+01 7.600000000000000000e+01
3.752056518196666079e+00 2.218007910207785649e+00 5.111826685290387751e+00 6.686056584378411438e-01 7.318524761438351334e+01 9.069711161871765626e+01 4.800000000000000000e+01
4.371894058449819376e+00 2.166554887365166771e+00 5.538062004331972155e+00 4.821089298678391533e-01 4.511676543679394058e+01 5.761021863134893550e+01 8.100000000000000000e+01
4.124173591489491031e+00 2.451532948742427553e+00 5.140925369321477589e+00 6.481581700709487803e-01 7.376409958740448758e+01 9.169383478685341515e+01 6.900000000000000000e+01
4.317703550405837198e+00 2.669706688322348587e+00 6.113359361137711723e+00 6.488491416440442805e-01 6.538032215473045028e+01 7.809347890042205620e+01 8.500000000000000000e+01
3.868247827578356279e+00 2.083251159234755789e+00 4.791573443548740485e+00 6.301858500656692952e-01 5.661975473918413826e+01 6.966877575608050677e+01 6.300000000000000000e+01
4.285608699686075163e+00 2.416408904782703537e+00 6.234901710646371775e+00 5.310649038553089119e-01 5.000587349826913908e+01 6.531579696428902082e+01 8.600000000000000000e+01
4.105953962053600748e+00 1.942502715414846204e+00 4.102301739911449197e+00 5.611929629945882070e-01 5.134038006425652867e+01 6.401686372812910975e+01 6.100000000000000000e+01
4.443186060228327960e+00 2.558207976360030944e+00 5.183085419129485061e+00 5.694688547360684527e-01 5.638251674467668551e+01 7.023995511963435945e+01 9.700000000000000000e+01
3.171555652704116657e+00 1.376179517056579371e+00 4.709548422491148578e+00 6.542701686207728073e-01 4.635650524302768360e+01 5.453247037047338353e+01 8.900000000000000000e+01
4.898979485566360204e+00 1.939106461403482751e+00 9.953021383314547776e+00 5.991703586838563744e-01 6.294581522727144574e+01 7.223302891036912854e+01 2.400000000000000000e+01
3.712565970548055372e+00 2.628831889654227094e+00 4.534940031571037089e+00 7.768519756267877607e-01 7.484031271709125122e+01 8.526106399708150718e+01 5.100000000000000000e+01
2.897202663752378005e+00 1.644447368214419170e+00 4.802581755726453849e+00 5.155579882129597280e-01 4.838810852514396998e+01 5.959104275773469794e+01 2.500000000000000000e+01
3.081999433195125704e+00 1.866326873299980038e+00 3.975992327443067076e+00 6.371326922140145843e-01 6.340423300123313766e+01 8.692790380009731166e+01 8.200000000000000000e+01
3.749380376992600628e+00 2.047727628537818312e+00 5.592539818751389724e+00 5.160457538093151664e-01 5.740737146815947511e+01 7.066995570911549862e+01 4.900000000000000000e+01
3.917437508547000125e+00 2.392170192098183268e+00 4.110743502294428531e+00 5.470231740623138217e-01 5.547060404400645695e+01 7.054457935826336268e+01 6.100000000000000000e+01
3.289374966778641163e+00 1.884889332044540566e+00 3.685369918018998714e+00 6.172363284214460455e-01 5.247279212355527989e+01 6.601051153136104688e+01 3.900000000000000000e+01
4.227569609946699281e+00 2.352402116212059191e+00 4.772502769901169728e+00 5.556306684627823067e-01 5.497119357741550516e+01 6.810154327803793706e+01 7.400000000000000000e+01
3.553505540193465428e+00 1.514757569396532277e+00 3.483214409345094964e+00 6.296714374231379141e-01 5.124559984420108094e+01 5.702551596899773045e+01 4.200000000000000000e+01
3.135027491997320670e+00 1.664356726397024477e+00 2.928075540244116759e+00 4.679729350308146629e-01 4.200168303654609758e+01 5.128458368803657663e+01 3.400000000000000000e+01
3.627821947780084155e+00 2.218972022059994664e+00 4.788346505721344570e+00 5.551420828129104423e-01 6.307887026535059505e+01 7.694945849424695439e+01 4.500000000000000000e+01
3.851788284819261055e+00 2.201163378155494232e+00 5.551295849934019699e+00 7.721632045074859896e-01 6.903159081388919560e+01 7.822331678294381163e+01 5.900000000000000000e+01
4.456878576590693974e+00 2.678477680354165891e+00 4.826146091672712579e+00 6.242422279824844100e-01 5.637091993486676955e+01 6.994923458958605522e+01 9.800000000000000000e+01
5.999999999999997335e+00 4.425099744039830973e+00 1.454338048769544756e+01 7.000515916906779879e-01 7.557615386207012875e+01 9.402806513752413764e+01 6.000000000000000000e+00
4.242640687119289211e+00 3.344811856905642866e+00 4.636103194273362149e+00 7.783553653416650508e-01 8.702673143560141966e+01 9.821244110666874860e+01 1.800000000000000000e+01
3.153309698082312096e+00 1.273007123387071005e+00 3.807150711455362657e+00 5.060398756712114476e-01 4.013299231035069425e+01 4.836991990898597749e+01 9.000000000000000000e+01
3.167201468247193841e+00 1.330822246058935621e+00 3.118452676082966502e+00 5.193884594002823318e-01 3.924975982477901937e+01 4.850715010189517784e+01 9.200000000000000000e+01
4.395917625750305646e+00 2.535945096551346811e+00 3.268962757061824487e+00 5.502365979805180496e-01 5.632006122523918634e+01 6.673768764695307709e+01 9.500000000000000000e+01
3.068313212905259935e+00 1.840808287074647165e+00 4.097716186305219388e+00 6.230100160284977040e-01 6.976551488483035257e+01 8.705104522513772736e+01 8.600000000000000000e+01
4.178068105877674299e+00 2.607749497115295689e+00 4.746572594800660738e+00 6.679545457053193136e-01 8.776196095688544574e+01 1.050525295799383088e+02 7.400000000000000000e+01
3.097529593937715209e+00 1.432317506951559460e+00 4.110465245190985328e+00 5.398155165909509501e-01 4.893642542721426736e+01 6.095664960056521409e+01 8.800000000000000000e+01
3.578756562805500252e+00 1.915160027180868862e+00 3.176712413026199666e+00 6.092255015822163333e-01 5.227922180073292679e+01 6.255796965068105209e+01 4.100000000000000000e+01
4.449775409123850167e+00 2.537165507393028374e+00 4.933743223455429039e+00 6.344215004952873382e-01 7.063736290906152249e+01 8.990259467863567977e+01 7.700000000000000000e+01
3.929611801828318818e+00 2.570981770713932413e+00 5.785901385488545046e+00 6.491600242655807262e-01 7.429645993971639939e+01 8.805774815299731983e+01 5.800000000000000000e+01
7.141428428542854867e+00 5.140136953947802567e+00 9.088413713366794155e+00 7.622064352893133110e-01 7.045717546700609546e+01 8.028466185968066782e+01 5.100000000000000000e+01
3.972016760235770771e+00 2.219552617354024981e+00 5.534082914814719700e+00 5.771904439556309052e-01 5.487380825615716162e+01 6.649701238106042922e+01 6.600000000000000000e+01
2.903573361598395408e+00 1.172878112448196841e+00 2.800466170065717186e+00 4.628384590976565849e-01 3.886830200506713595e+01 4.548247524366387751e+01 2.200000000000000000e+01
2.995078047266775290e+00 1.675840252762015981e+00 3.474467219649501892e+00 6.783038695672100049e-01 5.097353359798067629e+01 6.106922000182769494e+01 8.900000000000000000e+01
3.258617435040412680e+00 1.719141356351317151e+00 3.407946455949813380e+00 6.371251747120442177e-01 5.852405353446777525e+01 7.191065464909519278e+01 1.000000000000000000e+02
3.489479239768316532e+00 1.904245573340140885e+00 3.547514313090289750e+00 5.933026043206939271e-01 5.290379166558449242e+01 6.939218924576989878e+01 4.600000000000000000e+01
3.798288964661870271e+00 2.616557983893990524e+00 3.778401705602506766e+00 6.187226159225238664e-01 7.055468782430976660e+01 8.799493845651986135e+01 5.000000000000000000e+01
4.194926715054463351e+00 2.577595592055367923e+00 4.454772543675537655e+00 6.398822929885029653e-01 6.523950605835132421e+01 8.128095755799915878e+01 7.500000000000000000e+01
3.461436192888003305e+00 2.220894908524388089e+00 4.421077062280213354e+00 6.547209323943381509e-01 7.374658201420125181e+01 9.257590617159017654e+01 3.800000000000000000e+01
3.277240308477002095e+00 1.951530644630453670e+00 4.089263194663566026e+00 6.524642697492059051e-01 6.425588741822105021e+01 7.845214802082317362e+01 3.500000000000000000e+01
2.918871395504200716e+00 1.220759777040953953e+00 2.835553759456594491e+00 5.612935537637139261e-01 4.242818186534773162e+01 5.077424639929625272e+01 6.700000000000000000e+01
4.674697157994588181e+00 2.722116672303320328e+00 7.130452834599139145e+00 6.487938293728640060e-01 6.739086289982770950e+01 8.268157090142639731e+01 9.400000000000000000e+01
3.875700059961416866e+00 1.825126981293238027e+00 3.342833013595634561e+00 5.776910832862838241e-01 6.068899795101328465e+01 7.508084996753629525e+01 4.900000000000000000e+01
2.903522228695493812e+00 1.111846873907309963e+00 2.859252321780710204e+00 6.739582650731070768e-01 5.674517236721383995e+01 6.507607891507159081e+01 2.300000000000000000e+01
3.469463317402364577e+00 1.052421582231680697e+00 4.649849385309605232e+00 7.380302249327559405e-01 3.696873299139063107e+01 4.198508020416195308e+01 4.100000000000000000e+01
3.002868286320442337e+00 1.326513066916001460e+00 3.364158378831693774e+00 5.406086736354600575e-01 4.682233291774094397e+01 5.866504692676497257e+01 7.200000000000000000e+01
3.838693514696681852e+00 2.275248164169361154e+00 4.396392939017505164e+00 5.880812425687519385e-01 7.251621218280176606e+01 8.799133051454414556e+01 5.300000000000000000e+01
2.877217052772920614e+00 1.091983361550597831e+00 3.453074019424740460e+00 4.620663725482540007e-01 3.554137660315815594e+01 4.585443407230245327e+01 7.200000000000000000e+01
4.077065049175883082e+00 2.304352739229150071e+00 3.907351733331343446e+00 6.442361943711523153e-01 5.157844068550738825e+01 6.213815787161029647e+01 7.200000000000000000e+01
3.605551275463990013e+00 2.678289808767362778e+00 5.173219431314787897e+00 7.544164263027456352e-01 7.347455740329483831e+01 8.867498024799516543e+01 1.300000000000000000e+01
4.484900126122713715e+00 2.486979970181262711e+00 6.384786719209718520e+00 7.506572740686733303e-01 6.193180800918478468e+01 7.655596965770318718e+01 8.700000000000000000e+01
3.090459479053468961e+00 1.458680325176368031e+00 2.878224143120388767e+00 4.479611080070869944e-01 4.223413311141943183e+01 5.401438648298854872e+01 8.500000000000000000e+01
5.196152422706634688e+00 3.361663463694573029e+00 7.434626398512596879e+00 8.000190138722527156e-01 6.632522969727956763e+01 7.940249453950961822e+01 2.700000000000000000e+01
4.583025551433171252e+00 2.537841713135485566e+00 4.477112249360267526e+00 6.144873171713650661e-01 6.459827394153309399e+01 8.004870151122764810e+01 9.200000000000000000e+01
2.913693458576192441e+00 1.645584866235193955e+00 2.750009623551891824e+00 6.177253114757960129e-01 6.659593708250773147e+01 7.873950782189471909e+01 7.000000000000000000e+01
2.645751311064591160e+00 1.343756778379402661e+00 3.329391802940190104e+00 7.292899356441353564e-01 1.007633248816811573e+02 1.173709586431492653e+02 7.000000000000000000e+00
3.943928892365005101e+00 2.400059085733645237e+00 4.749722288212645971e+00 6.619229569491308363e-01 5.868628765323392571e+01 6.892642728809079244e+01 5.800000000000000000e+01
3.655382289924833383e+00 2.067259942970525621e+00 3.589699700978465025e+00 5.216757616137643883e-01 6.165708073544417545e+01 7.254402421129513812e+01 4.400000000000000000e+01
2.961191535468713720e+00 1.128866054473950165e+00 3.398315076144764912e+00 6.019804266640229606e-01 4.624754840791445076e+01 5.363560214194902187e+01 7.200000000000000000e+01
4.356122964910857931e+00 3.155450982209543564e+00 4.494865542670678060e+00 7.391782490857866650e-01 9.046016558539189134e+01 1.116357076676565470e+02 9.000000000000000000e+01
3.353136108406579385e+00 1.638276747062845651e+00 4.054235024018195688e+00 6.681462465259132566e-01 5.193110321074357927e+01 5.833084133950909944e+01 3.300000000000000000e+01
2.995078047266774846e+00 1.574820252345065619e+00 3.752412468825838232e+00 5.279393109456543831e-01 5.344824251570686613e+01 7.012304485276470700e+01 8.900000000000000000e+01
4.009494574004496492e+00 2.494103909012921338e+00 6.666791513573215866e+00 5.847953553533202786e-01 6.266974801536630935e+01 7.907871338021344343e+01 7.100000000000000000e+01
4.151787261641747051e+00 2.666710387053455644e+00 4.734151392060756081e+00 6.499236886519219603e-01 5.760951967740882651e+01 6.871836783020307848e+01 7.700000000000000000e+01
2.912634606342634047e+00 1.378486298288035039e+00 3.434754222933744217e+00 5.884960868835774628e-01 6.735950270357439251e+01 8.367133708003348147e+01 2.600000000000000000e+01
3.054322593414286136e+00 1.518220793453275874e+00 3.765480137973925334e+00 6.461751179795388600e-01 5.046347657823636013e+01 6.232615074174614733e+01 9.600000000000000000e+01
2.745499382531490173e+00 1.168240950675007328e+00 4.068766100427153809e+00 7.845340920307743993e-01 6.363494129364901397e+01 7.110062877223874978e+01 2.300000000000000000e+01
4.898979485566360204e+00 2.746512300316743094e+00 5.045985428624700120e+00 6.876133473516281569e-01 5.533859879383422253e+01 6.765860870304413766e+01 2.400000000000000000e+01
2.828427124746190735e+00 1.736814255155756825e+00 3.466223822831708379e+00 7.234210521944707262e-01 8.471275325433464332e+01 1.078101712124245495e+02 8.000000000000000000e+00
3.087312838983622409e+00 1.609159287727224052e+00 3.291935833006949252e+00 6.031364673419040701e-01 7.089768616482594155e+01 9.007491950588432417e+01 9.100000000000000000e+01
4.242640687119289211e+00 2.547994692920044546e+00 5.480170044249851102e+00 7.206635666149064923e-01 5.987713137412219311e+01 7.001249890591498115e+01 1.800000000000000000e+01
3.647362056515620843e+00 2.700622268693260164e+00 3.825542053511422402e+00 8.105561778014599428e-01 9.790333262936830749e+01 1.196563977400148246e+02 5.000000000000000000e+01
3.844801731528855626e+00 1.897814643719783589e+00 3.727105736633200550e+00 7.453864967317826995e-01 7.477635860002013146e+01 8.489610032791833305e+01 4.900000000000000000e+01
3.447667550039400286e+00 1.613109904242167492e+00 3.397399987200061755e+00 5.016510665240423439e-01 5.264378009487477783e+01 5.993495293972408433e+01 3.900000000000000000e+01
3.156873059995308317e+00 1.897413272859947542e+00 3.019814458617890551e+00 5.543533999563871051e-01 5.354476219528476832e+01 5.982733987464554559e+01 3.200000000000000000e+01
3.233635032886788441e+00 1.326996815855052692e+00 3.631013245015467739e+00 6.696705182988488270e-01 4.630458557631904881e+01 5.657250463736993140e+01 1.000000000000000000e+02
3.052834450634096530e+00 8.800032590692868917e-01 3.370397994332378300e+00 6.240206891784954024e-01 4.429643856246674005e+01 5.320176895385907301e+01 2.500000000000000000e+01
4.294830838885586921e+00 3.001407800267501091e+00 4.617244110539352242e+00 7.676532594631008122e-01 1.059687759836105130e+02 1.352212171529604916e+02 6.900000000000000000e+01
3.763957787471958749e+00 1.848821626003803731e+00 3.643605202381423602e+00 6.471061630748539129e-01 4.313245674234316596e+01 5.064735530174358047e+01 5.600000000000000000e+01
3.557256847483961426e+00 1.963786522291073977e+00 3.315917155488349088e+00 7.805086790833621890e-01 6.848234898567324080e+01 7.984050215356643321e+01 4.600000000000000000e+01
2.656402479886668555e+00 1.352460603805218486e+00 3.395294234143769074e+00 5.590609387628228122e-01 6.119916225060197235e+01 7.180395532516838841e+01 1.800000000000000000e+01
2.959534647159015375e+00 1.770499192638186559e+00 2.980695949959772939e+00 5.442830624486102442e-01 5.215796971038108865e+01 6.644489609460423196e+01 8.200000000000000000e+01
4.227569609946699281e+00 2.270182614136686983e+00 5.296043499569917934e+00 5.836213452291115766e-01 5.827741496328444271e+01 7.219299384153039512e+01 7.400000000000000000e+01
3.375437903527041428e+00 1.695985945106101900e+00 3.889979114243655722e+00 8.016481747002331959e-01 5.405495109527981867e+01 6.400469110288582897e+01 4.000000000000000000e+01
2.961191535468714164e+00 1.537727982853954511e+00 3.179590829360655846e+00 4.563262410212713949e-01 4.712006166994564893e+01 5.926590999521503988e+01 7.200000000000000000e+01
3.279141677795307075e+00 1.694812073184230883e+00 6.242926871140110912e+00 7.337161224986672448e-01 7.814893183087716011e+01 9.494912142407396516e+01 3.300000000000000000e+01
3.000000000000001332e+00 1.586659443999653751e+00 3.727915468136130173e+00 6.177965977408733655e-01 5.615108671602676793e+01 6.259376153752587157e+01 9.000000000000000000e+00
3.095282322201425629e+00 1.155117556317404537e+00 3.352892760782467008e+00 4.031330639746950606e-01 2.732247504429378182e+01 3.255788430725288407e+01 9.300000000000000000e+01
3.574718122868982828e+00 2.648932683576923353e+00 5.612390189202161039e+00 7.440526918879626361e-01 8.419892107029211559e+01 1.084154470337604437e+02 4.400000000000000000e+01
3.316139834612720438e+00 1.880052828660906616e+00 4.212245256145758177e+00 6.862585149908814186e-01 7.106604391096912821e+01 8.401580985997377127e+01 4.100000000000000000e+01
3.785830609054078089e+00 1.840716777080532385e+00 4.308655351057049110e+00 5.775392990206426047e-01 4.307991224225602878e+01 5.300816278329702413e+01 6.000000000000000000e+01
2.782133168298092762e+00 8.073238259502099057e-01 2.897019959120921140e+00 7.726786895003073807e-01 5.252686451456111882e+01 5.996680958284707685e+01 2.100000000000000000e+01
4.503219131545719733e+00 2.818383026955462167e+00 4.711838693688291002e+00 6.587046686619257851e-01 6.596478853556057231e+01 7.809754771875157076e+01 9.500000000000000000e+01
4.355436404860483890e+00 2.156682138882893174e+00 5.273227596999221056e+00 4.854513459475032766e-01 5.079838070161554242e+01 6.290622581890532672e+01 8.500000000000000000e+01
3.146558846159284162e+00 1.521010868410887396e+00 3.139739622997844037e+00 5.443741674242164041e-01 4.572674252139335493e+01 5.934170387618667775e+01 9.300000000000000000e+01
3.089427452369162719e+00 1.425754740449026947e+00 3.509142749809487150e+00 5.386846046108666464e-01 5.685303163982515429e+01 7.043443369608154114e+01 8.900000000000000000e+01
2.725597599038234176e+00 1.061253454414929465e+00 3.486317814517674307e+00 7.132782442832119596e-01 4.195146278063855050e+01 5.130551391977545705e+01 5.900000000000000000e+01
3.779973542156964239e+00 2.110995408752027735e+00 3.342545748396801297e+00 6.013503535002553413e-01 5.106329276513135795e+01 5.954782793095913718e+01 5.300000000000000000e+01
4.327611313436642071e+00 1.933555111151901817e+00 4.809362868928924506e+00 4.765895635954073284e-01 4.386633671345202146e+01 5.234481595342892746e+01 8.000000000000000000e+01
3.186708769871326119e+00 1.718181608576419439e+00 3.085509378436898320e+00 6.494961790438882332e-01 5.389983355394947750e+01 6.141695347154237083e+01 3.000000000000000000e+01
3.734256364528168781e+00 2.013717095117875999e+00 4.161049266292430993e+00 5.279850283636337016e-01 4.918983601236423908e+01 6.137530034388829847e+01 5.200000000000000000e+01
3.562461700644579565e+00 1.289949283570613447e+00 6.306950214589773118e+00 6.253740562850849116e-01 5.425753135229569324e+01 6.509101060152872265e+01 3.800000000000000000e+01
3.090459479053469405e+00 1.623870587311133207e+00 3.392042361165141351e+00 6.010800591047641417e-01 5.967126851808281884e+01 6.908980269405023478e+01 8.500000000000000000e+01
4.126515718585547887e+00 2.205532154384681753e+00 3.791117824620042764e+00 5.388664083802342519e-01 4.076493859948919862e+01 5.195771139720355336e+01 7.100000000000000000e+01
3.270415072708054094e+00 1.939011016672547827e+00 3.250825873242159769e+00 5.934686973568221724e-01 5.724551884224120357e+01 6.947292183943146426e+01 3.600000000000000000e+01
3.962082423726704050e+00 2.742968006298236006e+00 3.740035099482039715e+00 7.518797110755787161e-01 7.778375905815293834e+01 9.271226270220590493e+01 6.200000000000000000e+01
3.029061116708941181e+00 1.486400491579442651e+00 3.982879570126804492e+00 6.019978705852566669e-01 6.401098746304073472e+01 8.019012688723081794e+01 8.500000000000000000e+01
3.060083306070672915e+00 1.889708163814628694e+00 3.581041670543223976e+00 7.242079814025272899e-01 7.646299893860002328e+01 8.930360249389917726e+01 3.000000000000000000e+01
3.173172014196447677e+00 1.288570656862700892e+00 3.753525499836611434e+00 6.493999148333827742e-01 4.312410602983775476e+01 4.933129094381362023e+01 9.700000000000000000e+01
4.218570804047127254e+00 2.429314121779821534e+00 6.885471494656027147e+00 7.432043078500877309e-01 8.339830365908582621e+01 1.026077483178083867e+02 6.500000000000000000e+01
3.432674913729678146e+00 1.932832287906366631e+00 4.441274954507214545e+00 5.278289443727934849e-01 5.799266181558996180e+01 7.075012486487720764e+01 4.400000000000000000e+01
3.578756562805500252e+00 1.073928185036067795e+00 4.318716916957201057e+00 7.009285629588823952e-01 5.133642405042519385e+01 6.613248030469445382e+01 4.100000000000000000e+01
4.360907193517679303e+00 2.871986075679386019e+00 4.977044982460481215e+00 7.818621487914880763e-01 9.437505986674148062e+01 1.160987076682339563e+02 7.600000000000000000e+01
4.456878576590693974e+00 2.582988470111538426e+00 4.809274837527739876e+00 7.032592205575486366e-01 8.246128267982319926e+01 1.007648023235738890e+02 9.800000000000000000e+01
2.821232834790522226e+00 1.063154009284611679e+00 3.073963029597551078e+00 6.414043309481410882e-01 5.874664697392035606e+01 6.956842365913331605e+01 2.200000000000000000e+01
2.258693870913711876e+00 8.862899104052114341e-01 3.172230829309416134e+00 8.070716883365121053e-01 5.643929221805925067e+01 6.639954598359101112e+01 1.200000000000000000e+01
2.743830647360506081e+00 1.304926130255789518e+00 3.696201326248738539e+00 5.670297074860369824e-01 4.746197693245190408e+01 5.691254444505422327e+01 6.100000000000000000e+01
6.403124237432850308e+00 3.753698841718365653e+00 7.986461626636829791e+00 6.997900639653047428e-01 6.458625178807595546e+01 7.908485047177842375e+01 4.100000000000000000e+01
4.143866428019014059e+00 2.400493944339726404e+00 4.224855062958027929e+00 5.538598665785903208e-01 5.679257424095409590e+01 7.102057784096642479e+01 7.200000000000000000e+01
3.184303206544285558e+00 2.107145686630529813e+00 3.413682503967776061e+00 6.224369056165562908e-01 6.764230196453864608e+01 7.731347169729339441e+01 3.500000000000000000e+01
3.665023854072059439e+00 2.272941715906598770e+00 4.821623065287399257e+00 6.356021390778386904e-01 7.966330562465549292e+01 1.056298670988401796e+02 4.300000000000000000e+01
4.497188855131737384e+00 2.725016117222215151e+00 4.537382335350343965e+00 6.778294323684062039e-01 5.543927941347403276e+01 6.253968596061285012e+01 8.900000000000000000e+01
4.000000000000001776e+00 2.553178485953890409e+00 5.644470273545363348e+00 6.775760085279571854e-01 8.107670196543529073e+01 1.034445413729480236e+02 6.400000000000000000e+01
4.297664234342917666e+00 2.238163808417903411e+00 4.349796852182680418e+00 4.785037664432477134e-01 4.511138068921626854e+01 5.652655991810015479e+01 8.500000000000000000e+01
3.914809268197173342e+00 2.100863408543720556e+00 4.775205280192757584e+00 6.274921630281172780e-01 5.650862734658294784e+01 7.239373749257507029e+01 5.800000000000000000e+01
3.070453389382776788e+00 1.702770870386801194e+00 3.800213836296843617e+00 7.499035464747676460e-01 6.981594869392449709e+01 8.480244069103126492e+01 3.100000000000000000e+01
2.925545168880547831e+00 1.339229657882669233e+00 4.538984091032618906e+00 6.581623936890338422e-01 6.156894072733685874e+01 6.585163566487838693e+01 2.700000000000000000e+01
3.550148632142598792e+00 2.049016126706969310e+00 3.767869958748107262e+00 6.221973533645150933e-01 5.059909781645465898e+01 5.909975906633054876e+01 4.300000000000000000e+01
3.557256847483961426e+00 2.240775388231295295e+00 5.431329771754946911e+00 6.630662339574063813e-01 6.158440783406724961e+01 8.169121019700324382e+01 4.600000000000000000e+01
3.177744164770796687e+00 1.213514093978543595e+00 4.332623776870089038e+00 5.272240404460738494e-01 5.204878873615714951e+01 6.594959904625582681e+01 1.000000000000000000e+02
3.739931247254999924e+00 2.034527284721343587e+00 4.512044599382400989e+00 6.706284227547639754e-01 8.045450547279915554e+01 1.055096142898520384e+02 4.600000000000000000e+01
4.235099777984157932e+00 2.289650914672139770e+00 5.867084705296183422e+00 5.757828403032700937e-01 5.665297777871632690e+01 7.452983600182760426e+01 7.500000000000000000e+01
2.365600537900696576e+00 1.131676326746950068e+00 3.554805093373000879e+00 5.522905904125300358e-01 5.490124950902622913e+01 6.049905025019151594e+01 1.400000000000000000e+01
3.902627371513785359e+00 1.709902119122481690e+00 4.792850956523334816e+00 4.395853151175608264e-01 4.933715661461962299e+01 6.144046350923778732e+01 5.600000000000000000e+01
4.215347479450937129e+00 3.042609565754629042e+00 4.146677785531932336e+00 6.730185505344008501e-01 8.961186409808956910e+01 1.127440988830668687e+02 8.100000000000000000e+01
4.420959358047630516e+00 2.657784717383834039e+00 4.653935770186128806e+00 6.127529649261501676e-01 7.306287964297291637e+01 8.966184283733450400e+01 9.700000000000000000e+01
3.518399582762729683e+00 1.643398127869110326e+00 3.869448913296114512e+00 3.827385277344887982e-01 3.284833826505877141e+01 3.910519422137901557e+01 4.700000000000000000e+01
3.233251966356718299e+00 1.372186798172743138e+00 4.474481147979818552e+00 7.673039537306648450e-01 6.175238052525545385e+01 7.381330271116905806e+01 9.800000000000000000e+01
4.109329893257315014e+00 1.806906855028874048e+00 5.137804799304947601e+00 5.875059032379266188e-01 5.934096752497930538e+01 7.361180990272342228e+01 6.500000000000000000e+01
3.844801731528855626e+00 1.847202107568975515e+00 6.302247859524958251e+00 7.575415844555771772e-01 8.769007034896846164e+01 1.155770667939711700e+02 4.900000000000000000e+01
2.828427124746191179e+00 1.732810680082002230e+00 3.655725941859806483e+00 6.213710478110469060e-01 7.400003682591894005e+01 8.992867623569289037e+01 8.000000000000000000e+00
3.461486655187445027e+00 1.749460782587883401e+00 3.954248081069495768e+00 6.288041226460918676e-01 4.935083071206043570e+01 5.528370591340339502e+01 4.200000000000000000e+01
3.400535260798896342e+00 2.045053819530922468e+00 3.194213235087742575e+00 5.191018725639550135e-01 6.013909200490665796e+01 6.970739063670986013e+01 4.100000000000000000e+01
2.415073637568970089e+00 8.809050230845143492e-01 3.219019251516359592e+00 6.694626625169259881e-01 5.235980254000430278e+01 5.535915818775693253e+01 1.500000000000000000e+01
2.958956209219445466e+00 1.728502696593154697e+00 3.388381594460821322e+00 5.686798722091160885e-01 4.890622244878873204e+01 6.027890160897477756e+01 7.000000000000000000e+01
2.946256779642095758e+00 1.247242605862315834e+00 3.468718189254214490e+00 5.702952741476237097e-01 3.588345293897675958e+01 4.560851262460572286e+01 7.400000000000000000e+01
4.353326984310652570e+00 2.659038842888570731e+00 6.008322476463540340e+00 6.997031558156618924e-01 7.202384102517275721e+01 9.012741760891653087e+01 8.100000000000000000e+01
4.130474971109418192e+00 2.554605020950909910e+00 3.289076160337861321e+00 7.053594411147519061e-01 6.718693325677472217e+01 8.207178951728512573e+01 6.900000000000000000e+01
3.121428623488584186e+00 9.612023734672805464e-01 3.587815765239732446e+00 8.114245270445773484e-01 6.057159185451764927e+01 7.028109447782536279e+01 2.800000000000000000e+01
2.828427124746190735e+00 1.241982086265692287e+00 2.792118398938792545e+00 7.791321641569568524e-01 7.401395714842588802e+01 7.656713075234932830e+01 8.000000000000000000e+00
3.974267717036507275e+00 2.448066669504965986e+00 3.173564932697068741e+00 6.840218706437082297e-01 6.334845863423570478e+01 7.702338630681430232e+01 6.400000000000000000e+01
3.104777085408992221e+00 1.820473053713883349e+00 4.199467197052795697e+00 5.825934767692914074e-01 5.859815775734094956e+01 7.270022904282379272e+01 9.800000000000000000e+01
3.124768261846388562e+00 1.842949357143966127e+00 3.383348007079913344e+00 6.395169548957513328e-01 6.490731090305465045e+01 8.815940096402897552e+01 8.600000000000000000e+01
3.255300214602682818e+00 1.982483482646401507e+00 3.032702428139417705e+00 5.863031570806089832e-01 5.737511377306421423e+01 6.942688314803794469e+01 9.600000000000000000e+01
3.872983346207420130e+00 1.530057415081100824e+00 4.862365174692985903e+00 6.257090460063837734e-01 6.337002197619294463e+01 7.818382796234863008e+01 1.500000000000000000e+01
3.936387879629505093e+00 2.059321625382358967e+00 4.422965699578778498e+00 5.125156897992850791e-01 6.045117501350780032e+01 7.457945625107829812e+01 5.300000000000000000e+01
4.604835093372827259e+00 2.619542812593405046e+00 4.499978856600488797e+00 5.626259574040911593e-01 5.161757191445546766e+01 6.413129048246980801e+01 9.500000000000000000e+01
4.242640687119288323e+00 2.351188253260693362e+00 4.378445219141195111e+00 7.385638750247022211e-01 7.173427839031181463e+01 8.353159719632041913e+01 1.800000000000000000e+01
2.770303370842484014e+00 1.368492402304567035e+00 4.533863392068795406e+00 6.981114081446828656e-01 5.596741443049187126e+01 6.433411132372484076e+01 6.400000000000000000e+01
4.188274958965626737e+00 2.599534934228135086e+00 5.745073807671612798e+00 5.995308787746274071e-01 5.358699694100097588e+01 6.776544262279242048e+01 7.800000000000000000e+01
3.316624790355402919e+00 1.249727341887926668e+00 3.796371013197430866e+00 7.562723304215526188e-01 4.960452298115016845e+01 5.193246084164400145e+01 1.100000000000000000e+01
3.630639917976322906e+00 1.981374240301563505e+00 4.097404270734424259e+00 6.056573343293393252e-01 6.304218157671446221e+01 7.495048914649767369e+01 5.100000000000000000e+01
3.072428599333772770e+00 1.877969386906218840e+00 3.743437161443424532e+00 5.946648244521915982e-01 5.612427588661387290e+01 6.708904551310847353e+01 9.300000000000000000e+01
2.837211229096117115e+00 1.289868548496557077e+00 3.340147056472072773e+00 5.192769862103361334e-01 3.504444296326050079e+01 4.334310970392503037e+01 6.500000000000000000e+01
4.537542102317054571e+00 2.974181279800272915e+00 4.470007478522664002e+00 7.218979580123509043e-01 6.810867162467380354e+01 8.132355345607953723e+01 9.300000000000000000e+01
4.546344582321427907e+00 3.246762079199715156e+00 5.426921740700769270e+00 7.174600692070499663e-01 6.974242484759099625e+01 8.530174838056905173e+01 9.500000000000000000e+01
3.348631217812242156e+00 2.247643450549952959e+00 4.027461023149143671e+00 8.116175607396731717e-01 9.410665900181028576e+01 1.207928708932765716e+02 3.700000000000000000e+01
3.348631217812242156e+00 1.458001157078193222e+00 4.732297351037868971e+00 7.465538284242698719e-01 7.237611065454699144e+01 8.937531672219023449e+01 3.700000000000000000e+01
3.070665640286257325e+00 1.780656449448364764e+00 3.949105674367596741e+00 6.506907651164428597e-01 7.913387409647720006e+01 9.892060209575282670e+01 9.100000000000000000e+01
3.081999433195125704e+00 1.302117791429079130e+00 3.721739502573484515e+00 4.010987715306257306e-01 4.046628870218012253e+01 5.197083669255518856e+01 8.200000000000000000e+01
3.605551275463991789e+00 4.804727757571232161e-01 5.101973221638631095e+00 1.027161587456681069e+00 4.839955849524886844e+01 5.591381917854491235e+01 1.300000000000000000e+01
5.744562646538028616e+00 4.692910900224235071e+00 1.047861642959744088e+01 8.451618491143858547e-01 9.810840955677116426e+01 1.260624663728191308e+02 3.300000000000000000e+01
2.736174125787108835e+00 1.247773472404629436e+00 2.949190437652544183e+00 4.406063865732997575e-01 5.179229400865077793e+01 6.314924997383297267e+01 5.600000000000000000e+01
3.179687822709596823e+00 1.185494755452319859e+00 3.677738201253430095e+00 6.701700458036543573e-01 6.509638642263766428e+01 8.134498400064696000e+01 9.800000000000000000e+01
3.464101615137754830e+00 1.964808361677897297e+00 4.277894802377931960e+00 6.992838226919823041e-01 6.329323005512173239e+01 7.544394971110949655e+01 1.200000000000000000e+01
2.731868492323627162e+00 1.234428997688465035e+00 3.840412097956648285e+00 4.956095385523170971e-01 7.094379369141790903e+01 8.332232261426135267e+01 2.100000000000000000e+01
3.934937269444980235e+00 2.452149286427799613e+00 6.026019363642852511e+00 6.499770142810806783e-01 8.059515731553639739e+01 1.049060427872273635e+02 5.900000000000000000e+01
4.690415759823431507e+00 2.529435300712520540e+00 5.099477834629670525e+00 7.497862725610958679e-01 6.917417086283190031e+01 8.218218215354725942e+01 2.200000000000000000e+01
3.186150656180934071e+00 1.562494138669415777e+00 3.579656748948817135e+00 5.511292095090263299e-01 6.097881633473061669e+01 7.262830668268162526e+01 3.300000000000000000e+01
4.237239095296519764e+00 2.534671484314385825e+00 3.826379072995094610e+00 6.471102103812891304e-01 5.673219489646163538e+01 7.196274183909011413e+01 7.600000000000000000e+01
2.937812201747942886e+00 1.374261718382557618e+00 3.429028956106445314e+00 4.505491472144299014e-01 4.238479822461192015e+01 5.246453161771553653e+01 7.100000000000000000e+01
4.385017935626022378e+00 2.659351878497512978e+00 5.838527693492707726e+00 6.135253070000628028e-01 5.337204856903424854e+01 6.397307495665152288e+01 8.800000000000000000e+01
4.222263591272643168e+00 3.042660513618675733e+00 3.252845598275373451e+00 7.123729431236368592e-01 7.973875541744311590e+01 9.663405321691041650e+01 7.000000000000000000e+01
3.076116045430151935e+00 1.410886534802632486e+00 3.989101136793481217e+00 3.845829051354403560e-01 4.842108144293234773e+01 6.154909274848832013e+01 8.500000000000000000e+01
4.318150172801602515e+00 2.862943991071743355e+00 4.476078104989976048e+00 7.222737367714190393e-01 7.444175882126032207e+01 8.856610732108032380e+01 7.800000000000000000e+01
5.196152422706634688e+00 3.207348128211232829e+00 6.566776157812761028e+00 7.329973357016341673e-01 8.376190540130531303e+01 1.067561757916670899e+02 2.700000000000000000e+01
4.222860553471994294e+00 2.714329045830744302e+00 6.171405993793583455e+00 6.215226076782506270e-01 5.955258139935522621e+01 7.704153284928733569e+01 7.800000000000000000e+01
3.095144256035046837e+00 1.294577262328971079e+00 3.222208924178825651e+00 4.773898753480197987e-01 4.131862143412482880e+01 5.059245850604261108e+01 8.200000000000000000e+01
3.148843346255067122e+00 2.138078928930837286e+00 4.513688225425325662e+00 8.069560707499887631e-01 6.431043239911144838e+01 8.016226398512358742e+01 3.300000000000000000e+01
3.860279993661304143e+00 2.275207158769351423e+00 5.707986707928689007e+00 6.750162735422213789e-01 7.288846100560463981e+01 9.621300760549159747e+01 5.400000000000000000e+01
5.000000000000003553e+00 3.786893442652924158e+00 4.481812204725859949e+00 7.258278393099270032e-01 6.409650100947720830e+01 7.346950553465528344e+01 2.500000000000000000e+01
4.160324194601877856e+00 2.758001721246339244e+00 4.970834739803247082e+00 6.634220478148631361e-01 7.437825283549196342e+01 9.242110176445973480e+01 7.400000000000000000e+01
5.196152422706634688e+00 3.376618259151073609e+00 1.222523668826620025e+01 6.238729466147295843e-01 5.794550701019126393e+01 6.707817253106178157e+01 2.700000000000000000e+01
3.317992754654951693e+00 2.207999691584105584e+00 2.784678308733803398e+00 7.435562381288161049e-01 8.088574256048960365e+01 9.413780727561008632e+01 3.300000000000000000e+01
2.997397098892803591e+00 1.835177279921369253e+00 3.368067909767530121e+00 5.786874132405307458e-01 6.081522660561443416e+01 7.161644453720160186e+01 2.800000000000000000e+01
2.865059256520582132e+00 1.378466041554212707e+00 3.990014990968310027e+00 6.181931620660768845e-01 5.699625221907952977e+01 6.506003181406667579e+01 2.200000000000000000e+01
3.420905506560863785e+00 1.652362637619851915e+00 3.844446520271355361e+00 5.470825592975613327e-01 5.374460189544666378e+01 7.155507066006272510e+01 3.800000000000000000e+01
3.083153346513006099e+00 1.516573922030220123e+00 3.368397092152040972e+00 6.802575369342449552e-01 5.458338343260636805e+01 6.544361649600179476e+01 8.400000000000000000e+01
4.507566201275002626e+00 2.543649779750922324e+00 4.924790687139932288e+00 6.345317396085565775e-01 7.300715358602344907e+01 9.123802840534564496e+01 9.000000000000000000e+01
2.966225266043572173e+00 1.537087895580016683e+00 3.562149819839504516e+00 6.411178188660666688e-01 6.509878606640997134e+01 7.755340978162341514e+01 2.600000000000000000e+01
2.583656044288058951e+00 1.047541103267256135e+00 4.007091287979354099e+00 7.078337891243776658e-01 4.342354915723748832e+01 5.466925772533846128e+01 4.700000000000000000e+01
3.117467321616015141e+00 1.493150129145825566e+00 3.768655021305243213e+00 6.119503151141052477e-01 4.726212937945567205e+01 5.982156137484902558e+01 8.500000000000000000e+01
4.009494574004496492e+00 2.511655940222383698e+00 5.976393187428913123e+00 6.284811165730845861e-01 6.714814935179062161e+01 7.981410800666185423e+01 7.100000000000000000e+01
5.477225575051663853e+00 4.333021849512030954e+00 7.623019258310242741e+00 7.618781112921761967e-01 7.050236213775627903e+01 8.091739442820747286e+01 3.000000000000000000e+01
3.153309698082313428e+00 1.513155162348545524e+00 4.578781439004557363e+00 6.278833763763492781e-01 5.487733312162828270e+01 6.931637017831583591e+01 9.000000000000000000e+01
4.198502778772700061e+00 2.465961344656885768e+00 4.056441062154537036e+00 5.801230265603894987e-01 5.141376434886559110e+01 6.327938746486046284e+01 7.400000000000000000e+01
3.646156928560789101e+00 1.813126539119347624e+00 5.330857202762467217e+00 6.402950418983301972e-01 5.264061023319792554e+01 6.397322127013412540e+01 4.700000000000000000e+01
3.159977494563695810e+00 1.374687897390836522e+00 3.879362376611865226e+00 5.476525680958602704e-01 5.252866364777474928e+01 6.367225065798677974e+01 9.500000000000000000e+01
3.984245155169844566e+00 2.301365934910027278e+00 5.836929020752673836e+00 6.516413643353089480e-01 6.197285247987467471e+01 8.107133767068749819e+01 6.000000000000000000e+01
3.496840952072147068e+00 1.464007630666776194e+00 3.599189879911846024e+00 4.963338122688735199e-01 4.345034879959732876e+01 5.212261010947475626e+01 4.500000000000000000e+01
5.999999999999997335e+00 3.576004084258519011e+00 4.643488866554187133e+00 1.000000000000000000e+00 1.039143070072152852e+02 1.179931179629031419e+02 6.000000000000000000e+00
2.921503860960398047e+00 1.200779617774695662e+00 3.227294710618311413e+00 6.465741350573779300e-01 4.418345602180859544e+01 5.292246196024928651e+01 7.300000000000000000e+01
3.725873846512501419e+00 2.533290858981247951e+00 3.616743444985512035e+00 7.043163234832542363e-01 9.335263260504736138e+01 1.093816484663035453e+02 5.200000000000000000e+01
4.047391763671237541e+00 2.145594335421644683e+00 5.705873776079193327e+00 5.364178198290761035e-01 5.382082472375238780e+01 6.785928373291436344e+01 6.400000000000000000e+01
3.958077032824861785e+00 2.098075087130347072e+00 3.771513040283525964e+00 4.622964456405956879e-01 4.997285153854725337e+01 6.280784936270260488e+01 6.400000000000000000e+01
2.645751311064591160e+00 1.415187450010553016e+00 4.843687986530489376e+00 1.000000000000000000e+00 8.435709002270903056e+01 1.020600551958308841e+02 7.000000000000000000e+00
3.452734014299196463e+00 2.005762659539160442e+00 4.495219131219609032e+00 6.104795704994020467e-01 5.951073162969046848e+01 7.068979984845155684e+01 4.200000000000000000e+01
3.173172014196446789e+00 1.795904870918121565e+00 3.557046503454824204e+00 6.377970209997040341e-01 7.025650036303230195e+01 8.818287464362096273e+01 9.700000000000000000e+01
3.000000000000000000e+00 1.262995405610277011e+00 3.001374223271194186e+00 6.230685146676054886e-01 4.701705801185052991e+01 5.748950762612579979e+01 8.100000000000000000e+01
3.348631217812242156e+00 1.488445355403057224e+00 3.686072051469322375e+00 5.276907858164703313e-01 5.104063889955413913e+01 6.333922325579836610e+01 3.700000000000000000e+01
2.895846236466804502e+00 1.397694736274299299e+00 4.862387404471809838e+00 5.247379350653286201e-01 6.701936275948257560e+01 8.096781765013368215e+01 2.400000000000000000e+01
2.871817602320360319e+00 1.239114677018824606e+00 3.838235025973130377e+00 5.327092706859590798e-01 5.014293000471453610e+01 6.394990417026681939e+01 6.700000000000000000e+01
3.153296721258880719e+00 1.197960937810459203e+00 3.814932995937798665e+00 4.971063180726054131e-01 4.682087721935205593e+01 5.937338656630549849e+01 9.400000000000000000e+01
2.706208789527920544e+00 1.206387422762468020e+00 3.436368523388172669e+00 4.775953863512318875e-01 4.913202357573957357e+01 6.152752682376974747e+01 5.300000000000000000e+01
2.755444862507163251e+00 1.414232725158087289e+00 3.132644959264347051e+00 6.814317086011628666e-01 5.361365748861111769e+01 6.615444756608046362e+01 5.800000000000000000e+01
3.714471242937836593e+00 2.245005374753372696e+00 5.229681097659408806e+00 6.994717324087487142e-01 6.793755042010056400e+01 8.749895139063917782e+01 5.000000000000000000e+01
3.135027491997320670e+00 1.778382788012573990e+00 3.736935745052176738e+00 6.792816661550561408e-01 6.889684839440211306e+01 8.612846346609464376e+01 3.400000000000000000e+01
6.633249580710808502e+00 4.630500671532089996e+00 1.023370642444948686e+01 6.866211113024340840e-01 7.376890374711808818e+01 9.100086899712968602e+01 4.400000000000000000e+01
3.525175850184143478e+00 2.145498497664253268e+00 3.482338667449567549e+00 7.545598723964848098e-01 5.697531640540093179e+01 6.434701955911718585e+01 4.200000000000000000e+01
2.636849461671084249e+00 8.602404575442426093e-01 3.402366602848338584e+00 5.459049690610769945e-01 6.319140656697354785e+01 7.827113540601952479e+01 5.000000000000000000e+01
3.602966679390309679e+00 1.904731481091350487e+00 4.918071059203946049e+00 7.138042132971440523e-01 5.874323781904599429e+01 7.048495602148909711e+01 4.800000000000000000e+01
3.245477420444294658e+00 1.746290046958757225e+00 3.555155540452336727e+00 5.521525728792633370e-01 5.672220607782757185e+01 6.648192597603232912e+01 9.800000000000000000e+01
3.834663593342490628e+00 1.782875609786117144e+00 5.080516886681864186e+00 6.405866272775710968e-01 6.264037760730492010e+01 7.700416763133193854e+01 5.000000000000000000e+01
4.105953962053600748e+00 2.657136519574677891e+00 5.722639713872532674e+00 7.446220925094576559e-01 7.191070567936024815e+01 9.291953856120315436e+01 6.100000000000000000e+01
3.614568840499015501e+00 2.025357343803614985e+00 3.070817398422397648e+00 4.790558037569983552e-01 6.711464682948977156e+01 7.860681823934498880e+01 4.700000000000000000e+01
3.383301299437319720e+00 2.267210118342450453e+00 3.950678402410127799e+00 6.830646937868193325e-01 7.459294074524339635e+01 8.234739943365524084e+01 3.400000000000000000e+01
3.297407661567715031e+00 1.461306961460983267e+00 3.409608704368064735e+00 4.336378528788571440e-01 5.331803078022826270e+01 6.516693609207237614e+01 3.700000000000000000e+01
2.236067977499790249e+00 7.998099638630545849e-01 2.637111014747594240e+00 8.877255425215623275e-01 6.406442021725386837e+01 6.884405935167347934e+01 5.000000000000000000e+00
4.334684455183451135e+00 2.639358380310947272e+00 6.802949718280355107e+00 6.643340050541401975e-01 6.764773556694063927e+01 8.492327436807242691e+01 7.900000000000000000e+01
3.587326861434264824e+00 2.272175529210251899e+00 3.638363615302645293e+00 6.642607035170130514e-01 6.922090184604371643e+01 7.933147486213586319e+01 4.900000000000000000e+01
4.031231506861578495e+00 2.607516671545519138e+00 4.338281783015108140e+00 6.063373663434415972e-01 6.502995632585155761e+01 8.061121138381570006e+01 7.100000000000000000e+01
3.838693514696681852e+00 2.291774833807361578e+00 5.381099190540894917e+00 6.462457165812582893e-01 8.175448175490741676e+01 9.940323974781837535e+01 5.300000000000000000e+01
3.039043575671755981e+00 1.596996463122801080e+00 3.800834952480284912e+00 4.918330287133292344e-01 6.026081678509777362e+01 7.469169331997494510e+01 8.000000000000000000e+01
3.722639043638332090e+00 2.187678039600930102e+00 5.505326170791821738e+00 6.350840373984989462e-01 8.329462703675740443e+01 1.010390758234458133e+02 4.400000000000000000e+01
3.079896498117630887e+00 1.856336148645116868e+00 3.104471399452076952e+00 6.347594645467098395e-01 5.827080334106572934e+01 7.034182655059260014e+01 9.600000000000000000e+01
3.974267717036507275e+00 2.795057320261784106e+00 3.469879636259407540e+00 6.694210233507800201e-01 8.016288622810422737e+01 9.445152045020940079e+01 6.400000000000000000e+01
2.697668345621900610e+00 1.724410606713009608e+00 3.097924387277737335e+00 5.949754427775516552e-01 5.991818571126297854e+01 7.211063951237410663e+01 1.800000000000000000e+01
3.443857242552258668e+00 1.157342087158294452e+00 4.535720791448648370e+00 6.452818855654689489e-01 3.741511274091359240e+01 4.475012805320081810e+01 4.000000000000000000e+01
4.064974766093412128e+00 2.412958331273825419e+00 4.074711176034533366e+00 7.391551529203523874e-01 6.506088250380237525e+01 7.686586437346105072e+01 6.900000000000000000e+01
2.801394271450237561e+00 1.417054364380253118e+00 3.390846548559036666e+00 5.558922044529496231e-01 5.399471540734072761e+01 6.837733372987322866e+01 6.300000000000000000e+01
3.541248539327919165e+00 2.067711210843788727e+00 4.507443660796737639e+00 6.603655977044000647e-01 7.047537094289990023e+01 9.030943120217605724e+01 4.100000000000000000e+01
4.216925333427483658e+00 2.464877595998379967e+00 3.867324055205032085e+00 5.836979191036670844e-01 6.365461554739953698e+01 7.821632085601058293e+01 8.400000000000000000e+01
3.721697183299220058e+00 2.196502132449974276e+00 4.740831290431179568e+00 6.281897311804527373e-01 7.523851433696205504e+01 9.742151542353396110e+01 4.900000000000000000e+01
4.350955494481750563e+00 1.828262418441140014e+00 4.551489274587844136e+00 6.456704540294541106e-01 6.105623037899344041e+01 7.286933844091069545e+01 7.400000000000000000e+01
3.174056946848467842e+00 1.842938020869755444e+00 3.455538601663214582e+00 6.294867403562833807e-01 5.710805609237485214e+01 6.598663854762622805e+01 9.300000000000000000e+01
4.488049986846314177e+00 1.862216194808914871e+00 4.898885918998778344e+00 6.958631933454451080e-01 5.512136128368565835e+01 6.857463391069512681e+01 9.100000000000000000e+01
3.316624790355402919e+00 2.893379558687482422e+00 3.586732822303901003e+00 7.795003399710935810e-01 1.053480094639703566e+02 1.189104233042015579e+02 1.100000000000000000e+01
3.359100159215921977e+00 2.008408588611632961e+00 4.497117876657182656e+00 6.142982608932079369e-01 7.179301701521171708e+01 8.251499715011958358e+01 3.800000000000000000e+01
4.159190787865990835e+00 2.114783378082213616e+00 4.632751661516801178e+00 7.235473832633626534e-01 7.521083234582363275e+01 8.851259631202833589e+01 6.200000000000000000e+01
3.175523365205976223e+00 1.056245633438135378e+00 3.581977131222974453e+00 8.029833296594754977e-01 6.126459717647002634e+01 7.167491003424858320e+01 3.100000000000000000e+01
4.260092774754856926e+00 2.342904275656567226e+00 4.397541424037187063e+00 5.692152500697149620e-01 6.762841897436528882e+01 8.429882473394133058e+01 7.500000000000000000e+01
4.619323420932205160e+00 1.936237146795447117e+00 5.718988759670125432e+00 4.791752377139221197e-01 4.041249650974098984e+01 4.860584020811399597e+01 9.600000000000000000e+01
4.463661920335253441e+00 2.571382523747925752e+00 4.377992878104794094e+00 6.264795689659004019e-01 5.548229675303269204e+01 6.998675821666267893e+01 9.100000000000000000e+01
3.758434640445101227e+00 2.779031673629919208e+00 4.207431359220123568e+00 7.480747498946541674e-01 1.020942419172782536e+02 1.152261164539100520e+02 5.200000000000000000e+01
3.111972875488456136e+00 1.451524789818593231e+00 4.026521868751049560e+00 5.503182494002848424e-01 4.740516966840529278e+01 6.091981073430402915e+01 8.800000000000000000e+01
4.276746929420443877e+00 2.424408957109738694e+00 4.391332260739580384e+00 5.861383428236277560e-01 5.290549202045994548e+01 6.248620832601877595e+01 8.500000000000000000e+01
4.358898943540674864e+00 2.964375967084624364e+00 4.119464360686224680e+00 6.790784764691644160e-01 6.915728034026381010e+01 8.261477561511046019e+01 1.900000000000000000e+01
4.215443842365082183e+00 2.477352182296008731e+00 5.217669851857507979e+00 5.988261766062379365e-01 5.957207106858105305e+01 7.077123276498070936e+01 7.500000000000000000e+01
2.964210809445165129e+00 9.240418899534131869e-01 3.429614830455244956e+00 5.781352301928707194e-01 4.100223799565538485e+01 4.685786786239025048e+01 6.900000000000000000e+01
3.766789981214517802e+00 2.514141315559273337e+00 5.149551314887794717e+00 7.610411629517297438e-01 7.248374449935261055e+01 9.118477725960059388e+01 5.900000000000000000e+01
4.061646043576065068e+00 2.620312247981378739e+00 4.433388821119005563e+00 6.008711054904380955e-01 8.088293946158751169e+01 9.604133467449504735e+01 6.600000000000000000e+01
4.408096694603393928e+00 3.035769374949926824e+00 5.061776961702846300e+00 7.284127500555138690e-01 9.494379906684930859e+01 1.136519274961000008e+02 9.000000000000000000e+01
4.371994000021383719e+00 2.265584116433599693e+00 5.736429637139402793e+00 4.902343505802091439e-01 4.942577974080268177e+01 6.093685279954132028e+01 9.000000000000000000e+01
3.162277660168379967e+00 2.198996601689189756e+00 3.320128917276401026e+00 7.552604906373715510e-01 8.085421273338664605e+01 1.017039766440012443e+02 1.000000000000000000e+01
3.886566631452295084e+00 2.029859616801366062e+00 5.921245221823585148e+00 6.132441243134219011e-01 4.859389916733405101e+01 5.990172827054539795e+01 6.400000000000000000e+01
3.580281973812205809e+00 2.097553910770288965e+00 4.442162045370899648e+00 7.336311779919291176e-01 6.911288718570114042e+01 8.528209763020632295e+01 4.700000000000000000e+01
3.820920954246734169e+00 1.678717304641025976e+00 4.624452581560867692e+00 5.171622556863940678e-01 4.615149100099956314e+01 5.731573963079384981e+01 5.100000000000000000e+01
2.896850170981395856e+00 1.242017380369413004e+00 3.949856904765601584e+00 5.023696224273397348e-01 4.226214017809762424e+01 5.346227329025653319e+01 6.800000000000000000e+01
3.654806866949802835e+00 2.092610017095332342e+00 4.444212447971224833e+00 5.385181171902514441e-01 5.765925509245722935e+01 7.185331441088818849e+01 4.500000000000000000e+01
3.153750624359298538e+00 1.784077015500844965e+00 3.321221917510866373e+00 5.529909619070204618e-01 7.117929837805023396e+01 9.116092174412054305e+01 9.200000000000000000e+01
3.112620717711054308e+00 1.365540188841356528e+00 4.111617348743764389e+00 6.393516427811288816e-01 6.397115831622978988e+01 7.410116414437750620e+01 2.900000000000000000e+01
3.586363173595479736e+00 1.971009446225497230e+00 3.129154478943982909e+00 6.091512743488682879e-01 6.711077697111019802e+01 8.158780787673890700e+01 4.000000000000000000e+01
3.552343858581806124e+00 1.076397854204345306e+00 6.034807211156649309e+00 6.608430457347436171e-01 5.473230415330693432e+01 6.870186238011611124e+01 4.000000000000000000e+01
3.214813627229278659e+00 1.180548833128463038e+00 3.520235332201203882e+00 7.755921933796218193e-01 6.417753589969473182e+01 8.188505229069903635e+01 3.400000000000000000e+01
3.927303788249183469e+00 2.215317465458062518e+00 3.881684297125494787e+00 5.326086969554708617e-01 5.509845263026254258e+01 6.410906894853346216e+01 5.900000000000000000e+01
2.774191114672182046e+00 1.323993006908620762e+00 3.536134720034212808e+00 4.706025879297536241e-01 4.754483605062042528e+01 5.760119668534650827e+01 6.000000000000000000e+01
