3.076875486879865118e+00 1.786460575687784269e+00 3.501062676560112497e+00 7.067606481354796744e-01 5.582750582750583135e+01 6.010101010101012520e+01 7.110177195955689911e+01 7.800000000000000000e+01
4.577933020110839912e+00 2.988149414500035128e+00 4.783632791165786102e+00 7.577630679257244539e-01 5.270531400966185487e+01 5.608695652173915391e+01 6.754552248153935068e+01 9.900000000000000000e+01
3.777940291229273662e+00 1.222816019877058569e+00 4.633498874882099550e+00 7.375101745639417450e-01 5.661111111111110716e+01 5.450000000000000000e+01 6.959777255769868987e+01 4.500000000000000000e+01
3.034710568764882765e+00 1.270478355158852546e+00 3.445597154545810614e+00 6.756397222987646778e-01 7.186028257456830204e+01 7.091836734693877986e+01 8.741961634281862814e+01 9.100000000000000000e+01
2.828427124746190735e+00 1.732050807568874973e+00 3.343034677290783740e+00 6.663688449774189948e-01 7.449494949494949481e+01 8.282828282828283761e+01 8.169400760959088359e+01 8.000000000000000000e+00
2.843527111557005771e+00 1.573996193214620032e+00 3.770012792116488765e+00 7.425372629511619582e-01 5.807291666666666430e+01 5.572916666666667140e+01 7.095486223169902473e+01 2.400000000000000000e+01
3.908461220582650775e+00 2.118686765243161130e+00 4.099235138996519368e+00 6.414701790778838397e-01 5.479249011857709206e+01 5.597826086956520442e+01 6.852674066618450865e+01 5.500000000000000000e+01
4.525020653995394326e+00 2.448437070386672687e+00 4.797029582645444989e+00 6.460517823499326573e-01 5.609028481368906682e+01 4.761904761904761330e+01 6.938286785809657431e+01 9.400000000000000000e+01
3.725873846512501419e+00 1.904850967662606642e+00 4.231254400186371001e+00 6.355320942528754902e-01 5.359177859177859204e+01 5.185185185185186185e+01 6.603284026057036726e+01 5.200000000000000000e+01
3.000000000000001332e+00 1.732050807568873418e+00 3.517221648577666837e+00 6.390495331841417048e-01 7.542087542087543284e+01 8.282828282828283761e+01 8.486551523451554147e+01 9.000000000000000000e+00
2.880793502376655546e+00 1.720500219450466606e+00 3.265830003170963725e+00 6.402333965456191711e-01 6.074074074074076179e+01 6.102564102564102910e+01 7.327952105735055000e+01 2.700000000000000000e+01
4.071780039407340901e+00 2.464776300479907700e+00 4.043297552634805392e+00 6.775686161545456665e-01 5.555633802816900868e+01 5.550000000000000000e+01 6.788570242641088726e+01 7.100000000000000000e+01
3.158411125398833619e+00 1.090688188931530522e+00 3.652444022591705863e+00 6.562247906646697659e-01 6.985714285714286120e+01 7.450000000000000000e+01 8.179738697128428271e+01 2.800000000000000000e+01
3.079896498117632220e+00 1.542375325154097476e+00 3.853250286453805629e+00 4.889522641959779259e-01 6.431502525252524549e+01 6.313131313131312083e+01 8.095018195278416329e+01 9.600000000000000000e+01
3.273131643662595458e+00 1.959153707780787013e+00 3.494962527935924879e+00 6.830801767803577063e-01 5.841403728001666451e+01 6.313131313131315636e+01 7.423704481789344811e+01 9.700000000000000000e+01
2.950084236416146144e+00 1.260244360778912442e+00 3.412754231654861581e+00 7.629834189254457444e-01 4.709006256365488241e+01 4.425287356321837962e+01 5.804673099272244485e+01 7.900000000000000000e+01
4.106150692289463500e+00 2.293091607843352087e+00 4.836413594366236524e+00 6.842901111866243058e-01 5.468954248366013360e+01 5.777777777777777857e+01 6.924418192320968046e+01 6.800000000000000000e+01
2.782133168298092762e+00 1.104425375236794515e+00 3.659179674411508820e+00 7.317925959167296268e-01 6.711904761904762040e+01 5.950000000000000000e+01 7.856503969297017420e+01 2.100000000000000000e+01
3.084724761072747956e+00 1.358624124506245145e+00 3.681504863574909248e+00 5.367509914508679092e-01 6.461449942462601825e+01 6.616161616161616621e+01 8.014837650519646672e+01 7.900000000000000000e+01
4.037096957184169277e+00 1.950076321225672427e+00 4.880675137977110722e+00 5.364719175677687968e-01 6.776094276094278257e+01 7.171717171717173755e+01 8.422423734077972313e+01 6.600000000000000000e+01
5.385164807134508180e+00 3.999999999999998224e+00 6.032620401379876540e+00 7.777421320814348338e-01 5.940521802590769340e+01 5.661375661375662105e+01 7.433350812473062774e+01 2.900000000000000000e+01
2.821356455727768164e+00 1.635927272374539498e+00 2.911020370060225293e+00 6.397184332739409562e-01 6.154264972776768872e+01 6.789473684210526017e+01 7.564137305537238376e+01 5.800000000000000000e+01
4.456878576590693974e+00 2.268521949540456717e+00 5.434883591248368617e+00 4.921008759380445241e-01 5.959821428571427759e+01 5.989583333333332860e+01 7.517603439348927452e+01 9.800000000000000000e+01
3.630249556534073552e+00 1.668543287618453608e+00 4.750551128288633684e+00 6.801594069465601855e-01 5.581339712918659046e+01 5.210526315789473983e+01 6.823045931472766767e+01 4.400000000000000000e+01
4.099811211615365991e+00 2.255139598609651852e+00 4.511243357441053980e+00 6.240244016924740844e-01 6.471533516988061763e+01 6.994949494949494806e+01 8.100435602938480883e+01 6.600000000000000000e+01
4.334939580233207579e+00 2.353894603645306560e+00 4.983807505121300885e+00 7.290595231807291965e-01 5.252471984179300080e+01 5.621621621621618914e+01 6.709774429857695566e+01 8.200000000000000000e+01
3.146864640238645094e+00 1.760880766472999071e+00 3.666418480042493933e+00 6.927190488063473817e-01 5.209437621202327762e+01 4.941176470588235503e+01 6.546555272870155306e+01 9.100000000000000000e+01
2.671583717993241347e+00 1.231144413344915645e+00 3.416932093652159885e+00 7.594032493120559391e-01 5.846153846153845279e+01 5.333333333333333570e+01 7.041553886887029989e+01 2.100000000000000000e+01
4.270597655624034594e+00 2.973832581767026806e+00 4.596579463406720301e+00 7.634073368380288604e-01 5.415032679738565946e+01 6.333333333333336412e+01 6.709463165533652784e+01 8.500000000000000000e+01
3.186708769871326119e+00 1.643751829517225316e+00 3.753771350533171791e+00 6.196270146125073541e-01 6.641025641025642301e+01 6.871794871794871540e+01 7.937875194727752159e+01 3.000000000000000000e+01
2.913693458576191997e+00 1.122521024191445616e+00 3.343317311256277069e+00 6.930062325535598644e-01 6.064171122994651597e+01 5.828877005347592899e+01 7.387674285258432860e+01 7.000000000000000000e+01
3.531598697180526436e+00 1.185867778627800462e+00 4.171352798256365624e+00 7.161896251142534364e-01 5.722991689750691791e+01 5.736842105263158231e+01 7.042987326017376404e+01 3.800000000000000000e+01
2.828427124746190735e+00 1.999999999999997113e+00 3.138193547313567588e+00 6.349323403946103284e-01 7.866161616161616621e+01 8.282828282828283761e+01 8.958359097382039238e+01 8.000000000000000000e+00
4.059585021059816334e+00 2.632703070794569111e+00 5.321763616396844476e+00 7.153859974977380132e-01 6.498111014240046757e+01 7.526881720430107237e+01 8.287202160296122599e+01 7.400000000000000000e+01
4.150960771310121977e+00 2.207563162630730158e+00 4.812572944776859707e+00 6.236568813333069894e-01 5.375824175824175910e+01 5.329670329670329210e+01 6.735008952700501084e+01 7.500000000000000000e+01
2.646490253798246872e+00 1.176947301822654390e+00 3.278304422070778212e+00 7.402309113281955177e-01 5.464074709357727500e+01 4.949494949494948770e+01 6.702685115473194344e+01 5.300000000000000000e+01
4.100435633959011561e+00 2.541765390890931453e+00 4.652721376506876005e+00 6.729918363488062161e-01 5.569923371647509214e+01 5.459770114942527641e+01 7.077520939515834186e+01 7.200000000000000000e+01
2.931528549739435885e+00 1.299323577746596792e+00 3.540241121468773233e+00 6.654710290090277702e-01 6.447916666666667140e+01 6.614583333333334281e+01 7.754752898175932785e+01 2.500000000000000000e+01
3.111482994937477820e+00 1.467115135628405564e+00 3.802378452845731616e+00 8.028676546522414137e-01 4.750750750750749773e+01 3.999999999999999289e+01 5.869275382660160290e+01 9.000000000000000000e+01
3.076875486879865118e+00 1.410863513160462768e+00 3.594324087726520567e+00 7.208049127428022285e-01 5.837513935340022897e+01 5.597826086956520442e+01 7.261023933759105375e+01 7.800000000000000000e+01
2.414626028575911132e+00 1.315574662546101337e+00 2.680250488830209665e+00 6.807399294302941550e-01 6.047364400305576737e+01 5.828877005347592899e+01 7.432405640195123908e+01 3.500000000000000000e+01
2.925545168880547831e+00 1.447923118233401141e+00 3.426617614853060712e+00 7.130215853034775897e-01 6.950000000000000000e+01 6.950000000000000000e+01 8.167350129294564454e+01 2.700000000000000000e+01
4.477942520548966243e+00 2.149893060507006570e+00 4.799661732720100993e+00 6.199388732593427154e-01 6.166216216216216139e+01 6.350000000000000000e+01 7.736987961100857092e+01 7.400000000000000000e+01
3.220595757065776166e+00 1.324905414591270203e+00 3.689261100951124028e+00 6.539064279788063816e-01 6.210204081632652873e+01 6.450000000000000000e+01 7.692299823178787221e+01 9.800000000000000000e+01
4.178068105877677851e+00 2.253123445889950727e+00 4.357433584266195759e+00 7.338383048541964326e-01 4.821373097235166227e+01 4.425287356321837962e+01 5.922581895106370098e+01 7.400000000000000000e+01
3.981146543351977041e+00 2.270979450618388906e+00 4.324377871134013063e+00 6.307585801469057785e-01 6.803751803751805483e+01 7.676767676767676107e+01 8.590790216789380906e+01 6.300000000000000000e+01
2.692173218196956874e+00 9.669125483457483572e-01 3.641936646797250710e+00 6.829715039543451383e-01 6.100000000000000000e+01 5.950000000000000000e+01 7.103061980161884037e+01 2.000000000000000000e+01
3.174055417739211293e+00 1.421956874667974491e+00 3.297945536677643563e+00 6.671662559579009111e-01 5.352521929824563074e+01 5.885416666666667140e+01 6.740619731704498463e+01 9.500000000000000000e+01
2.741781771422108882e+00 1.120189640987535595e+00 3.430645966963832727e+00 6.228005998727732528e-01 7.515789473684210975e+01 7.450000000000000000e+01 8.678048794529918553e+01 1.900000000000000000e+01
2.912555052607102013e+00 1.721049988317226331e+00 3.594828787293637973e+00 6.952410704742609804e-01 6.245959922430512279e+01 6.483516483516483220e+01 7.935445346100514996e+01 6.800000000000000000e+01
3.132909036273699321e+00 1.714169856045581364e+00 3.605779006810273302e+00 5.751822089825087136e-01 6.569980459208598234e+01 6.902173913043476716e+01 8.235606586800763296e+01 8.900000000000000000e+01
3.473953464439375249e+00 2.181815471894442471e+00 3.867792679580450255e+00 6.691385632694154539e-01 6.852272727272729469e+01 7.727272727272729469e+01 8.632518942175288146e+01 4.000000000000000000e+01
3.039043575671755093e+00 1.324411599111091409e+00 3.605876282254812715e+00 6.988808381320528174e-01 5.395114942528736179e+01 5.287356321839078532e+01 6.708577726547211739e+01 8.000000000000000000e+01
6.480740698407865708e+00 4.242640687119279441e+00 6.991210821891760574e+00 7.260777321541658225e-01 6.156832298136645676e+01 6.467391304347823677e+01 7.775817063451182776e+01 4.200000000000000000e+01
2.449489742783179214e+00 9.999999999999985567e-01 3.525575126482360933e+00 6.223439055871496928e-01 9.116666666666667140e+01 9.950000000000000000e+01 9.942031211021053139e+01 6.000000000000000000e+00
4.466481780566758708e+00 2.604272432341894650e+00 4.260991334409981235e+00 6.232379998122907772e-01 5.483355379188710543e+01 5.132275132275130858e+01 6.828294086868130819e+01 9.600000000000000000e+01
4.255716103521244520e+00 2.506247843472226844e+00 4.382649464218783208e+00 6.589292664942697497e-01 5.524691358024691112e+01 5.611111111111111427e+01 7.042946995289376844e+01 8.100000000000000000e+01
4.598668742670651177e+00 2.717605466345101473e+00 4.677641366866675199e+00 6.963169563287843200e-01 5.269921219165699000e+01 4.770114942528734758e+01 6.559159667607922017e+01 8.900000000000000000e+01
3.316624790355402919e+00 2.449489742783174329e+00 3.911557592163064090e+00 7.317442226502014480e-01 7.222727272727271952e+01 8.700000000000000000e+01 8.289159071123772549e+01 1.100000000000000000e+01
3.605551275463990013e+00 2.449489742783172996e+00 4.483246196475550782e+00 7.888957120703747883e-01 6.313131313131312083e+01 7.222222222222221433e+01 7.626639088423445401e+01 1.300000000000000000e+01
3.232121092959467035e+00 1.707860228000943614e+00 3.906890079192542498e+00 5.662514639523572590e-01 6.331272893772893440e+01 6.868131868131867179e+01 7.996530031652469006e+01 9.600000000000000000e+01
4.215694293200155762e+00 2.367808987447249436e+00 5.234266905669675118e+00 5.946250837901694286e-01 6.568287037037038090e+01 7.031250000000000000e+01 8.353744027462911959e+01 7.200000000000000000e+01
4.210702905719434064e+00 2.434642976406908410e+00 4.473579926883428648e+00 6.275208919246978434e-01 6.844051932367150926e+01 7.864583333333334281e+01 8.594770855488388861e+01 6.900000000000000000e+01
3.860052991802859435e+00 1.913672072487690778e+00 4.536345055196696840e+00 6.063671336059545114e-01 5.815789473684210265e+01 5.736842105263158231e+01 7.137157236008366112e+01 6.000000000000000000e+01
3.741657386773942218e+00 1.732050807568871642e+00 4.751272807296355261e+00 6.828188789356087751e-01 6.536796536796538248e+01 6.616161616161616621e+01 7.518026163631498093e+01 1.400000000000000000e+01
3.132001599140602721e+00 1.256617510146683880e+00 3.750616000877998957e+00 6.378582627823232709e-01 5.610919540229885172e+01 5.450000000000000000e+01 6.940178904834668572e+01 8.700000000000000000e+01
4.037096957184169277e+00 2.091279105182546783e+00 4.611810626215880227e+00 5.719918357036291034e-01 6.472727272727273373e+01 5.950000000000000000e+01 8.064089339318924488e+01 6.600000000000000000e+01
5.477225575051662076e+00 2.828427124746186294e+00 6.252594405944972955e+00 5.721409444266759570e-01 6.641025641025640880e+01 6.871794871794871540e+01 8.049405026500551230e+01 3.000000000000000000e+01
3.881588432448899173e+00 2.111018330401032372e+00 3.967801708744496114e+00 6.402551431014769090e-01 6.466570466570468056e+01 6.613756613756613945e+01 8.047246609762689218e+01 5.500000000000000000e+01
5.196152422706637353e+00 2.645751311064589828e+00 6.061180466658451671e+00 6.749566906734071337e-01 5.927815570672714074e+01 6.377551020408164817e+01 7.133533310983585807e+01 2.700000000000000000e+01
3.863389150321993704e+00 1.519126644776282342e+00 4.652262560847693962e+00 7.213664121780879457e-01 6.373355263157895223e+01 6.197916666666667140e+01 7.799618013116780446e+01 5.700000000000000000e+01
3.974267717036507275e+00 2.275126885703822488e+00 4.117022318455624053e+00 6.432560736742061192e-01 6.300000000000000000e+01 7.150000000000000000e+01 8.018697021372348388e+01 6.400000000000000000e+01
4.472135954999580498e+00 2.828427124746189403e+00 4.826198030690837193e+00 6.243363702158937212e-01 7.150000000000000000e+01 6.950000000000000000e+01 8.493313955456825681e+01 2.000000000000000000e+01
3.080024803083043494e+00 1.340005797179343761e+00 3.897427130099862413e+00 7.118287824102329520e-01 5.841836734693877986e+01 6.020408163265307877e+01 7.016210288246523419e+01 2.800000000000000000e+01
4.733506172190609540e+00 2.484557328063657700e+00 5.620207821471622012e+00 5.337509280335369644e-01 6.114890400604686249e+01 6.243386243386241574e+01 7.718898161309917327e+01 9.800000000000000000e+01
4.339962988769179297e+00 2.562472167219136399e+00 4.563517796576078034e+00 7.192338446633593785e-01 5.389321468298109608e+01 5.430107526881718627e+01 6.768153356547865940e+01 8.700000000000000000e+01
3.651851665012083803e+00 2.423775709402519851e+00 4.579710762539541236e+00 7.113251109710552189e-01 6.117788461538462741e+01 7.031250000000000000e+01 7.685246774231134737e+01 5.200000000000000000e+01
4.546344582321427907e+00 2.818088385752692826e+00 4.682286377296409619e+00 7.250452171604457874e-01 4.941176470588234793e+01 4.352941176470588402e+01 6.073433198878344541e+01 9.500000000000000000e+01
3.669259018569607900e+00 1.843986477494879095e+00 4.123423940966144841e+00 7.324531248082690738e-01 5.472883597883598839e+01 5.185185185185186185e+01 6.778027246819461027e+01 4.800000000000000000e+01
3.647362056515620843e+00 1.813955264773407627e+00 3.820238972514564235e+00 7.408704975935934689e-01 5.380434782608694633e+01 5.597826086956520442e+01 6.723138104926893277e+01 5.000000000000000000e+01
4.247914390953902775e+00 2.378670516893318432e+00 3.559965304619595372e+00 6.145116605447240588e-01 5.847362514029181568e+01 5.858585858585858119e+01 7.269837296670840487e+01 8.100000000000000000e+01
3.690388361005466411e+00 1.129668274961669328e+00 4.644084670374489576e+00 7.034435884343266387e-01 5.681818181818182723e+01 5.828877005347592899e+01 6.917584462687524649e+01 4.400000000000000000e+01
4.545790515000651233e+00 2.655063349777037285e+00 4.974484448000313641e+00 6.236795251386691996e-01 6.407394688644689040e+01 7.135416666666667140e+01 8.197958084013232849e+01 9.100000000000000000e+01
3.059681432723153627e+00 1.764206262747813003e+00 3.421950851376054370e+00 6.372600737504429125e-01 6.920270023718299512e+01 7.354497354497353001e+01 8.837538202090060224e+01 8.700000000000000000e+01
3.080024803083043494e+00 1.678855379232168099e+00 3.614240337344353016e+00 6.098585245711535263e-01 6.789377289377287639e+01 7.641025641025640880e+01 8.248432070149259232e+01 2.800000000000000000e+01
3.242892399007668569e+00 1.109377188802943337e+00 4.275487374937497975e+00 7.891130532666402742e-01 5.828877005347594320e+01 6.417112299465239289e+01 7.134003651623478959e+01 3.500000000000000000e+01
4.690415759823431507e+00 3.316624790355395813e+00 5.221867246424635844e+00 7.462611428486425336e-01 6.226325757575759923e+01 5.885416666666667140e+01 7.656420793539287217e+01 2.200000000000000000e+01
3.139762759258916347e+00 1.865930323441870486e+00 3.432084646138835460e+00 7.148851919528750321e-01 5.644720496894409223e+01 5.371428571428571530e+01 7.165309665101760572e+01 9.200000000000000000e+01
3.263922532773118057e+00 1.557979588915167968e+00 3.877866939971616578e+00 5.857912386895273160e-01 5.582195582195583228e+01 5.714285714285713880e+01 7.011405237934827994e+01 9.900000000000000000e+01
3.603445953932019385e+00 2.061565831536482651e+00 3.790290843172564372e+00 6.410751401953818096e-01 6.502525252525254018e+01 6.616161616161616621e+01 8.042174962841249908e+01 4.400000000000000000e+01
3.704232142311703502e+00 1.787445933975561285e+00 4.494475720810963359e+00 6.585142614955060703e-01 5.908100613982967531e+01 6.060606060606060908e+01 7.302874537280223421e+01 5.100000000000000000e+01
3.000000000000001332e+00 2.236067977499788029e+00 3.731867929866938383e+00 7.105942487487749704e-01 7.726757369614514914e+01 8.520408163265307167e+01 8.962629161544532508e+01 9.000000000000000000e+00
3.436552884239296723e+00 2.161119333704490053e+00 3.567589439148945996e+00 7.101737544333096563e-01 6.319867886178862193e+01 6.197916666666667140e+01 7.764550200350602438e+01 4.100000000000000000e+01
2.983894760963679893e+00 1.106982028351373604e+00 3.775107132462465209e+00 5.345652932604653129e-01 6.344590139916489591e+01 6.417112299465239289e+01 7.743221203215050252e+01 7.300000000000000000e+01
2.782783380839038312e+00 1.508134309036254672e+00 3.402422941072613227e+00 6.028471655462714907e-01 6.238135593220339103e+01 6.450000000000000000e+01 7.803746476850443514e+01 5.900000000000000000e+01
4.690415759823431507e+00 3.464101615137749501e+00 5.423999917920469649e+00 7.714511754651657283e-01 6.084280303030305248e+01 5.885416666666667140e+01 7.450284429849743617e+01 2.200000000000000000e+01
3.894436854511924118e+00 2.360134375820678532e+00 4.055832132184239214e+00 7.111274601835476661e-01 6.076799140708914848e+01 6.377551020408164817e+01 7.739348712177047673e+01 5.700000000000000000e+01
3.947939878442661144e+00 2.032578262109183243e+00 3.912769256369738713e+00 6.061026021319181334e-01 6.408085430968726826e+01 7.315789473684210975e+01 7.911190388814755181e+01 6.900000000000000000e+01
4.548022035973009025e+00 2.536245101009976910e+00 4.925190622904550786e+00 6.895870203376740504e-01 5.302907369844490404e+01 5.529411764705883314e+01 6.717920034580285460e+01 8.700000000000000000e+01
2.931528549739435885e+00 2.024681850090898294e+00 3.384727064986474243e+00 6.744763622682607984e-01 6.891836734693877986e+01 7.091836734693877986e+01 8.462420067522796785e+01 2.500000000000000000e+01
4.455562531356047629e+00 2.088887013448299967e+00 4.711594086444578444e+00 5.433872985149158508e-01 5.540892798957314369e+01 5.404040404040403445e+01 6.892857431896042897e+01 9.300000000000000000e+01
3.175523365205976223e+00 1.810294283375253332e+00 3.858218071221768408e+00 7.320629455147955600e-01 5.702183121537962052e+01 5.505050505050505194e+01 6.978796819535038765e+01 3.100000000000000000e+01
3.997537669600155663e+00 2.309002842041825598e+00 4.286037248644070097e+00 7.238681312551360492e-01 6.040845946506323116e+01 6.483516483516483220e+01 7.648222923764583925e+01 5.300000000000000000e+01
3.096889012676835584e+00 1.292392220780831824e+00 4.099185528880588514e+00 6.612245265361571533e-01 4.933862433862433505e+01 4.761904761904761330e+01 6.119803716124419424e+01 8.400000000000000000e+01
2.895217183058760746e+00 1.128606620189433363e+00 3.354604791830533284e+00 6.819987547488012281e-01 6.330492424242424221e+01 6.822916666666667140e+01 7.717538368038373164e+01 6.600000000000000000e+01
2.604419313394641389e+00 1.534147387066211010e+00 2.898203504948869469e+00 6.583053292400309342e-01 6.890257558790592896e+01 7.842105263157894512e+01 8.633175097301241863e+01 4.700000000000000000e+01
5.000000000000003553e+00 3.162277660168373750e+00 5.916561557058311216e+00 6.985961481371324444e-01 6.520408163265307167e+01 7.806122448979593287e+01 7.896795643676213672e+01 2.500000000000000000e+01
4.146698251940339475e+00 2.366039058840259557e+00 4.710813110028358786e+00 5.879463644679645551e-01 6.833951074870272180e+01 7.315789473684210975e+01 8.557575296752695238e+01 7.100000000000000000e+01
3.464101615137757495e+00 1.732050807568875417e+00 4.043624156011218496e+00 6.727246853772586022e-01 6.616666666666667140e+01 6.200000000000000000e+01 7.500884188338771708e+01 1.200000000000000000e+01
2.885165287318920857e+00 1.180363931745463280e+00 3.529382875049269952e+00 7.890017994595658335e-01 4.626083310036343477e+01 4.234693877551021757e+01 5.527229767191688126e+01 7.300000000000000000e+01
4.205222144881777702e+00 2.564177707973631204e+00 4.796005510390362936e+00 7.131221634253075425e-01 6.478494623655915063e+01 7.043010752688171294e+01 8.293199944916769084e+01 6.800000000000000000e+01
3.314454017339988567e+00 2.147167615863557533e+00 3.533467348363204863e+00 6.576750035705003494e-01 6.548717948717947479e+01 6.615384615384614619e+01 8.026974518934602543e+01 4.000000000000000000e+01
3.758434640445101227e+00 1.971583636471640810e+00 4.065481829014165882e+00 7.042369408831611333e-01 5.575000000000000000e+01 5.450000000000000000e+01 6.862311989841604998e+01 5.200000000000000000e+01
3.187308719889891062e+00 1.235969887441772164e+00 3.779202727928705041e+00 7.371267980386119190e-01 5.323226197695573347e+01 4.647058823529411598e+01 6.695611659457561871e+01 9.700000000000000000e+01
3.308641206573625926e+00 1.650762481874613385e+00 3.833272424446429127e+00 6.278017265092598054e-01 5.968325791855203022e+01 6.282051282051281049e+01 7.182495181434410370e+01 3.400000000000000000e+01
2.924339005502964994e+00 1.760399706158280342e+00 2.903685773034659690e+00 7.039225091868422934e-01 5.497033830367162466e+01 5.873015873015871335e+01 6.875721722403288538e+01 6.600000000000000000e+01
4.261553070848138169e+00 2.447584256998272867e+00 4.453782982526217182e+00 5.684413566825757824e-01 5.908620689655172242e+01 6.350000000000000000e+01 7.433795877694564069e+01 8.700000000000000000e+01
3.130002764002343785e+00 1.776392840337902124e+00 3.529060820517778918e+00 6.234485855783303832e-01 5.779852857951330947e+01 5.752688172043009018e+01 7.350447072524910652e+01 9.500000000000000000e+01
4.727780911530241603e+00 3.088143786084023734e+00 4.515921419604527642e+00 7.704015383816533724e-01 5.539944903581269386e+01 5.636363636363635266e+01 6.996633635217712310e+01 9.900000000000000000e+01
4.271410380525042072e+00 2.162478258426660194e+00 4.494103883702838864e+00 6.289639795308724635e-01 5.240552130796033481e+01 5.714285714285713880e+01 6.577303453788368870e+01 8.200000000000000000e+01
4.795831523312721778e+00 3.464101615137751278e+00 4.946771292264211084e+00 7.514658860394751727e-01 5.803790412486064554e+01 5.282051282051281049e+01 6.912010406612955649e+01 2.300000000000000000e+01
4.609801339406455867e+00 3.107644400514863570e+00 5.089443555735022606e+00 7.183918868029506299e-01 5.112195121951221211e+01 4.829268292682928632e+01 6.473552971465763051e+01 1.000000000000000000e+02
3.400535260798896342e+00 1.973180710264770266e+00 3.752099919734089184e+00 6.207981498826302680e-01 6.579014227642275614e+01 6.197916666666667140e+01 8.067866549633448869e+01 4.100000000000000000e+01
4.000000000000001776e+00 1.999999999999996003e+00 5.038003317579458518e+00 7.394553187981195430e-01 6.093750000000000711e+01 6.197916666666667851e+01 7.296914956880431191e+01 1.600000000000000000e+01
3.214813627229278659e+00 2.222463990518504851e+00 3.608035322106844411e+00 7.353687263348338554e-01 5.922600619195046789e+01 4.947368421052632215e+01 7.239274657854633688e+01 3.400000000000000000e+01
4.437536426020744607e+00 2.890675856797039422e+00 4.383709247788553753e+00 7.453329157839175823e-01 5.370786516853931403e+01 5.589743589743587648e+01 6.694675243595852976e+01 8.900000000000000000e+01
4.469970041048718201e+00 2.482673712391729293e+00 4.356036412689475945e+00 6.658242512207934727e-01 5.321448783248442993e+01 4.784946236559137844e+01 6.585351957468171236e+01 9.500000000000000000e+01
3.377082456273539535e+00 1.377682764538968208e+00 4.159655360342518371e+00 7.241285689491055999e-01 5.643956043956043089e+01 5.282051282051281049e+01 6.781413931667215422e+01 3.500000000000000000e+01
4.829453238268960114e+00 3.214456349943051627e+00 5.511870431062624753e+00 7.266583287655201673e-01 6.392234942757590233e+01 6.780487804878050895e+01 8.235046248989463891e+01 9.800000000000000000e+01
4.244627958928964162e+00 2.595920520106556939e+00 4.191675211231101983e+00 6.717347388723391433e-01 5.919413919413918990e+01 6.098901098901097839e+01 7.381795650327896396e+01 7.500000000000000000e+01
3.400535260798896342e+00 1.716149799509820717e+00 3.632708273009376487e+00 7.952188572350229467e-01 6.225140712945590593e+01 6.615384615384614619e+01 7.610136350654509840e+01 4.100000000000000000e+01
3.179687822709596823e+00 1.796916241513601742e+00 3.883874699214555193e+00 6.508581900246394047e-01 5.761054421768707812e+01 6.197916666666667140e+01 7.351627456945257677e+01 9.800000000000000000e+01
3.687040068376186586e+00 2.304573070743525687e+00 4.165938974376113713e+00 6.634191721568825084e-01 6.529723000311236092e+01 7.089947089947091285e+01 8.221325321090802163e+01 5.100000000000000000e+01
4.533432388363370258e+00 2.790208152498970140e+00 4.754009174261422110e+00 5.839021188194132295e-01 6.864285714285712459e+01 7.637362637362636519e+01 8.726116121696253458e+01 1.000000000000000000e+02
4.478321041576369232e+00 2.365979367436824354e+00 4.691449009688629879e+00 5.880078913093755855e-01 5.963043478260869534e+01 6.350000000000000000e+01 7.502867355208961442e+01 9.200000000000000000e+01
3.087558026894282825e+00 1.438037013801766628e+00 3.641913322444209289e+00 7.126295538760655246e-01 6.245014245014245091e+01 5.948717948717947479e+01 7.494786543432998371e+01 2.700000000000000000e+01
4.157676199446296295e+00 2.558045097847653437e+00 4.653783389911715140e+00 6.599338554377169874e-01 6.510989010989010239e+01 7.637362637362636519e+01 8.248504045563637987e+01 7.000000000000000000e+01
4.506835495466079422e+00 2.576603587778695470e+00 4.658220918408953359e+00 7.292807913988705870e-01 5.634616554156784929e+01 5.132275132275130858e+01 6.977802054795279219e+01 8.700000000000000000e+01
4.355436404860483890e+00 2.529103589809580832e+00 4.474226352056439815e+00 6.832140170365501586e-01 5.669934640522875213e+01 5.611111111111111427e+01 7.097319077601747495e+01 8.500000000000000000e+01
3.102656830503471852e+00 1.604584948823895241e+00 3.408076687942987792e+00 5.719886122593437205e-01 5.787594823739404148e+01 5.661375661375662105e+01 7.114974682180520915e+01 8.300000000000000000e+01
3.646156928560786881e+00 2.088584078581226411e+00 4.861286969256667589e+00 7.694898013906875667e-01 5.408412814869161167e+01 5.114942528735630844e+01 6.851858361712365308e+01 4.700000000000000000e+01
3.964206612230354754e+00 2.269792889363137167e+00 4.507541066767535298e+00 7.167258712350716987e-01 5.132275132275130858e+01 5.132275132275130858e+01 6.287153620850580182e+01 5.900000000000000000e+01
5.196152422706634688e+00 3.464101615137751278e+00 5.308266281683313714e+00 7.073930644493175990e-01 6.022792022792022948e+01 5.948717948717947479e+01 7.221239971206253472e+01 2.700000000000000000e+01
4.206545368275142138e+00 2.412218678073275946e+00 4.365534610146049488e+00 6.473897841180180635e-01 6.223776223776222594e+01 6.098901098901097839e+01 7.779047330758436374e+01 7.700000000000000000e+01
3.747522087408219793e+00 2.111236607004652654e+00 4.223761982572878715e+00 6.813870945041389238e-01 5.422054597701149703e+01 5.781249999999999289e+01 6.740785003159456323e+01 5.800000000000000000e+01
2.895846236466804502e+00 2.055132971350882354e+00 3.474356065742774113e+00 7.614603939270238042e-01 6.221033868092692387e+01 6.417112299465239289e+01 7.709819673790167371e+01 2.400000000000000000e+01
2.931528549739435885e+00 1.299323577746597014e+00 4.028955219534690713e+00 6.829954233296602339e-01 6.102564102564102910e+01 6.102564102564102910e+01 7.393463805279453993e+01 2.500000000000000000e+01
4.123105625617661474e+00 3.162277660168375082e+00 4.606320701584251331e+00 7.780759847528599948e-01 6.328808446455506243e+01 6.102564102564102910e+01 7.454775991522247125e+01 1.700000000000000000e+01
2.924339005502964994e+00 1.294984868897879782e+00 3.301271907916376147e+00 5.682449870857609886e-01 6.655788655788654751e+01 6.615384615384614619e+01 8.090813361585952634e+01 6.600000000000000000e+01
3.014670626570582268e+00 1.620059908268438598e+00 3.569483180947382817e+00 6.197723225372998579e-01 6.979960658962377806e+01 8.163265306122448806e+01 8.911455668061354629e+01 8.300000000000000000e+01
4.495919825357245436e+00 2.554656718412533500e+00 5.323789241886660584e+00 5.936939545984650790e-01 6.354347826086956985e+01 7.150000000000000000e+01 8.021099639328123487e+01 9.200000000000000000e+01
3.801229815689150637e+00 1.876196633571834083e+00 4.414111330842707126e+00 6.289318705495805517e-01 6.005555555555555713e+01 5.950000000000000000e+01 7.428785090606599795e+01 5.400000000000000000e+01
4.000000000000001776e+00 2.174731038272904371e+00 4.318165853768199725e+00 6.137815085019824313e-01 5.808423913043478137e+01 5.597826086956520442e+01 7.241873304620807517e+01 6.400000000000000000e+01
3.996945908133269665e+00 2.444120596166925008e+00 4.085547038099113237e+00 7.089922918659606887e-01 5.963793103448276156e+01 6.350000000000000000e+01 7.477632370837426379e+01 5.800000000000000000e+01
2.517850823588335452e+00 9.999999999999993339e-01 3.052593238965258582e+00 6.247971151090764286e-01 7.806122448979593287e+01 7.806122448979593287e+01 8.868848679496431942e+01 1.600000000000000000e+01
2.687595303887508447e+00 1.924365924170555520e+00 2.873824686692146635e+00 7.573248838740367361e-01 6.041414141414140460e+01 6.277777777777778567e+01 7.761802847257150972e+01 5.500000000000000000e+01
3.346195160597230434e+00 1.884854394289734891e+00 3.751163485573139056e+00 6.317656122058334933e-01 6.215384615384614619e+01 6.615384615384614619e+01 7.554187041991821161e+01 4.000000000000000000e+01
3.139917851398632109e+00 1.477808494995324073e+00 3.530557595221926803e+00 5.897799107162579046e-01 5.466422466422465476e+01 4.945054945054945250e+01 6.827692993089503659e+01 9.000000000000000000e+01
3.037793084140162136e+00 1.688751240131925124e+00 3.407423225963774005e+00 5.941885396142385645e-01 7.111499611499611717e+01 7.676767676767676107e+01 9.043164694066960863e+01 7.800000000000000000e+01
3.525464797724547239e+00 2.077542244865842935e+00 3.265881796267028570e+00 7.173941122458900033e-01 6.015466015466015648e+01 6.613756613756613945e+01 7.484953808083329818e+01 3.900000000000000000e+01
3.464101615137757495e+00 1.999999999999997113e+00 4.644008904899524559e+00 7.086130719563767943e-01 6.523569023569024239e+01 6.616161616161616621e+01 7.605778188019283448e+01 1.200000000000000000e+01
3.872983346207419242e+00 2.828427124746186294e+00 4.801429877257077372e+00 7.610219106246306486e-01 6.281250000000000711e+01 5.781250000000001421e+01 7.506608428642527997e+01 1.500000000000000000e+01
3.246342483567906889e+00 1.438037013801764852e+00 3.996947204848868118e+00 4.614888081800405661e-01 6.305263157894734860e+01 6.789473684210526017e+01 7.820742989364781295e+01 1.000000000000000000e+02
3.000000000000001332e+00 1.732050807568874973e+00 3.195431648791696500e+00 6.447802164638136713e-01 8.838888888888888573e+01 9.950000000000000000e+01 9.880712571258337107e+01 9.000000000000000000e+00
3.873812693200093804e+00 2.443999332956095838e+00 4.088676205623682947e+00 7.090106626804751899e-01 6.133241758241758390e+01 6.483516483516483220e+01 7.680515177343234257e+01 5.600000000000000000e+01
3.032910082627699122e+00 1.710406435417513249e+00 3.619711788886422088e+00 6.750515084407379129e-01 6.115384615384616041e+01 6.282051282051281049e+01 7.455587527271208614e+01 2.800000000000000000e+01
6.244997998398400973e+00 4.242640687119282994e+00 6.477984929379410950e+00 7.468359201632692734e-01 5.331705331705332185e+01 5.185185185185186185e+01 6.539403533319745065e+01 3.900000000000000000e+01
3.083320143203258645e+00 1.770346100418597191e+00 3.500983835616211959e+00 6.629873587198206186e-01 6.041343669250644410e+01 5.944444444444444997e+01 7.680329793387552684e+01 8.600000000000000000e+01
3.162277660168379967e+00 2.449489742783171220e+00 3.739855596963931550e+00 7.797644997247406007e-01 6.838383838383839475e+01 7.727272727272728048e+01 7.897875380486253505e+01 1.000000000000000000e+01
4.088305752429952200e+00 2.394488352891213534e+00 4.539511651236784573e+00 6.382644275143837254e-01 6.564879564879565521e+01 7.222222222222221433e+01 8.296180593767057587e+01 6.500000000000000000e+01
4.764544816607807043e+00 2.830685074858018346e+00 4.644721205638966843e+00 6.929520836268489026e-01 5.427350427350428674e+01 5.101010101010103170e+01 6.843672920096013002e+01 9.100000000000000000e+01
4.001559189992979881e+00 2.345831111320395124e+00 4.184429168748046379e+00 6.845014720889927018e-01 5.524848286042315237e+01 5.714285714285713880e+01 6.973740674265306438e+01 6.700000000000000000e+01
4.123105625617662362e+00 2.236067977499788029e+00 4.392591264989799349e+00 6.681560684501940406e-01 6.942959001782531914e+01 7.727272727272728048e+01 8.092931254209786118e+01 1.700000000000000000e+01
4.103398470026869305e+00 2.079764815034784498e+00 4.363200170560820546e+00 5.705557411215953501e-01 5.718234225696913597e+01 5.661375661375662105e+01 7.072063993636355406e+01 6.700000000000000000e+01
3.246342483567906001e+00 1.735810503973517882e+00 3.621549043577606763e+00 7.279928626693270566e-01 5.710256410256408088e+01 6.102564102564100068e+01 7.188273530854942805e+01 1.000000000000000000e+02
4.398051227600380031e+00 2.599789826279367055e+00 4.631901697649790428e+00 6.376878099862332006e-01 5.864785420340974298e+01 5.502645502645501097e+01 7.346940379147818589e+01 9.000000000000000000e+01
3.066816431250277475e+00 1.301137736738807726e+00 3.602270081855826422e+00 6.440924629988467043e-01 5.677631578947368496e+01 5.210526315789473983e+01 6.910788930883487069e+01 8.000000000000000000e+01
4.203474420358157992e+00 2.269702081300914109e+00 4.409046150378404860e+00 6.552586212897454354e-01 6.087975730832874888e+01 6.377551020408164817e+01 7.742600941094724476e+01 7.400000000000000000e+01
4.242640687119288323e+00 2.236067977499788029e+00 4.895077599538670832e+00 7.808673757638194823e-01 5.688657407407408328e+01 5.364583333333334281e+01 6.603579114926156990e+01 1.800000000000000000e+01
4.270943884620629127e+00 2.773884602574671732e+00 4.534336189387839333e+00 6.938608424321448531e-01 5.907407407407407618e+01 5.944444444444444997e+01 7.429296861897415738e+01 8.100000000000000000e+01
3.849954005392191458e+00 2.012543240933871491e+00 4.538970227047064654e+00 5.896515116309143378e-01 5.555353901996370780e+01 4.947368421052632215e+01 6.791606940216088617e+01 5.800000000000000000e+01
3.947155792267957430e+00 2.081017311894804322e+00 3.941479339279790661e+00 6.285477799657431808e-01 5.968013468013468525e+01 6.060606060606060908e+01 7.328458227901124644e+01 6.000000000000000000e+01
3.962082423726704050e+00 2.357400496920671884e+00 4.198729170073441708e+00 6.659066614084405700e-01 6.150000000000000000e+01 6.950000000000000000e+01 7.728403577570485083e+01 6.200000000000000000e+01
4.531453412569083739e+00 2.810226298059228967e+00 4.590799301292890711e+00 6.382750649563195822e-01 5.747718924043132915e+01 6.149425287356319814e+01 7.254146987814762326e+01 9.700000000000000000e+01
3.464101615137757495e+00 1.414213562373092925e+00 4.751736887186461367e+00 8.020532574653673752e-01 6.085858585858586167e+01 5.858585858585858119e+01 7.142872093646907672e+01 1.200000000000000000e+01
3.305054495489671673e+00 1.876576084935296818e+00 3.495077358367031817e+00 6.604516410077660993e-01 5.812537136066548271e+01 5.828877005347592899e+01 7.048961543645505401e+01 3.600000000000000000e+01
4.141777446267920659e+00 2.810733077249745193e+00 4.321573024176608158e+00 7.402922897003806346e-01 6.340277777777776436e+01 7.111111111111112848e+01 7.952114719987417857e+01 6.400000000000000000e+01
3.832085607471608757e+00 1.963213047881027684e+00 4.843248509925129675e+00 5.230736945804665972e-01 6.088305053822296031e+01 6.137566137566138735e+01 7.639139412539122986e+01 5.800000000000000000e+01
3.605551275463990013e+00 1.999999999999995115e+00 4.797472342765730424e+00 6.431872292464579921e-01 7.642307692307691980e+01 7.450000000000000000e+01 8.958866579783114048e+01 1.300000000000000000e+01
3.016264094480647362e+00 1.498261036790349943e+00 3.501663119322108386e+00 7.076666166421210491e-01 5.517762660619803938e+01 5.306122448979593287e+01 6.948297232407308854e+01 8.100000000000000000e+01
4.301466832472222279e+00 2.865603082303438853e+00 4.355079024765855955e+00 7.899739165551815656e-01 5.157792207792207506e+01 4.700000000000000000e+01 6.387954506601545290e+01 7.700000000000000000e+01
5.999999999999997335e+00 4.999999999999999112e+00 6.372071391992575329e+00 7.790425101150043607e-01 7.171717171717173755e+01 7.449494949494950902e+01 8.102956619163880703e+01 6.000000000000000000e+00
3.591323212142540466e+00 2.283382742552781064e+00 3.900486824745718728e+00 6.723465388512174234e-01 6.022883295194507269e+01 5.736842105263158231e+01 7.481701912858029857e+01 4.600000000000000000e+01
2.745499382531489729e+00 1.344384735862487412e+00 3.143071902827010433e+00 6.249192331860740079e-01 6.602173913043478137e+01 6.950000000000000000e+01 7.742958618116483649e+01 2.300000000000000000e+01
3.729834530648110213e+00 2.449447738689092269e+00 3.919469850192805360e+00 7.110898995102880038e-01 5.965094339622641684e+01 6.750000000000000000e+01 7.552466328135000140e+01 5.300000000000000000e+01
3.723115112147556527e+00 1.929875067821406942e+00 4.072298637304882618e+00 5.773131397402547771e-01 6.267361111111110006e+01 6.510416666666667140e+01 7.643874931523433247e+01 5.400000000000000000e+01
3.898211501825000980e+00 1.984761431639697093e+00 4.245675937890098339e+00 6.917392743118456755e-01 5.240322580645161565e+01 4.950000000000000000e+01 6.384623839167489479e+01 6.200000000000000000e+01
4.579138575117386090e+00 2.401410832803614781e+00 4.443226350065300423e+00 7.798924614724164206e-01 5.217839944966751631e+01 5.306122448979593287e+01 6.547509726732694446e+01 8.900000000000000000e+01
3.207341826732862611e+00 1.266006497435709699e+00 3.754431426958946716e+00 6.444140525301161881e-01 5.317028985507244698e+01 5.163043478260868113e+01 6.566137393296776281e+01 9.600000000000000000e+01
3.272353897487798591e+00 1.624426674618475008e+00 4.095583789532509122e+00 5.841634788431487868e-01 6.609693877551022467e+01 6.377551020408164817e+01 8.017600151972038702e+01 4.000000000000000000e+01
4.061646043576065068e+00 2.302996684693392915e+00 4.763855908155776753e+00 6.668653154645887149e-01 5.622727272727272663e+01 5.550000000000000000e+01 7.021345587500567831e+01 6.600000000000000000e+01
3.991471368150950383e+00 2.352721986267114485e+00 4.527846678946478853e+00 6.440358866786920489e-01 5.949074074074074048e+01 6.197916666666665719e+01 7.473071624488800069e+01 7.200000000000000000e+01
4.427933026308669362e+00 2.731452867124078754e+00 4.469084904570165939e+00 7.005624516311437233e-01 5.727969348659003401e+01 6.010101010101012520e+01 7.222760492550636968e+01 8.700000000000000000e+01
3.026762954245127091e+00 1.650670655012323129e+00 3.325986168685518329e+00 5.871441536406963868e-01 5.553359683794465695e+01 5.163043478260868113e+01 6.883318589864562398e+01 8.800000000000000000e+01
3.321219312769824406e+00 1.200589530218497458e+00 3.667888892912284149e+00 7.359011061063159831e-01 5.109922756981580250e+01 4.946524064171121893e+01 6.157797074521817393e+01 3.600000000000000000e+01
4.339551849884676571e+00 2.752866850870649085e+00 4.331445197659794744e+00 7.156243864530982268e-01 5.173626373626373720e+01 5.085714285714286120e+01 6.472634534691574970e+01 9.100000000000000000e+01
3.860279993661304143e+00 2.103252145468398115e+00 4.386277945784770260e+00 6.157344255077340511e-01 6.227777777777777857e+01 6.450000000000000000e+01 7.737163916264766783e+01 5.400000000000000000e+01
3.063887062800406014e+00 1.812544522461726260e+00 3.446873480655936905e+00 6.797326024372528641e-01 5.469841269841270304e+01 5.371428571428571530e+01 6.996785677730034081e+01 9.000000000000000000e+01
3.187934120434990692e+00 1.601484552737373113e+00 3.579013666689593087e+00 5.878160965315629705e-01 5.923913043478260221e+01 6.032608695652172059e+01 7.464215913416782655e+01 8.800000000000000000e+01
3.383301299437319720e+00 2.280399836071373532e+00 3.857166292198286772e+00 7.778422182835527110e-01 5.700127877237851237e+01 6.467391304347823677e+01 7.092410560723099877e+01 3.400000000000000000e+01
3.159977494563694922e+00 1.147544454522319901e+00 3.781381129388888596e+00 6.148419444363133479e-01 6.128718535469105433e+01 6.467391304347823677e+01 7.698736268105743363e+01 9.500000000000000000e+01
3.014670626570584044e+00 1.377004825302952096e+00 3.370504831077580477e+00 5.617340210129737610e-01 5.581054376235099568e+01 5.185185185185186185e+01 6.860982063213023707e+01 8.300000000000000000e+01
4.084928243412353943e+00 2.506612150221309232e+00 4.247917263805238264e+00 7.159423062881652422e-01 5.935214211076279867e+01 5.287356321839078532e+01 7.511015269974269870e+01 6.600000000000000000e+01
3.551162603372453042e+00 2.041912155564280074e+00 3.756174379620033310e+00 6.308989870436745306e-01 6.064171122994653018e+01 6.417112299465239289e+01 7.454386293792637730e+01 4.500000000000000000e+01
2.854463959043855859e+00 1.369097098487927155e+00 2.804949225670069879e+00 4.927929711727178641e-01 6.707692307692308020e+01 7.282051282051281760e+01 8.196455082369720913e+01 6.500000000000000000e+01
2.940831739563086078e+00 1.273273798598674622e+00 4.086854583202945257e+00 6.249930654254147733e-01 6.388888888888888573e+01 6.313131313131312083e+01 7.607580016198275530e+01 2.400000000000000000e+01
3.132907316619959026e+00 1.370659191376552899e+00 3.701962442760333705e+00 6.628340079848010769e-01 5.819949281487742354e+01 6.098901098901097839e+01 7.391062509355151633e+01 9.100000000000000000e+01
3.263922532773119833e+00 1.700139352243122959e+00 4.037104885560392376e+00 6.428311677532662083e-01 5.954545454545454675e+01 6.277777777777778567e+01 7.557918398305464791e+01 9.900000000000000000e+01
4.482475619639768816e+00 2.554019767562354382e+00 4.902333659486705741e+00 6.318461681391887019e-01 6.244949494949494806e+01 6.750000000000000000e+01 7.847080325043226878e+01 9.900000000000000000e+01
2.418980745910912500e+00 1.326552303706024949e+00 2.665254248195433107e+00 5.853870753715592068e-01 8.112244897959185153e+01 8.520408163265307167e+01 9.334504377268413577e+01 1.400000000000000000e+01
3.991651377759424246e+00 1.933873826676926644e+00 4.780015716950697602e+00 6.335116542573364651e-01 6.049063336306868166e+01 6.263157894736841769e+01 7.513654346230103442e+01 5.900000000000000000e+01
4.242640687119289211e+00 2.236067977499784032e+00 5.190542818106259837e+00 6.508149551039409397e-01 6.727777777777778567e+01 6.950000000000000000e+01 7.980766444120955327e+01 1.800000000000000000e+01
3.578756562805500252e+00 1.132755592750986473e+00 4.506042009203891752e+00 6.734177703518555713e-01 6.909318323952469143e+01 6.871794871794871540e+01 8.280960092438773756e+01 4.100000000000000000e+01
4.451672884426900900e+00 2.445677580164815179e+00 4.480857387061450758e+00 6.439018393541288132e-01 5.452051788457320214e+01 4.948979591836735636e+01 6.817317578368326281e+01 9.300000000000000000e+01
4.612690191016890928e+00 2.632601320448880511e+00 5.051186132232580839e+00 7.091952901773165285e-01 5.202659574468085424e+01 4.950000000000000000e+01 6.637504863630347529e+01 9.400000000000000000e+01
3.741657386773942218e+00 2.828427124746186738e+00 4.325988717226898039e+00 8.261730598324144026e-01 6.138392857142857650e+01 6.197916666666667851e+01 7.285215623448888778e+01 1.400000000000000000e+01
4.122416923035677527e+00 2.504433156642151381e+00 4.228545222101985246e+00 6.083729409457990789e-01 6.434369840396256279e+01 6.467391304347823677e+01 8.120766422598020995e+01 7.900000000000000000e+01
3.206784561052106852e+00 1.719885144665962873e+00 3.897191895823475249e+00 6.289423479238611669e-01 6.194252873563218031e+01 6.149425287356319814e+01 7.808323384213495899e+01 1.000000000000000000e+02
3.076116045430151935e+00 1.579579915264244017e+00 3.436412458682319482e+00 6.394500272363441429e-01 6.216548157724626122e+01 6.483516483516483220e+01 7.855983841526973777e+01 8.500000000000000000e+01
3.207341826732862611e+00 1.313968971088138149e+00 4.001986584697972305e+00 7.271080244281150629e-01 4.989528218694884742e+01 4.576719576719576565e+01 6.169276122702689236e+01 9.600000000000000000e+01
3.038282958691050695e+00 1.672441423610913969e+00 3.610755187343163808e+00 5.979730747652459710e-01 6.106701940035269871e+01 6.243386243386241574e+01 7.752512067101366711e+01 8.400000000000000000e+01
2.903937874742887448e+00 1.648141277853534037e+00 3.501752599545362443e+00 5.978197004145970883e-01 7.479850746268657247e+01 7.950000000000000000e+01 9.482281913666649587e+01 6.700000000000000000e+01
4.093970884671210619e+00 2.724528178005069634e+00 4.367448647389919891e+00 7.219699352290050998e-01 5.686404477831786153e+01 5.107526881720428236e+01 7.171166439719490882e+01 7.300000000000000000e+01
3.405744011165634078e+00 1.921497655764628609e+00 3.986566193378891398e+00 6.192737200750789706e-01 6.770833333333331439e+01 7.135416666666667140e+01 8.328791804347599737e+01 3.600000000000000000e+01
3.772614890255407083e+00 1.438726886549915651e+00 4.666597540404976208e+00 6.942093875269352843e-01 5.976064997804129320e+01 5.227272727272728048e+01 7.211291323714789314e+01 4.600000000000000000e+01
3.990335975167586202e+00 2.266044020221280153e+00 4.075385265063951934e+00 7.378716605355211122e-01 5.276308054085831145e+01 5.132275132275130858e+01 6.571265793579307513e+01 5.400000000000000000e+01
4.531453412569086403e+00 2.636495080621236831e+00 5.203169661961467796e+00 6.900425382542235697e-01 5.331292955326460969e+01 4.947916666666667140e+01 6.688642891030488613e+01 9.700000000000000000e+01
3.286519132138205013e+00 1.981581445796944729e+00 3.491108496641184722e+00 7.096503960439519698e-01 5.332241332241331122e+01 5.621621621621618914e+01 6.756082833105929808e+01 9.900000000000000000e+01
3.090333724847628805e+00 1.300170321395122786e+00 3.549124082826528692e+00 7.017493227883326856e-01 7.727272727272726627e+01 7.727272727272728048e+01 9.072152536401632972e+01 3.100000000000000000e+01
4.180216478955541604e+00 2.835832666865197638e+00 4.138233785681232568e+00 7.534254715116237566e-01 5.638655462184875233e+01 5.382352941176471006e+01 7.084182981787249389e+01 7.000000000000000000e+01
4.420278940506728205e+00 2.680313530820822354e+00 4.975104724330509320e+00 7.644802494158315920e-01 4.631205673758866936e+01 4.666666666666667851e+01 5.715101056903725407e+01 9.400000000000000000e+01
3.873812693200093804e+00 1.398854463165345230e+00 3.798946908113111753e+00 6.922154141659369042e-01 6.413003663003662780e+01 6.615384615384614619e+01 7.783258222661201842e+01 5.600000000000000000e+01
3.012304071682328388e+00 1.726685629258713162e+00 3.794176040116439275e+00 6.832416270721634044e-01 6.538461538461537259e+01 6.948717948717947479e+01 8.107649421053693573e+01 2.600000000000000000e+01
3.443254092401545119e+00 1.909758315981530119e+00 3.756742285413098958e+00 5.683836616537700781e-01 6.339962121212121104e+01 6.510416666666667140e+01 7.780918506272541890e+01 4.400000000000000000e+01
3.316624790355402919e+00 2.449489742783174329e+00 3.357271456939581622e+00 7.009805883463434695e-01 7.109090909090909349e+01 6.200000000000000000e+01 8.159742309555532813e+01 1.100000000000000000e+01
3.220595757065777054e+00 1.377289758209031545e+00 3.670973753631943115e+00 4.052571765186108177e-01 6.252416756176154422e+01 6.263157894736841769e+01 7.733220179234734815e+01 9.800000000000000000e+01
2.975674540262647660e+00 1.321148090661324215e+00 3.853004325876807634e+00 6.674188325710181946e-01 5.748792270531400561e+01 5.380434782608694633e+01 7.165183327885087294e+01 7.200000000000000000e+01
3.083153346513006099e+00 1.505767583787461561e+00 3.586278383964353278e+00 7.089491648536625501e-01 5.862068965517240571e+01 5.804597701149423727e+01 7.400258844671479608e+01 8.400000000000000000e+01
4.634198422371836656e+00 2.628830741541950289e+00 5.312670728911180973e+00 7.234255065469492596e-01 5.327659574468085424e+01 4.950000000000000000e+01 6.791034894885038398e+01 9.400000000000000000e+01
4.043048801539074866e+00 2.210965511072969569e+00 5.076690032637182881e+00 5.707544815613670997e-01 6.549744015497439875e+01 6.767676767676768179e+01 8.326741757092221974e+01 7.300000000000000000e+01
6.480740698407867484e+00 4.242640687119282994e+00 6.954221448667013306e+00 7.305567763536724435e-01 5.659937888198756895e+01 5.380434782608694633e+01 6.987275032809925790e+01 4.200000000000000000e+01
4.448889598719372174e+00 2.511991073825289078e+00 4.607826420882713769e+00 6.507638334114060896e-01 5.636015325670499010e+01 5.114942528735630844e+01 7.031128738829049496e+01 9.000000000000000000e+01
3.637470788037857616e+00 2.085890831967502024e+00 3.843887763357210385e+00 6.883477243031729254e-01 5.760582010582011492e+01 5.423280423280424145e+01 7.084018259630417447e+01 4.800000000000000000e+01
3.411189702003358359e+00 1.699900546657294287e+00 3.927702181132533887e+00 7.063086740384307838e-01 5.810606060606062329e+01 4.393939393939394478e+01 7.036426942178420063e+01 4.000000000000000000e+01
3.000000000000000000e+00 9.255945521929724862e-01 3.898961719634730816e+00 7.569767428670172160e-01 5.227455716586150913e+01 4.728260869565215785e+01 6.386375421868851276e+01 8.100000000000000000e+01
3.249009585424942781e+00 2.226958508013300087e+00 3.433091192265836700e+00 7.482302905378669378e-01 6.293750000000000000e+01 6.450000000000000000e+01 7.834617909930869928e+01 3.200000000000000000e+01
2.634863076029772433e+00 1.250269617618907869e+00 3.047368310085291743e+00 6.164959299024064254e-01 6.119791666666667851e+01 5.885416666666667140e+01 7.451121432657713228e+01 4.800000000000000000e+01
4.136693576180971554e+00 2.240648185615863763e+00 4.215624095130467097e+00 6.783592336880122087e-01 5.573979591836734215e+01 5.663265306122450227e+01 6.968063568895081517e+01 6.800000000000000000e+01
4.582575694955843382e+00 3.162277660168375082e+00 5.106985404295705244e+00 7.036075618215117400e-01 6.578754578754578120e+01 7.641025641025640880e+01 7.995630018827986873e+01 2.100000000000000000e+01
3.741657386773943994e+00 2.236067977499785364e+00 4.320978120137629830e+00 6.962367386201457897e-01 6.457431457431458455e+01 5.505050505050505194e+01 7.409720243864494194e+01 1.400000000000000000e+01
4.043085262123746304e+00 1.775235953943797629e+00 4.544137348245921970e+00 7.473391711615403610e-01 5.031250000000000000e+01 4.114583333333333570e+01 6.133925816456559232e+01 6.500000000000000000e+01
2.879605789516191727e+00 1.145555347065068341e+00 3.154413421162446607e+00 7.270774222395928188e-01 4.708498023715414149e+01 3.858695652173911839e+01 5.650174995055223803e+01 6.600000000000000000e+01
3.813434335811073606e+00 2.044251466863141076e+00 4.740312781635706685e+00 5.767095584136996411e-01 6.868272213099800183e+01 7.566137566137567205e+01 8.672140637757833304e+01 5.800000000000000000e+01
3.823348972070717444e+00 1.971554013320433230e+00 4.462189442558267771e+00 5.356231977491537899e-01 6.200713648528099498e+01 6.263157894736841769e+01 7.684833881499648101e+01 5.900000000000000000e+01
2.745871480159722822e+00 1.383365520753746747e+00 3.444831085841739249e+00 6.656006396701353856e-01 6.121424087525783619e+01 6.613756613756613945e+01 7.573787108368763654e+01 5.900000000000000000e+01
3.902627371513785359e+00 2.079179836985084240e+00 4.585086001894643104e+00 5.797831212059290085e-01 6.441729323308271660e+01 6.263157894736841769e+01 7.979560827033250803e+01 5.600000000000000000e+01
3.100187815699305904e+00 1.722247822149127972e+00 3.375802679523746797e+00 6.455984385336303033e-01 5.600325600325599851e+01 6.098901098901097839e+01 7.033623207250840892e+01 8.100000000000000000e+01
3.053214146340171631e+00 1.719751566534606813e+00 3.501504623016683748e+00 6.450172325468801482e-01 5.660052910052910846e+01 5.873015873015871335e+01 7.074455315065661409e+01 8.000000000000000000e+01
3.872983346207419242e+00 2.645751311064586719e+00 4.544652836932548290e+00 6.873432008860657083e-01 7.016666666666667140e+01 7.950000000000000000e+01 8.327291329655514573e+01 1.500000000000000000e+01
4.107074129711528521e+00 2.745992708491998169e+00 4.328759277462555843e+00 7.273269863207721952e-01 5.316944959802101778e+01 4.948979591836735636e+01 6.656433324733696111e+01 6.600000000000000000e+01
3.186962435426849982e+00 1.716795819387634259e+00 4.061775582579404187e+00 6.091128890314108091e-01 6.803921568627451677e+01 6.871794871794871540e+01 8.286544697255720848e+01 3.400000000000000000e+01
3.614568840499015501e+00 1.811884363129923736e+00 3.947246659787777556e+00 6.118074547000508234e-01 6.091533687943260844e+01 6.822916666666667140e+01 7.444149392994647485e+01 4.700000000000000000e+01
3.086285067769324986e+00 1.749616744599769236e+00 3.837582323157907371e+00 7.540599908632364956e-01 5.651830808080809021e+01 5.572916666666667140e+01 7.116951470899985566e+01 9.900000000000000000e+01
3.092623776912304390e+00 1.609070982977369502e+00 3.412633570957325002e+00 5.614884599820898492e-01 5.868456078083406879e+01 6.032608695652172059e+01 7.367913164194372655e+01 9.800000000000000000e+01
4.493125362561888103e+00 2.689443443302156567e+00 4.483526713909864014e+00 7.178681438052655350e-01 5.633986928104575753e+01 5.235294117647059409e+01 7.021675435414505273e+01 9.000000000000000000e+01
3.758434640445100339e+00 1.976804650704268251e+00 3.792615686984639467e+00 5.522013168462991395e-01 6.846153846153846700e+01 7.282051282051281760e+01 8.360352432566456571e+01 5.200000000000000000e+01
3.587326861434265712e+00 2.257566085175968240e+00 4.491251608113717708e+00 6.447849005671349998e-01 6.584602094806177774e+01 7.089947089947091285e+01 8.321602320372336692e+01 4.900000000000000000e+01
4.898979485566356651e+00 3.162277660168375526e+00 5.775446290603960087e+00 7.513570834800794573e-01 5.730837789661318737e+01 5.828877005347592899e+01 6.990238627744226108e+01 2.400000000000000000e+01
3.284974118515016528e+00 1.669286680810464940e+00 3.722879505351643914e+00 7.102406430992979081e-01 6.584317937701398193e+01 6.734693877551022467e+01 7.946962070682728552e+01 3.800000000000000000e+01
4.173464644033470172e+00 2.902152673163038710e+00 4.511820427518373755e+00 7.548081606891002826e-01 5.692592592592595224e+01 5.777777777777779988e+01 7.260381007711659151e+01 7.500000000000000000e+01
3.148843346255067122e+00 1.502157901666251183e+00 3.742901442313143701e+00 7.391883449942907580e-01 5.497159090909092072e+01 4.322916666666667140e+01 6.555575847187839145e+01 3.300000000000000000e+01
3.186708769871326119e+00 1.099766218946125029e+00 3.872464882887939996e+00 6.924823166086155890e-01 5.975694444444444997e+01 5.781250000000001421e+01 7.070474043441410572e+01 3.000000000000000000e+01
3.486008255007090995e+00 1.764965179532425710e+00 3.899495609835919474e+00 7.465349584630323054e-01 6.270591085271317411e+01 6.822916666666667140e+01 7.703267111410355028e+01 4.300000000000000000e+01
2.903522228695493812e+00 1.642083878426650045e+00 3.444730670556337859e+00 7.094573842346162396e-01 6.284383318544808361e+01 7.091836734693877986e+01 7.615313469772392807e+01 2.300000000000000000e+01
3.365865436338598915e+00 2.000000000000001332e+00 4.004199364610883549e+00 6.572648828205851501e-01 6.890968508615569021e+01 7.887700534759358106e+01 8.587281388726971443e+01 3.600000000000000000e+01
4.217794736172504777e+00 2.557102554724417942e+00 4.610087829225392397e+00 6.593105847563793809e-01 6.291208791208791951e+01 6.483516483516483220e+01 8.012404159465370412e+01 6.800000000000000000e+01
3.927303788249183469e+00 1.851859748293400720e+00 3.974329284620211400e+00 7.219237503980949766e-01 5.504906333630687243e+01 5.210526315789473983e+01 6.722518421191932703e+01 5.900000000000000000e+01
4.313410067785935276e+00 2.134072421462046787e+00 5.224409860525378591e+00 7.486988719534728443e-01 5.720238095238094900e+01 5.729166666666667140e+01 7.262060274073313337e+01 7.000000000000000000e+01
3.868247827578359388e+00 2.124712276341710115e+00 4.509822197608201577e+00 5.886689577028403342e-01 6.198034769463342997e+01 6.613756613756613945e+01 7.740983726647773722e+01 6.300000000000000000e+01
3.741657386773942218e+00 2.236067977499787141e+00 4.839748216761488031e+00 7.813298597959390523e-01 6.138392857142856940e+01 5.781250000000001421e+01 7.406240083310112254e+01 1.400000000000000000e+01
4.768945885145474683e+00 2.623889381821227662e+00 5.100744026683735832e+00 6.710427288307631022e-01 4.650277557494050740e+01 4.192307692307690559e+01 5.804566161182179229e+01 9.700000000000000000e+01
3.445535129999357515e+00 1.797439437757044178e+00 4.086454014164948134e+00 6.893054962970306399e-01 5.980137509549274455e+01 5.828877005347592899e+01 7.319659926198430355e+01 3.500000000000000000e+01
3.200345182642118758e+00 1.794957604511004501e+00 3.597701149917039043e+00 6.443120535644374369e-01 5.419344964799511644e+01 5.707070707070709403e+01 6.892730476366809000e+01 9.900000000000000000e+01
4.337133390382797771e+00 2.307827758423910858e+00 4.504101446346980175e+00 5.962772272971343934e-01 5.541666666666667140e+01 5.781249999999999289e+01 6.891883608251191617e+01 8.000000000000000000e+01
3.591323212142540466e+00 1.974596045302218217e+00 4.050346087057298483e+00 6.784169253992327064e-01 5.897025171624713380e+01 6.263157894736841769e+01 7.281541216843665154e+01 4.600000000000000000e+01
4.264969290656289047e+00 2.452310141768739626e+00 4.305449087826979770e+00 6.744646035987108545e-01 5.585171568627452388e+01 4.947916666666666430e+01 6.851324091183899156e+01 6.800000000000000000e+01
3.001219632908065815e+00 1.683972169521593676e+00 3.553471660034998258e+00 7.279251008987113192e-01 5.246359058118959950e+01 4.784946236559137844e+01 6.516827652172129604e+01 7.900000000000000000e+01
4.401083101230334194e+00 2.848280296020861968e+00 4.630031369191372370e+00 6.947959771032256038e-01 5.634453781512604564e+01 5.823529411764707220e+01 7.182110987537434710e+01 8.400000000000000000e+01
3.052797543249819778e+00 1.568282336140199629e+00 3.888967424797223682e+00 7.096954158341426400e-01 5.923076923076923350e+01 5.615384615384613909e+01 7.162816627802878600e+01 2.600000000000000000e+01
3.060809300286985835e+00 1.086967787563872800e+00 3.550350344616713727e+00 6.395281503040828319e-01 6.104839242094143259e+01 5.828877005347592899e+01 7.494629377819794058e+01 8.100000000000000000e+01
4.109329893257315014e+00 2.896309980057018674e+00 4.056963842720216817e+00 8.703860589472550702e-01 5.568480300187617615e+01 6.048780487804880579e+01 7.087932636081757209e+01 6.500000000000000000e+01
4.181400694877899227e+00 2.584492262048375899e+00 4.261397071813066262e+00 6.745696362096010867e-01 6.130513322294144274e+01 5.329670329670329210e+01 7.616560582517962530e+01 7.300000000000000000e+01
4.225790371198992368e+00 3.116516754975356296e+00 4.364372949321404072e+00 9.069043797985874011e-01 5.390011437285552631e+01 5.534883720930233864e+01 6.845086718847859686e+01 6.100000000000000000e+01
4.037096957184169277e+00 2.506198735540462241e+00 4.395945210314608609e+00 7.127963898419403810e-01 5.553150553150553037e+01 5.687830687830685861e+01 6.947118257660085305e+01 6.600000000000000000e+01
4.355436404860483890e+00 2.601976475962730184e+00 4.895824900115618661e+00 6.762490843455567502e-01 5.760130718954247442e+01 6.277777777777778567e+01 7.280838995086175203e+01 8.500000000000000000e+01
4.511359021331792007e+00 2.637638358892582691e+00 5.290276782595948468e+00 7.385076555540329712e-01 5.499358151476253198e+01 5.473684210526315042e+01 7.033789390161540211e+01 8.200000000000000000e+01
4.537542102317054571e+00 2.381231331432568599e+00 4.844997813179939605e+00 5.566228558015173800e-01 6.534946236559139265e+01 6.750000000000000000e+01 8.223322113391340338e+01 9.300000000000000000e+01
3.162277660168379967e+00 2.236067977499784032e+00 3.949391248652511344e+00 7.194052450290646661e-01 7.450000000000000000e+01 8.700000000000000000e+01 8.752850405678329082e+01 1.000000000000000000e+01
4.154923705168151571e+00 2.204418338429961377e+00 4.866195995469413837e+00 6.398740235644863050e-01 6.202938475665748541e+01 5.858585858585858119e+01 7.738239501622339844e+01 6.600000000000000000e+01
4.549989517504450909e+00 2.667517613868441551e+00 5.217530663088369103e+00 7.084624089059553542e-01 5.559733171619164693e+01 5.823529411764707220e+01 6.991577532259850614e+01 9.700000000000000000e+01
4.065095272906604329e+00 2.214450161640091785e+00 4.557167494362642124e+00 7.797852808344135633e-01 4.931206380857428684e+01 4.647058823529411598e+01 6.133757720888595344e+01 5.900000000000000000e+01
3.974487727161617023e+00 1.717742411554786131e+00 4.696621364739502980e+00 7.009379773104533751e-01 5.687704918032787305e+01 5.950000000000000000e+01 7.041972436972164928e+01 6.100000000000000000e+01
3.213209603461807173e+00 1.600997112233064623e+00 3.555864704284382949e+00 5.958011560228723136e-01 6.257866889445838865e+01 7.089947089947091285e+01 7.763690655005903807e+01 9.500000000000000000e+01
3.567721102575610814e+00 2.297293859834114382e+00 3.829094449775541253e+00 7.412271325911132802e-01 6.363858363858364697e+01 7.637362637362636519e+01 8.095433887772905734e+01 4.500000000000000000e+01
4.690415759823431507e+00 2.828427124746186294e+00 4.690291798338510176e+00 7.339728271701992934e-01 6.046401515151514161e+01 6.197916666666667851e+01 7.187616597627669535e+01 2.200000000000000000e+01
3.646156928560789101e+00 2.668974062137527081e+00 3.896642101690387161e+00 8.049083463588228016e-01 5.166299828808999450e+01 4.425287356321837962e+01 6.394907678798545447e+01 4.700000000000000000e+01
4.472135954999580498e+00 2.645751311064587163e+00 5.763328935589722590e+00 7.340002252781899772e-01 5.663265306122449516e+01 4.948979591836735636e+01 6.767449368062206361e+01 2.000000000000000000e+01
4.472135954999582275e+00 3.162277660168375526e+00 4.887968279645468428e+00 7.735217176938138373e-01 5.815384615384614619e+01 5.948717948717947479e+01 7.022877310077858226e+01 2.000000000000000000e+01
4.413301951415015800e+00 2.719296743659069815e+00 4.913659617482509567e+00 7.040406350253723966e-01 5.669043374925729495e+01 7.000000000000001421e+01 7.142320897757181797e+01 9.900000000000000000e+01
3.156873059995308317e+00 2.077825758759995090e+00 3.856038632413888223e+00 6.399843045219310023e-01 7.344551282051281760e+01 8.615384615384616041e+01 9.128076611727473733e+01 3.200000000000000000e+01
3.903226330374892417e+00 1.922591998286666382e+00 3.768866859807296965e+00 6.871784056429397491e-01 5.604166666666666430e+01 5.572916666666667140e+01 6.744632852286208902e+01 6.000000000000000000e+01
4.699113450905882061e+00 3.071785764370058125e+00 5.120420729542478178e+00 7.517310444384911472e-01 5.316666666666667851e+01 5.190476190476191221e+01 6.695137952549569604e+01 1.000000000000000000e+02
3.132909036273698433e+00 1.522865203484182972e+00 3.661150330676977038e+00 7.001588815689644418e-01 5.458610410456316941e+01 4.948979591836735636e+01 6.795735862531614657e+01 8.900000000000000000e+01
3.031407691260657344e+00 1.464876930705147240e+00 3.684602698886167538e+00 6.124023722198711495e-01 6.192212438084752080e+01 6.467391304347823677e+01 7.701680937289880546e+01 7.900000000000000000e+01
3.696559991100581311e+00 2.259700196406692285e+00 4.276187432406080902e+00 6.884661925895266821e-01 5.860336341263329984e+01 5.597826086956520442e+01 7.344073620597215779e+01 5.300000000000000000e+01
2.828427124746191179e+00 1.414213562373092925e+00 3.592071747923804459e+00 7.333604851064934316e-01 6.913265306122450227e+01 6.377551020408164106e+01 7.790748855493644953e+01 8.000000000000000000e+00
3.270489834451513644e+00 1.148698354997035098e+00 4.001360840540533204e+00 6.195878405266852518e-01 6.239999999999999858e+01 6.950000000000000000e+01 7.743833713698569454e+01 1.000000000000000000e+02
3.968022230120286320e+00 2.062892028299202263e+00 5.105734213916867326e+00 6.197985242647402471e-01 6.254367575122292777e+01 6.613756613756613945e+01 7.814486713570299514e+01 5.300000000000000000e+01
3.870595094881730258e+00 2.070453250632922071e+00 4.289016328216076701e+00 6.926369734840515102e-01 5.356451612903225623e+01 4.750000000000000000e+01 6.558504416257092373e+01 6.200000000000000000e+01
4.582575694955841605e+00 3.605551275463986460e+00 5.212763618325609194e+00 7.474794151962770306e-01 6.678876678876679307e+01 7.282051282051281760e+01 8.205656526819936403e+01 2.100000000000000000e+01
4.371994000021383719e+00 2.267917405238059292e+00 4.930023791760756779e+00 5.150847231410686788e-01 5.958888888888888857e+01 5.950000000000000000e+01 7.535546170350245632e+01 9.000000000000000000e+01
4.777395255481187597e+00 2.902221781086373298e+00 5.126947765721824979e+00 7.509150215409343687e-01 5.993844696969698305e+01 6.545454545454543904e+01 7.749123057374883672e+01 9.600000000000000000e+01
4.443486714547206340e+00 2.341008547740400569e+00 4.656439561361561452e+00 5.941534806657200463e-01 6.524002313475996573e+01 7.252747252747252560e+01 8.285753379636113891e+01 9.500000000000000000e+01
2.828427124746191179e+00 9.999999999999992228e-01 4.005650911778322332e+00 6.877417270491211765e-01 7.241161616161616621e+01 6.616161616161616621e+01 8.106048863274799032e+01 8.000000000000000000e+00
2.788198424588864466e+00 1.256975062671751742e+00 3.582515694026143560e+00 6.600312656400780797e-01 6.818181818181817277e+01 6.616161616161616621e+01 7.858073151730772565e+01 2.200000000000000000e+01
4.117438377219367673e+00 2.339667376220185613e+00 4.113935762371389693e+00 5.956245629346160753e-01 5.967964050155832467e+01 5.661375661375662105e+01 7.421341812607288091e+01 7.300000000000000000e+01
3.605551275463990013e+00 1.732050807568872974e+00 4.767236723738105475e+00 6.885709033399809442e-01 6.616161616161615200e+01 6.616161616161616621e+01 7.618635057132726729e+01 1.300000000000000000e+01
4.318150172801602515e+00 2.725149529372371315e+00 4.587033475268468052e+00 6.951390099238752285e-01 5.934656741108354083e+01 5.913978494623653859e+01 7.580421915003668687e+01 7.800000000000000000e+01
4.350001666794626409e+00 2.087553159804488523e+00 4.462676350446211693e+00 6.662716997275014430e-01 5.556846044650922778e+01 5.185185185185186185e+01 6.886342635237807031e+01 8.200000000000000000e+01
4.270597655624034594e+00 2.681797939723793434e+00 4.575726070539571921e+00 7.141577399865874920e-01 5.861591695501731181e+01 6.411764705882355031e+01 7.477917544893533375e+01 8.500000000000000000e+01
2.888761655155171582e+00 1.585226538506085525e+00 3.418761959644320836e+00 6.274993204261547497e-01 6.227492314448835486e+01 6.313131313131312083e+01 7.762089063892521779e+01 6.900000000000000000e+01
4.090260730254291488e+00 2.094523978122865504e+00 3.946345018676697514e+00 5.632559059252155720e-01 5.925986842105262298e+01 5.736842105263158231e+01 7.283613790444253766e+01 6.400000000000000000e+01
3.054089081509578474e+00 1.592644807116683436e+00 3.377139568398121128e+00 5.993848645935174746e-01 5.872713414634147000e+01 5.781249999999999289e+01 7.361273659266728941e+01 8.200000000000000000e+01
2.564062914526652026e+00 1.414213562373094923e+00 3.058619456362666522e+00 6.104153460668546582e-01 7.661913250148545274e+01 7.727272727272728048e+01 9.076440225938885931e+01 1.700000000000000000e+01
4.680485377061765817e+00 3.011341982394468708e+00 4.973604127508331807e+00 7.544292097912310702e-01 5.720460418134837965e+01 6.232558139534885555e+01 7.298729149701533458e+01 9.900000000000000000e+01
3.456378940734087468e+00 1.520863800892714224e+00 4.008635428027497838e+00 6.063824614354306197e-01 5.818283166109252136e+01 5.282051282051281049e+01 6.964972373669962735e+01 4.600000000000000000e+01
3.200345182642118758e+00 1.844137800026711904e+00 3.605684190719453674e+00 6.378750663565341261e-01 6.089684726048363927e+01 6.010101010101012520e+01 7.820230337346296778e+01 9.900000000000000000e+01
2.919585858309062587e+00 1.384329878414943149e+00 3.380339339321550618e+00 7.028491717526387239e-01 5.325999999999999801e+01 4.750000000000000000e+01 6.590560890377044245e+01 7.500000000000000000e+01
4.165332493464853236e+00 2.273984789866034806e+00 4.531203776787418036e+00 6.335097474636541826e-01 6.061764705882352899e+01 6.350000000000000000e+01 7.702288450897366090e+01 6.800000000000000000e+01
4.107127660255337709e+00 1.737221796816405650e+00 5.433598437893027544e+00 7.263850904306602407e-01 5.071049640015156967e+01 4.945054945054945250e+01 6.311740325103167493e+01 5.800000000000000000e+01
3.824344623218044248e+00 2.133143939292186264e+00 4.396677275603203761e+00 6.078192529001895661e-01 6.832210998877667407e+01 7.449494949494950902e+01 8.495830724843564496e+01 5.400000000000000000e+01
2.236067977499790249e+00 9.999999999999993339e-01 3.146828601866481723e+00 6.122429056657684443e-01 8.450000000000000000e+01 7.450000000000000000e+01 9.051550584785950093e+01 5.000000000000000000e+00
2.903546091725385470e+00 1.703577565908158675e+00 3.448521981807462389e+00 6.099271141251941808e-01 6.144497863247862313e+01 6.197916666666665719e+01 7.735268974816777643e+01 7.800000000000000000e+01
4.070981841915051191e+00 2.159838900154993357e+00 4.675298773319535250e+00 6.664651130373722143e-01 6.026190476190476630e+01 5.950000000000000000e+01 7.645501481209299754e+01 6.300000000000000000e+01
4.198605562804967661e+00 1.202617460377130243e+00 5.259930045544468413e+00 7.180685414760193952e-01 6.220491803278687826e+01 6.450000000000000000e+01 7.750173798705434081e+01 6.100000000000000000e+01
2.966225266043572173e+00 1.551845573915360488e+00 3.625862830487204036e+00 6.733570533394274138e-01 6.212715855572998436e+01 6.020408163265307877e+01 7.539102420491812495e+01 2.600000000000000000e+01
2.825352196532632920e+00 1.268289708324419118e+00 3.362572342667329739e+00 6.150595287927375088e-01 6.759523809523808779e+01 6.950000000000000000e+01 7.932968217090186158e+01 2.100000000000000000e+01
3.233635032886788441e+00 1.814169566323839078e+00 3.685934813425834289e+00 5.881639215215290761e-01 6.080423280423281795e+01 6.613756613756611102e+01 7.685547178911137678e+01 1.000000000000000000e+02
3.323894297787715058e+00 1.786353316186189755e+00 3.542719942773720820e+00 6.983366741572454295e-01 6.181469298245612265e+01 6.197916666666667140e+01 7.644565188632761021e+01 3.800000000000000000e+01
3.001219632908066259e+00 1.156098986894150471e+00 3.707814324792483962e+00 7.309613154343248542e-01 5.100562587904360612e+01 4.944444444444444287e+01 6.225852219698953860e+01 7.900000000000000000e+01
3.810350885938881049e+00 2.082981001731118109e+00 4.256065412044204521e+00 6.393782055476990855e-01 5.975841070180692327e+01 6.137566137566138735e+01 7.411898979755567041e+01 5.300000000000000000e+01
3.464101615137757495e+00 1.999999999999998446e+00 4.053891502148801784e+00 6.142923593906135515e-01 7.806122448979593287e+01 8.520408163265307167e+01 8.899772434777567298e+01 1.200000000000000000e+01
3.464101615137757495e+00 9.999999999999986677e-01 4.664338813185727517e+00 8.031691213626104275e-01 6.033333333333333570e+01 5.450000000000000000e+01 6.979356173655754958e+01 1.200000000000000000e+01
3.087312838983621965e+00 1.200239044048754034e+00 3.703684905313389564e+00 6.470825239587192357e-01 6.234239444765758265e+01 6.263157894736841769e+01 7.677703852478249757e+01 9.100000000000000000e+01
3.473953464439375249e+00 1.437384989565379412e+00 4.318282013411559817e+00 8.339056230638346445e-01 4.822916666666667140e+01 4.114583333333333570e+01 5.665312158666107933e+01 4.000000000000000000e+01
3.887005260446271482e+00 2.330749562364620164e+00 4.743645088908627905e+00 7.707733570809406354e-01 5.104938271604938649e+01 5.111111111111110716e+01 6.259061488818493757e+01 5.400000000000000000e+01
4.525663944319812337e+00 2.512451535893346133e+00 5.360029415285795906e+00 6.717070756378850094e-01 6.099806201550390483e+01 6.822916666666667140e+01 7.765710584822188878e+01 8.600000000000000000e+01
4.122665591479853120e+00 2.162701551157170776e+00 4.364188066070492589e+00 5.324852874679041337e-01 6.040277777777777857e+01 5.950000000000000000e+01 7.517515744518269116e+01 7.200000000000000000e+01
3.180157041971958254e+00 1.490182215342445549e+00 3.951053020166786389e+00 7.427353224888060268e-01 4.829710144927536675e+01 4.111111111111111427e+01 5.943703949111240803e+01 9.200000000000000000e+01
3.019493193364862105e+00 1.831742543088529462e+00 3.639658715396104416e+00 6.905314317946587011e-01 6.135416666666667851e+01 5.572916666666667140e+01 7.520357977026615970e+01 3.000000000000000000e+01
3.029118564201772390e+00 1.610861149630916644e+00 3.373432244776169764e+00 6.232824616784181648e-01 6.298491379310346616e+01 5.781250000000001421e+01 7.545950163435824720e+01 2.900000000000000000e+01
4.194926715054463351e+00 2.468276753081399821e+00 4.802133433105914229e+00 6.131244817003748127e-01 6.314583333333333570e+01 7.031250000000000000e+01 7.966595247364432453e+01 7.500000000000000000e+01
4.612699372804809350e+00 2.788149323477387309e+00 4.466558944648470586e+00 6.774006844807733962e-01 5.710612435717624891e+01 5.752688172043009018e+01 7.204283049678330997e+01 9.200000000000000000e+01
2.751214696702859897e+00 1.335141362540311460e+00 3.291814558488465270e+00 4.722791822832484443e-01 7.563636363636362603e+01 7.450000000000000000e+01 8.721668607564615172e+01 2.200000000000000000e+01
3.531598697180526436e+00 1.172750970435065598e+00 4.114127954289875433e+00 6.761100378307108860e-01 6.277793414016323936e+01 6.417112299465239289e+01 7.684309546615662612e+01 3.800000000000000000e+01
3.287503659034452408e+00 1.146890767522937837e+00 4.129608262382570949e+00 7.282805488568236951e-01 5.740384615384615330e+01 4.615384615384614619e+01 6.868322262284269186e+01 3.200000000000000000e+01
3.359100159215921977e+00 2.069360948862387417e+00 3.574272544563106724e+00 6.972019537462901262e-01 6.166204986149585210e+01 6.263157894736842479e+01 7.555066184495419179e+01 3.800000000000000000e+01
4.123105625617662362e+00 2.645751311064587163e+00 5.147152333164669358e+00 7.506439031278405727e-01 6.238310708898944057e+01 6.102564102564102910e+01 7.561369911567612689e+01 1.700000000000000000e+01
4.311311263939387572e+00 2.511923210280360141e+00 4.397045072718743342e+00 6.834236670929260127e-01 5.687060478199718005e+01 6.611111111111112848e+01 7.162598752535794233e+01 7.900000000000000000e+01
2.507481144721299238e+00 9.999999999999997780e-01 3.358474798154750918e+00 7.324108210106061723e-01 6.812240047534166365e+01 6.616161616161616621e+01 7.979558667557117246e+01 1.700000000000000000e+01
2.906396920564535247e+00 1.544418655897901616e+00 3.334070560553709761e+00 6.149693415926315021e-01 6.279605263157894512e+01 6.263157894736841769e+01 7.755862966460897212e+01 6.400000000000000000e+01
3.132909036273699321e+00 1.750124690008685757e+00 3.454666950268896031e+00 6.013687842588943955e-01 6.143511087331311415e+01 6.243386243386241574e+01 7.738035061989978658e+01 8.900000000000000000e+01
3.478416572492939451e+00 1.331385445092909015e+00 4.097805264491797494e+00 6.900677118500216922e-01 5.865457294028722401e+01 6.613756613756613945e+01 7.205146096537826850e+01 4.200000000000000000e+01
2.936093071109045827e+00 1.127944873005499060e+00 3.387703431745872962e+00 7.115836598088634002e-01 5.239855072463767982e+01 4.950000000000000000e+01 6.439845590295104216e+01 6.900000000000000000e+01
4.690415759823432396e+00 2.449489742783176105e+00 5.026134041868283830e+00 6.474543766287876867e-01 6.722727272727271952e+01 6.950000000000000000e+01 7.899323489333229986e+01 2.200000000000000000e+01
5.567764362830025959e+00 3.741657386773939997e+00 6.840896702969619270e+00 6.922341973519934299e-01 6.872520269104710167e+01 7.593582887700534911e+01 8.630231790760011279e+01 3.100000000000000000e+01
4.231923449135821969e+00 2.875256771058500416e+00 4.389011655321361616e+00 7.183876519945111561e-01 5.737024221453288675e+01 5.823529411764707220e+01 7.269580233242194822e+01 8.500000000000000000e+01
3.842929411462881806e+00 1.609476911999650817e+00 4.521504367740819319e+00 8.022054179100203131e-01 4.710061443932411862e+01 3.333333333333332860e+01 5.598480959862020967e+01 5.600000000000000000e+01
3.712565970548055372e+00 2.116708654988469718e+00 3.906826318723534364e+00 6.587545391231310887e-01 5.810061398296692659e+01 5.505050505050505194e+01 7.076117019388517804e+01 5.100000000000000000e+01
3.239823670937334033e+00 1.650211400586055088e+00 3.812811653536415157e+00 6.058217699966838010e-01 5.459770114942528352e+01 5.114942528735630844e+01 6.877159129946851124e+01 9.900000000000000000e+01
5.385164807134506404e+00 3.605551275463990013e+00 5.893419417880474853e+00 7.243995790356957398e-01 5.808593029688363885e+01 5.828877005347592899e+01 7.083910063165494364e+01 2.900000000000000000e+01
3.316624790355402919e+00 1.414213562373092925e+00 4.417075954965707929e+00 7.400669150754255465e-01 6.414141414141413122e+01 5.505050505050505194e+01 7.406964973628565474e+01 1.100000000000000000e+01
3.991651377759424246e+00 1.918361179259310489e+00 4.160604243787012102e+00 5.605430685612632358e-01 6.201848998459168882e+01 6.616161616161616621e+01 7.658627755109247914e+01 5.900000000000000000e+01
2.818433936951600050e+00 1.497382546442908691e+00 3.357527018138318109e+00 5.584816602911976124e-01 6.761881106143404452e+01 7.171717171717173755e+01 8.415493317410913221e+01 6.100000000000000000e+01
4.272777433726920648e+00 2.294668548509161354e+00 4.484019626440677975e+00 6.967890692987575019e-01 5.386919216448113445e+01 5.459770114942527641e+01 6.742483180422384237e+01 7.100000000000000000e+01
2.962229512518212537e+00 1.098078133586080085e+00 3.540613602054088371e+00 6.678425216481091997e-01 5.348648648648648418e+01 5.450000000000000000e+01 6.526604904314318389e+01 7.400000000000000000e+01
3.200902690092427783e+00 1.695532452527179990e+00 3.707899458402383885e+00 6.639182787952567777e-01 5.527813573883161524e+01 5.572916666666667140e+01 6.988471392907808877e+01 9.700000000000000000e+01
2.997488399665715342e+00 1.021709832427455833e+00 3.516777402368686190e+00 6.677483461627281569e-01 6.976998904709749638e+01 7.593582887700534911e+01 8.649146290608138088e+01 8.300000000000000000e+01
4.640411106430508248e+00 2.966271224551149110e+00 4.537498296844849399e+00 7.415089176028577533e-01 5.470985155195678828e+01 6.102564102564100068e+01 6.897287010349708680e+01 9.500000000000000000e+01
4.344751018492710060e+00 2.596022323106333296e+00 5.044798040530578120e+00 7.408959795883349742e-01 5.314015375517446671e+01 5.210526315789473273e+01 6.680919669375334990e+01 8.900000000000000000e+01
3.555889118992418219e+00 1.667918965997073233e+00 4.190585347592867826e+00 5.550094108799397130e-01 6.118573797678274673e+01 6.277777777777778567e+01 7.742100355495449548e+01 1.340000000000000000e+02
4.657191795916718391e+00 3.047864042033997745e+00 4.740616022252222450e+00 7.417018260327727930e-01 6.458139534883723343e+01 7.395348837209304804e+01 8.246583272342500948e+01 1.000000000000000000e+02
2.701333020242532079e+00 1.051283303553695259e+00 2.964656186179177588e+00 6.573773604467376686e-01 4.955026455026455068e+01 4.761904761904761330e+01 6.056608250818565153e+01 1.400000000000000000e+02
3.693517671980614647e+00 2.137060323443856102e+00 3.941774841949795771e+00 6.685962823509365993e-01 6.415503875968992986e+01 7.046511627906980380e+01 8.194547444415465520e+01 1.500000000000000000e+02
3.457311005613031174e+00 1.498983265716985480e+00 4.017849629169315762e+00 5.907905647138360639e-01 5.170123199320278928e+01 4.761904761904761330e+01 6.404942048252259212e+01 1.370000000000000000e+02
3.513015055801111952e+00 2.310959641191680625e+00 3.749897589261721453e+00 7.321751545585727383e-01 6.206153846153846132e+01 6.959999999999999432e+01 7.943260588480038109e+01 1.430000000000000000e+02
4.817091794867008225e+00 2.828079719029280792e+00 5.039861876411556807e+00 7.489923119626147319e-01 4.392558139534883566e+01 3.674418604651162212e+01 5.126262743706764269e+01 1.250000000000000000e+02
3.459141115589431603e+00 1.647449963134152151e+00 3.491963155946702368e+00 4.906076200817395816e-01 5.560536398467432662e+01 5.277777777777777857e+01 6.939669057888794157e+01 1.450000000000000000e+02
3.290487862105210048e+00 1.569399676592570625e+00 4.033567664011071585e+00 6.978807176166041959e-01 5.576719576719575855e+01 5.502645502645501097e+01 6.977247462396252331e+01 1.200000000000000000e+02
4.941652605128515674e+00 2.866521026353098467e+00 5.382211346523797957e+00 7.325184041461146878e-01 4.793857271906050954e+01 4.622222222222221433e+01 6.026150741998723248e+01 1.230000000000000000e+02
3.401795702141030109e+00 1.826600752484402346e+00 3.472956293011504769e+00 6.824317277830408424e-01 6.318957270408162685e+01 6.556122448979593287e+01 7.927812017483017826e+01 1.280000000000000000e+02
3.646481648876256365e+00 1.767200905154799884e+00 3.975868643311140094e+00 7.102491729904761852e-01 4.963045555909526740e+01 4.372093023255813904e+01 6.176788026579786361e+01 1.460000000000000000e+02
3.540095339517517647e+00 1.490900549915295636e+00 3.872909913168780083e+00 5.751949733876560167e-01 5.689823141486812119e+01 5.572916666666667140e+01 7.114174654341630344e+01 1.390000000000000000e+02
3.270489834451514533e+00 1.536276401965696703e+00 3.965082692291413746e+00 5.858237026472715714e-01 5.581122448979591866e+01 5.663265306122450227e+01 7.001761536278753795e+01 1.000000000000000000e+02
3.277330493076605400e+00 1.679154934200522753e+00 3.462643777874187201e+00 5.421558031974775815e-01 5.823684210526315752e+01 5.950000000000000000e+01 7.270830483625900342e+01 1.140000000000000000e+02
5.261301152277054527e+00 3.381022561924025283e+00 5.777201162686481872e+00 7.505462690854822760e-01 5.871757075471700205e+01 5.716981132075471095e+01 7.512666991252528703e+01 1.280000000000000000e+02
4.503097187524748080e+00 2.873889515185083621e+00 4.921104143020603949e+00 7.382508189440801782e-01 5.209756097560977395e+01 4.829268292682928632e+01 6.460761046536578078e+01 1.000000000000000000e+02
4.643441704016976423e+00 2.634526803497053038e+00 4.779455902134578160e+00 6.466216186458244586e-01 5.554177005789909316e+01 5.107526881720428236e+01 6.843542531032800014e+01 1.040000000000000000e+02
3.354140591433383278e+00 1.708295074206812147e+00 3.987058298117939881e+00 7.095154308854082492e-01 5.417506720430106526e+01 5.430107526881718627e+01 6.798984408963708859e+01 1.280000000000000000e+02
3.420099904355650366e+00 1.994373753142876460e+00 4.012612801234486604e+00 6.306838082827014302e-01 6.140713706407139938e+01 6.611111111111114269e+01 7.849269187266850167e+01 1.370000000000000000e+02
3.478030944688707216e+00 2.087327839684272046e+00 3.669207727766944593e+00 6.648643021485648452e-01 6.128321678321678689e+01 6.950000000000000000e+01 7.739080689002953761e+01 1.430000000000000000e+02
3.602143378771674342e+00 2.004455138111884693e+00 4.456036913686384437e+00 6.502929191355927285e-01 5.915585538834113777e+01 6.536585365853660790e+01 7.551590055560987480e+01 1.410000000000000000e+02
3.252808126105694253e+00 1.349282847673562991e+00 3.557184066199963191e+00 7.530646920811603362e-01 4.642394822006474442e+01 4.111111111111111427e+01 5.652903345436337190e+01 1.030000000000000000e+02
4.583599083784410055e+00 2.495670237339119080e+00 5.409406047520348260e+00 5.207829059200868027e-01 5.579231692677070953e+01 5.484693877551022467e+01 6.916367723364126618e+01 1.020000000000000000e+02
3.227035039186530785e+00 1.322231448936586506e+00 4.161731115873640974e+00 7.637768450121763530e-01 5.014705882352941302e+01 4.941176470588235503e+01 6.281254368242762354e+01 1.080000000000000000e+02
3.277938655651694511e+00 1.863959636595675651e+00 3.994099554813695274e+00 7.007188128420110962e-01 5.559870550161809177e+01 5.589743589743587648e+01 7.067361597402437212e+01 1.030000000000000000e+02
3.513547254175969137e+00 2.106834719109298870e+00 3.564637459928368557e+00 6.370108219687169449e-01 6.318142361111113559e+01 6.611111111111114269e+01 7.977497446103667755e+01 1.280000000000000000e+02
3.491307825831651890e+00 1.735709322978931546e+00 4.264120286774089941e+00 6.613489697942404044e-01 5.481973434535104417e+01 5.529411764705883314e+01 6.902442518295407581e+01 1.240000000000000000e+02
3.332894382376100584e+00 1.798624306497584646e+00 3.884100692039673675e+00 5.650699322263149638e-01 6.654456654456654974e+01 7.252747252747252560e+01 8.375386360958616194e+01 1.080000000000000000e+02
3.449141463874195956e+00 1.678851208841562581e+00 3.578931813795969141e+00 5.824507837587887815e-01 6.105395683453237154e+01 6.350000000000000000e+01 7.603636338217148705e+01 1.390000000000000000e+02
3.327346065157785304e+00 2.041568717227359997e+00 3.708951156929940485e+00 7.835471085974908823e-01 5.382967873533913661e+01 4.679245283018867241e+01 6.813030915483406602e+01 1.110000000000000000e+02
4.882832086271231553e+00 2.706225166991985009e+00 5.564526730137434818e+00 6.662884475985760835e-01 5.710740265297390295e+01 6.048780487804880579e+01 7.300212340456072013e+01 1.140000000000000000e+02
3.327346065157785304e+00 1.624371149103946088e+00 3.805498515374762025e+00 6.885638981224057042e-01 5.114919797846629734e+01 5.073170731707318737e+01 6.417547821256405882e+01 1.110000000000000000e+02
3.215887143398329151e+00 1.763548098384397411e+00 3.515198013638464403e+00 6.631062970031227355e-01 5.272744611863437569e+01 4.948979591836735636e+01 6.557766793845655684e+01 1.070000000000000000e+02
3.393960589976063869e+00 1.941218070978345533e+00 4.002225013218106753e+00 6.440028832404300907e-01 5.783400809716599866e+01 5.736842105263157521e+01 7.347306151932451712e+01 1.300000000000000000e+02
3.499644490956228093e+00 1.506212376746490778e+00 3.928653187780972278e+00 4.968649101473123220e-01 5.240730094854843912e+01 4.948979591836735636e+01 6.452119376957834618e+01 1.420000000000000000e+02
3.279716080596871031e+00 2.047916831792132353e+00 3.628927160813804065e+00 6.622656023066014752e-01 6.267543859649124727e+01 7.052631578947369917e+01 7.967150543048272482e+01 1.200000000000000000e+02
5.192714426074370948e+00 3.093953408668868921e+00 4.998595193126077696e+00 6.322061552929233441e-01 5.696078431372551165e+01 5.638888888888891415e+01 7.167579932070620430e+01 1.360000000000000000e+02
3.577086250872616890e+00 1.481924260867999221e+00 4.205813962906585601e+00 5.682060711236230910e-01 5.790816326530613622e+01 5.663265306122450227e+01 7.210286659758183703e+01 1.400000000000000000e+02
3.320763445659944413e+00 2.027369640603492229e+00 3.647793823330889751e+00 7.143514661590546488e-01 5.729707792207793204e+01 6.090909090909089940e+01 7.326020152083427206e+01 1.120000000000000000e+02
3.325095102333799790e+00 1.759457824851481833e+00 3.424216148721086039e+00 6.153510125018600840e-01 5.378618113912230569e+01 5.277777777777777857e+01 6.638871173409788184e+01 1.190000000000000000e+02
3.511433806419437698e+00 1.991354320938755196e+00 3.782225237323327161e+00 6.231345774540353322e-01 6.370175438596493223e+01 6.526315789473683537e+01 8.077065858118037056e+01 1.500000000000000000e+02
5.154003981858038763e+00 3.089699613571671222e+00 5.310647721200679072e+00 7.545476262822287117e-01 4.890664637239981971e+01 4.962962962962964042e+01 6.037343255068558534e+01 1.460000000000000000e+02
4.646851035351505566e+00 2.714922931413849216e+00 4.800804907146412503e+00 6.711998663947517096e-01 5.455307994757535539e+01 5.371428571428571530e+01 6.865072541484535407e+01 1.090000000000000000e+02
3.511128130358762256e+00 1.996414468349472449e+00 4.255223089876143838e+00 6.483798514160564741e-01 5.850337837837837895e+01 5.700000000000000000e+01 7.474075970426932258e+01 1.480000000000000000e+02
4.778404703304497403e+00 3.088497633816604804e+00 4.808121368005879859e+00 7.291469649695664357e-01 5.193473193473193561e+01 5.181818181818180591e+01 6.495407302954097872e+01 1.170000000000000000e+02
3.532452010397597597e+00 1.790159262839869037e+00 4.183383223002539175e+00 5.730580011469252888e-01 5.464498299319729568e+01 5.260416666666667140e+01 6.886384407191692958e+01 1.470000000000000000e+02
3.439560665276385709e+00 1.792643558530865100e+00 3.576736113558250274e+00 6.623216193078075298e-01 4.870795870795872418e+01 5.190476190476191221e+01 6.112834570109209409e+01 1.430000000000000000e+02
3.448926699926646133e+00 1.238630849981102289e+00 3.882471082888342195e+00 7.520429266390186163e-01 4.609744990892532712e+01 3.833333333333333570e+01 5.498253159426599979e+01 1.220000000000000000e+02
3.390436406144871739e+00 1.900142068423926300e+00 3.425693324571459364e+00 6.016005147531517938e-01 6.768267651888342584e+01 6.494252873563216610e+01 8.508658453278452782e+01 1.120000000000000000e+02
3.115457500341120234e+00 1.940878571319208490e+00 3.273072977386724869e+00 6.980213909911283654e-01 6.213505461767628191e+01 5.605263157894735571e+01 7.875858564279313612e+01 1.060000000000000000e+02
4.742599316020332800e+00 2.862813388872520459e+00 3.802162081370819458e+00 7.293592296569376687e-01 5.895684233355021320e+01 5.804597701149423727e+01 7.223185515024835013e+01 1.060000000000000000e+02
3.360918612639840486e+00 1.798376338182170242e+00 3.546230626276599462e+00 5.436709537001671588e-01 5.610073816760748144e+01 5.663265306122450227e+01 6.934343676582345495e+01 1.410000000000000000e+02
4.658171567096327514e+00 3.106599532573759870e+00 4.944446674870142999e+00 7.591839044692918481e-01 6.183893985728843035e+01 6.844444444444441444e+01 7.831756034316481419e+01 1.090000000000000000e+02
3.463313783511390298e+00 1.885252181974827579e+00 3.544668026768525326e+00 5.855520693107195696e-01 6.390937019969277344e+01 6.881720430107525033e+01 8.072070759508866900e+01 1.400000000000000000e+02
3.621950974777609300e+00 1.575930170527483076e+00 4.398042743834036372e+00 6.289465201467872024e-01 5.994805194805194759e+01 6.228571428571428470e+01 7.573713552411751948e+01 1.430000000000000000e+02
3.496840952072147068e+00 1.551071777476630054e+00 4.021979310752380243e+00 7.542832350728254642e-01 4.455967078189299002e+01 3.733333333333333570e+01 5.280222467025870259e+01 1.350000000000000000e+02
3.607445253135851626e+00 2.073521801742462589e+00 3.692692373960802410e+00 6.903063923952286185e-01 6.216358024691354700e+01 6.733333333333330017e+01 7.947512474005741012e+01 1.440000000000000000e+02
3.563721367128027229e+00 1.209087238285768473e+00 4.193148917309715173e+00 6.804974698325716442e-01 4.790932811480757891e+01 4.595238095238096321e+01 5.995639414896952957e+01 1.460000000000000000e+02
3.315045999975460678e+00 1.871924016135708690e+00 3.293584388809054353e+00 6.927655491351618622e-01 5.884112149532708003e+01 7.085714285714286120e+01 7.343527898313740820e+01 1.070000000000000000e+02
4.908374951371707873e+00 2.744738742208533644e+00 4.982007536696061223e+00 5.994257803908177307e-01 6.047892720306511904e+01 5.944444444444444997e+01 7.537312988171517247e+01 1.160000000000000000e+02
3.197648421607440561e+00 1.712560699267874798e+00 3.758922154204902721e+00 5.547244767258489029e-01 6.081730769230770051e+01 6.614583333333332860e+01 7.559953938603325696e+01 1.040000000000000000e+02
