3.076875486879865118e+00 1.239162946810214549e+00 3.185265543029653923e+00 7.110613302874707609e-01 5.478225478225479605e+01 6.850119671830830725e+01 7.800000000000000000e+01
4.207991828614630059e+00 2.550768072849309398e+00 3.766799564302600878e+00 7.591662852231496617e-01 5.670977011494252906e+01 7.214266850432244382e+01 8.000000000000000000e+01
4.000000000000004441e+00 2.645751311064584943e+00 3.316624790355399366e+00 8.309172829625370849e-01 6.483585858585858830e+01 7.834797300454000890e+01 1.600000000000000000e+01
4.201713271334677202e+00 2.566756088151251891e+00 3.808001458050827903e+00 7.232203850456111471e-01 6.328042328042326403e+01 8.255056023095600892e+01 7.000000000000000000e+01
3.559226703186957330e+00 1.141308697219414414e+00 3.714662048358329915e+00 8.307621288225065515e-01 5.832685832685835692e+01 7.004609069506452101e+01 3.900000000000000000e+01
4.406964587730054284e+00 2.894130407614734057e+00 3.733166229076290588e+00 7.749806821949152269e-01 5.875457875457877321e+01 7.472398534698442063e+01 9.100000000000000000e+01
4.795831523312722666e+00 3.162277660168376858e+00 4.195235392680606523e+00 9.461823264094390007e-01 5.915678524374177982e+01 7.346500296483772274e+01 2.300000000000000000e+01
3.160286115191435208e+00 1.631149899384471302e+00 3.047616898169275057e+00 7.651359410700383501e-01 5.628815628815629424e+01 7.086178887155924144e+01 9.100000000000000000e+01
4.240269255031418716e+00 2.571621411078175878e+00 3.613189955626360028e+00 7.925482432809095590e-01 5.371043465091624114e+01 6.742481941212476215e+01 7.100000000000000000e+01
4.090766093854389496e+00 2.663638800126128192e+00 3.572658867089661516e+00 8.766977922598104822e-01 5.049496981891348923e+01 6.367360665453985291e+01 7.100000000000000000e+01
4.069226422978728053e+00 2.251336838584437228e+00 3.821127067089770790e+00 7.069037533575263099e-01 5.736650824713449026e+01 7.348434323301262339e+01 7.300000000000000000e+01
3.156873059995309205e+00 1.268651611751490327e+00 3.546518860925032435e+00 7.634552026289737059e-01 6.295572916666667140e+01 7.732028879311403102e+01 3.200000000000000000e+01
5.744562646538034834e+00 4.358898943540670423e+00 4.394973205115614512e+00 8.860127759127702785e-01 5.676877470355730537e+01 7.104719732230806528e+01 3.300000000000000000e+01
3.810350885938881049e+00 2.178486932768749273e+00 3.509082377073253323e+00 6.701802668719235578e-01 6.346226415094339757e+01 8.105331633168853500e+01 5.300000000000000000e+01
3.046603479007058635e+00 1.507837806186592688e+00 3.089620679498365607e+00 8.914093004353217387e-01 6.984953703703705230e+01 8.550348169139577692e+01 2.700000000000000000e+01
3.917437508547000125e+00 2.186724147886556224e+00 3.096076184767433404e+00 8.575745346557406279e-01 5.860241761881107436e+01 7.211965162920544969e+01 6.100000000000000000e+01
5.291502622129184985e+00 3.741657386773939997e+00 4.200340122282615773e+00 8.548854872562865470e-01 6.753246753246753542e+01 8.600177790386148047e+01 2.800000000000000000e+01
4.043048801539074866e+00 2.615827648983456211e+00 3.574196049187651880e+00 7.081186773753456176e-01 6.499322595213004661e+01 8.314340603250214201e+01 7.300000000000000000e+01
5.099019513592788932e+00 3.741657386773939997e+00 4.259443290250164438e+00 8.787301874370142540e-01 6.892225421637186855e+01 8.783007321600805994e+01 2.600000000000000000e+01
4.579138575117386090e+00 3.044881094281915779e+00 4.044357325814451620e+00 8.167854558300980949e-01 5.637239165329054202e+01 7.302736203312798580e+01 8.900000000000000000e+01
3.501258200698493805e+00 1.927916781195504026e+00 3.171330741848388257e+00 6.794572919802043254e-01 6.439393939393939092e+01 7.895011980660225959e+01 4.400000000000000000e+01
4.207627080771056072e+00 1.786759971382201773e+00 4.037804129984322365e+00 8.314748464132721839e-01 5.257631257631258137e+01 6.481454110965582061e+01 6.500000000000000000e+01
5.099019513592787156e+00 2.236067977499786696e+00 4.516635916254486460e+00 6.079798407288198314e-01 6.977466977466976061e+01 8.409679075543201066e+01 2.600000000000000000e+01
3.741657386773943994e+00 2.449489742783173885e+00 3.082207001484487119e+00 7.939510214555709489e-01 7.896428571428570820e+01 9.635503300731386389e+01 1.400000000000000000e+01
4.311311263939387572e+00 2.549598870870247502e+00 3.722907086308528513e+00 7.400772856816836276e-01 5.364892792560062418e+01 6.750056731643820740e+01 7.900000000000000000e+01
4.000000000000001776e+00 2.449489742783171664e+00 3.188521078284832111e+00 8.326221174671674108e-01 6.893939393939395188e+01 8.102377034789958543e+01 1.600000000000000000e+01
4.043085262123746304e+00 2.787149242394202808e+00 3.442074187045960354e+00 8.289966278179857762e-01 5.754700854700853796e+01 7.278397412254456356e+01 6.500000000000000000e+01
3.000000000000001332e+00 9.999999999999987788e-01 2.999999999999999556e+00 1.016655347330954751e+00 7.542087542087543284e+01 8.715763877101640844e+01 9.000000000000000000e+00
5.000000000000001776e+00 3.162277660168375082e+00 3.768288736283354368e+00 8.529921358023188072e-01 6.502564102564102200e+01 7.955265278702277953e+01 2.500000000000000000e+01
3.095144256035046837e+00 1.386960171491928850e+00 3.082028660576198398e+00 6.489519403600692016e-01 5.853013292037684323e+01 7.295101697276980701e+01 8.200000000000000000e+01
3.729834530648110213e+00 2.095959788781080135e+00 3.530375328790091860e+00 5.987666688575290497e-01 6.322660567943587040e+01 7.911840598172553030e+01 5.300000000000000000e+01
2.815042799373674409e+00 1.561893344288869834e+00 2.904136281773511463e+00 7.324403314141354482e-01 6.810256410256408799e+01 8.559809088088931617e+01 2.500000000000000000e+01
4.563654438476423714e+00 2.223735434897169405e+00 4.364812289367296039e+00 5.950648694679595563e-01 5.800549450549450370e+01 7.233209850708877298e+01 9.100000000000000000e+01
2.962013062286724452e+00 1.743544525114241850e+00 2.617381668630365699e+00 7.300856087683680329e-01 6.321839080459770344e+01 8.263876789447348870e+01 7.600000000000000000e+01
3.909162356717513109e+00 2.478908063684564844e+00 3.380835437911520192e+00 7.422453777599918867e-01 6.734363081617085811e+01 8.747636251838265764e+01 5.700000000000000000e+01
4.107966487284389068e+00 2.632431251755557255e+00 3.477693366323576285e+00 7.687579269937310222e-01 6.356554967666077971e+01 8.099927079386714013e+01 7.200000000000000000e+01
4.116744035859043471e+00 2.450607467606154444e+00 4.058405606810115529e+00 7.907213874283691712e-01 5.190972222222223564e+01 6.681175567273240290e+01 6.400000000000000000e+01
3.660041140215774202e+00 2.501153192599982145e+00 2.943692877111673045e+00 8.988770090096698251e-01 5.373086734693878697e+01 6.579364908702183357e+01 4.900000000000000000e+01
2.970192610012601264e+00 1.245730939615517840e+00 3.019027164924830142e+00 8.711163236338937965e-01 6.681250000000001421e+01 8.399736722185583915e+01 7.500000000000000000e+01
4.000000000000001776e+00 3.000000000000000444e+00 3.055050463303892627e+00 8.949529216006032462e-01 6.313131313131312794e+01 7.320006248002357552e+01 1.600000000000000000e+01
4.469372328650619508e+00 2.704506903752077474e+00 3.490794531521395516e+00 8.068439587225522125e-01 5.875581395348837077e+01 7.323382980106521245e+01 8.600000000000000000e+01
3.232121092959466147e+00 2.041084476970777217e+00 2.917476561824458248e+00 7.582583593546906586e-01 6.857638888888887152e+01 8.587861476418247264e+01 3.600000000000000000e+01
4.795831523312722666e+00 3.464101615137757495e+00 4.072263907623539403e+00 9.401130198463533150e-01 6.108915239350024251e+01 7.593269372480712320e+01 2.300000000000000000e+01
4.400994246252973419e+00 2.491860864322925195e+00 3.571323655210872250e+00 7.042815985590801242e-01 5.918947124304266794e+01 7.446358063473027755e+01 8.800000000000000000e+01
3.104227694554374750e+00 1.596860255023566211e+00 3.135654862048164127e+00 7.466150859950444474e-01 5.524431995020228214e+01 6.988500793970072777e+01 8.500000000000000000e+01
3.156873059995308317e+00 2.079767532102860805e+00 2.716724512408179137e+00 7.276056342629626528e-01 6.761217948717948900e+01 8.490194922893608975e+01 3.200000000000000000e+01
4.024323504391648321e+00 2.300312509274562878e+00 3.570020394616458592e+00 6.125113351649063009e-01 6.616776315789475404e+01 8.307529798718836389e+01 6.400000000000000000e+01
2.999999999999999112e+00 1.999999999999997558e+00 2.499999999999999112e+00 1.009288387325197878e+00 8.838383838383838054e+01 9.745308805233271698e+01 3.000000000000000000e+00
4.308534994578963939e+00 1.781703822822030325e+00 3.859727359795430246e+00 8.780690225320895159e-01 4.968549063461001225e+01 6.163152801456710250e+01 7.300000000000000000e+01
3.008779475906180778e+00 1.379571896918272200e+00 3.086227107705185269e+00 8.300016853354288404e-01 5.276881720430107237e+01 6.669262849750782607e+01 8.000000000000000000e+01
3.812040452173177663e+00 2.565389605934897954e+00 3.442018106399596267e+00 8.255000772270025822e-01 5.776041666666666430e+01 7.431150430525950412e+01 6.000000000000000000e+01
3.766789981214517802e+00 2.082066911310670676e+00 3.435379168357590718e+00 8.033380140208161713e-01 5.360601867865790382e+01 6.640799471779901353e+01 5.900000000000000000e+01
4.400994246252973419e+00 2.487932170438867274e+00 3.991160259814678035e+00 7.586651903436812949e-01 5.302211302211301103e+01 6.824700185304958211e+01 8.800000000000000000e+01
3.461436192888003305e+00 2.050217816979504448e+00 2.944291144773667934e+00 7.335358535162671556e-01 6.633830565719109984e+01 8.306038468923092921e+01 3.800000000000000000e+01
3.752555624996216643e+00 2.428685845812223132e+00 3.457249063022459268e+00 8.654635654412646817e-01 6.077272727272727337e+01 7.745848205316673329e+01 4.400000000000000000e+01
3.898059840916189067e+00 2.144301474302400923e+00 3.289105369190617800e+00 6.392293444298583482e-01 6.622807017543858876e+01 8.338583705026924520e+01 6.000000000000000000e+01
2.940831739563086078e+00 1.513331440538912664e+00 2.887630282761628475e+00 8.680117230673076723e-01 6.579861111111111427e+01 7.883674309281536807e+01 2.400000000000000000e+01
7.874007874011815566e+00 5.656854249492378806e+00 6.131374234215363650e+00 9.026486894673845240e-01 5.979390681003587105e+01 7.687314074247603912e+01 6.200000000000000000e+01
3.992796110190823811e+00 2.575883442372411736e+00 3.371254574857138309e+00 7.988651545988122438e-01 5.626495726495726046e+01 7.142365597731559035e+01 6.500000000000000000e+01
3.930355352020792559e+00 2.282528744948103760e+00 3.273679274769129233e+00 6.604509354467676951e-01 6.984707758701567570e+01 8.715970447345063121e+01 5.700000000000000000e+01
3.464101615137757495e+00 2.236067977499787141e+00 3.000000000000000000e+00 8.440967199008782007e-01 7.345833333333332860e+01 8.727866043381992256e+01 1.200000000000000000e+01
4.254944096316065405e+00 2.469570215105184818e+00 4.089984119814970676e+00 6.605115053993820817e-01 7.215753424657535220e+01 9.483437640455804285e+01 7.300000000000000000e+01
4.145885368112153024e+00 1.668875070030476193e+00 4.291241167425217995e+00 8.948178969269638960e-01 4.854761904761904390e+01 6.101329604292916287e+01 6.300000000000000000e+01
2.612530506111808926e+00 1.351716245366227920e+00 2.548377028317220461e+00 7.084636951623123347e-01 6.306612318840578268e+01 7.899747534702851226e+01 4.600000000000000000e+01
4.435800725475287365e+00 2.959200951910033517e+00 3.696390687029107003e+00 8.500957626945147005e-01 5.765138653084324716e+01 7.281550934603109226e+01 9.300000000000000000e+01
3.167344881116935795e+00 1.266729711914819756e+00 3.201652967329132959e+00 8.469276074114256980e-01 4.879267689262741214e+01 6.127297669089082177e+01 9.400000000000000000e+01
3.809636606176966644e+00 2.140914588497758508e+00 3.931789267052047787e+00 7.900823529335280204e-01 5.958994708994708134e+01 7.657851493799194031e+01 5.600000000000000000e+01
5.385164807134508180e+00 3.999999999999988898e+00 4.220485754033531656e+00 8.898108138022554625e-01 6.208711433756806741e+01 7.748169469271363141e+01 2.900000000000000000e+01
4.007749471487612070e+00 2.178752021570533159e+00 3.348285009411641422e+00 6.809835868976070739e-01 5.524361259655376699e+01 6.903187192019883867e+01 6.800000000000000000e+01
5.916079783099620570e+00 3.999999999999998224e+00 4.730221982106126433e+00 8.739045973688157609e-01 6.042328042328042415e+01 7.529676783022577524e+01 3.500000000000000000e+01
3.787988398026736370e+00 2.179056976763157571e+00 3.307261807973803425e+00 7.965308308675029814e-01 5.815972222222222854e+01 7.320642003335181869e+01 4.800000000000000000e+01
4.270387387957573111e+00 2.559985337340473510e+00 3.687170991089708583e+00 8.470119239617062146e-01 5.882512549179215000e+01 7.578467007401367539e+01 7.800000000000000000e+01
2.954176939062779006e+00 1.754144572300564420e+00 2.807837265964595819e+00 7.779363758700782450e-01 4.866666666666666430e+01 6.103082245632315050e+01 7.500000000000000000e+01
5.567764362830025959e+00 3.872983346207410360e+00 4.676180777800048816e+00 8.744326488036864298e-01 6.482258064516128115e+01 8.287778574804308107e+01 3.100000000000000000e+01
3.119908567617213802e+00 1.771797806787870577e+00 2.708590437149530405e+00 6.730628160459375398e-01 7.424679487179487580e+01 9.410887654844540862e+01 3.200000000000000000e+01
2.801394271450238893e+00 1.474564000317749146e+00 2.907994562634791613e+00 7.815356043521798357e-01 6.232746721877156659e+01 8.018094754013415582e+01 6.300000000000000000e+01
3.599186259865428728e+00 2.028315880119263337e+00 3.359559601803777884e+00 6.772382849250669912e-01 6.230936819172114127e+01 7.906008895782579771e+01 5.100000000000000000e+01
3.086286379828963256e+00 1.768936020474426218e+00 2.894320794912954131e+00 6.706722617330169722e-01 5.104810996563575998e+01 6.552765188843508781e+01 9.700000000000000000e+01
4.327728505294335726e+00 2.536579416648836460e+00 3.914694489602247085e+00 8.233453600952804763e-01 5.369132290184919754e+01 6.854093148664561852e+01 7.600000000000000000e+01
3.708581329147841110e+00 2.187459791054408242e+00 3.387592082031533280e+00 6.500870988962791364e-01 6.587044534412954988e+01 8.360492270844670770e+01 5.200000000000000000e+01
2.786518022731220068e+00 1.472733357534688592e+00 2.811528955541883423e+00 8.489269204942702096e-01 5.414777021919879019e+01 6.726241077305007821e+01 5.600000000000000000e+01
6.403124237432854748e+00 4.690415759823427067e+00 4.949747468305831788e+00 8.849003543104915215e-01 6.037804878048780921e+01 7.642859194815481771e+01 4.100000000000000000e+01
3.616156021245184427e+00 1.853039182132901974e+00 3.285641673570558030e+00 9.357820433400103610e-01 5.955569727891156617e+01 7.304832711695121361e+01 4.900000000000000000e+01
4.151787261641747051e+00 1.941900682190449201e+00 3.420153525514773918e+00 7.985980361526525684e-01 5.647983595352017261e+01 6.924077533071955770e+01 7.700000000000000000e+01
2.782133168298092762e+00 1.343786033152178261e+00 2.876387612162120355e+00 7.855954590815793503e-01 6.616161616161615200e+01 8.041757572120687314e+01 2.100000000000000000e+01
3.945890922991815764e+00 1.726017284402011853e+00 3.779972916224704882e+00 8.074810109815691028e-01 5.608181818181818556e+01 7.008968409779836861e+01 5.500000000000000000e+01
3.604722086812246484e+00 2.067384332129405422e+00 3.356485350431502646e+00 8.062437179250119268e-01 6.473809523809524080e+01 8.157281407275023355e+01 4.200000000000000000e+01
2.929464479991970016e+00 1.346393039583934081e+00 3.049643362063326535e+00 7.950586894371320934e-01 5.826295045045044674e+01 7.476844598772200357e+01 7.400000000000000000e+01
2.938250528686638496e+00 1.408277073808383628e+00 2.818634229112527034e+00 6.707714197553523716e-01 5.341721262656341906e+01 6.646339481332545063e+01 7.300000000000000000e+01
2.258693870913711876e+00 1.029186008964760424e+00 2.276845617070034411e+00 9.165079151933060997e-01 7.210884353741496966e+01 8.417528407222914666e+01 1.200000000000000000e+01
4.242640687119289211e+00 3.464101615137753942e+00 3.341656275960570355e+00 9.341493513405104698e-01 6.377551020408162685e+01 7.667132942119687300e+01 1.800000000000000000e+01
3.872983346207419242e+00 2.449489742783173885e+00 3.535533905932737753e+00 1.000000000000000000e+00 5.996598639455783797e+01 7.320100347500253690e+01 1.500000000000000000e+01
6.782329983125271688e+00 4.999999999999992895e+00 5.138093031466051563e+00 9.100639752083412581e-01 5.729635182408796368e+01 7.285207222075840150e+01 4.600000000000000000e+01
3.000000000000001332e+00 1.565407311652339484e+00 3.020423843868615066e+00 8.513907039789823106e-01 5.677113010446342400e+01 6.798372137661635861e+01 2.700000000000000000e+01
3.464101615137754830e+00 2.449489742783174773e+00 3.055050463303893515e+00 9.353776303814964610e-01 6.700000000000000000e+01 8.135850341155737908e+01 1.200000000000000000e+01
3.929645815211467053e+00 1.608194964298191643e+00 4.229352048264511055e+00 7.948789128177994323e-01 5.667701863354037073e+01 7.150904808181289241e+01 5.600000000000000000e+01
3.332332983134866922e+00 1.896452311940976854e+00 2.735875114197223290e+00 6.957556065194870909e-01 7.065033783783783861e+01 8.675299301866144219e+01 3.700000000000000000e+01
3.779973542156966015e+00 2.163136120717027655e+00 3.593154428516189380e+00 6.684828150457324814e-01 6.213505461767626059e+01 7.724423234279191774e+01 5.300000000000000000e+01
4.690415759823431507e+00 3.162277660168375082e+00 3.820994634908559284e+00 8.702898065002089290e-01 6.377551020408164817e+01 7.774489561812249860e+01 2.200000000000000000e+01
2.997642786074423249e+00 1.328643051487604643e+00 2.763270230358127577e+00 6.744271800292024333e-01 7.214452214452215628e+01 8.507398027475876745e+01 2.600000000000000000e+01
3.124768261846389450e+00 1.519373476683931079e+00 3.244260700091908145e+00 7.352792717089570163e-01 5.545348837209301962e+01 6.989031395303061345e+01 8.600000000000000000e+01
3.073177869172614596e+00 1.629732214594343587e+00 3.098534215222764843e+00 5.666512002394145098e-01 6.362058080808079552e+01 8.247174055631047906e+01 9.900000000000000000e+01
3.081999433195125260e+00 1.059884001369414630e+00 3.188123827609472105e+00 7.695432530991785924e-01 6.130168253554192859e+01 7.557259208173655907e+01 8.200000000000000000e+01
2.792153233945512181e+00 1.409079741717783607e+00 2.985605696643057971e+00 7.094076001726771219e-01 6.113756613756615366e+01 7.672766516392510994e+01 6.000000000000000000e+01
4.898979485566359315e+00 3.316624790355395813e+00 3.988620176087328772e+00 8.105405068888855702e-01 6.670940170940170333e+01 8.408241041017653572e+01 2.400000000000000000e+01
2.977462798433075708e+00 1.476466719603488853e+00 2.985518391267784732e+00 6.380819163746153100e-01 6.341394025604552809e+01 7.940015081743811720e+01 7.400000000000000000e+01
3.958511820950743498e+00 2.338704235137144760e+00 3.482680317064286157e+00 7.126274536182859443e-01 5.540956108470786745e+01 6.993218570292411584e+01 7.300000000000000000e+01
4.121676719115582976e+00 2.436613896765710496e+00 3.571938006839551427e+00 6.861569981340082114e-01 5.655150949268595895e+01 7.241774422895078089e+01 6.800000000000000000e+01
3.126947816235936983e+00 1.929922190239635515e+00 3.066500689356367104e+00 6.983630149912511964e-01 7.276168531928904315e+01 9.162151055855355253e+01 3.100000000000000000e+01
3.316624790355402919e+00 1.732050807568873640e+00 3.000000000000000000e+00 8.449207012588635379e-01 7.481447124304267504e+01 8.889687706832617664e+01 1.100000000000000000e+01
3.496840952072147068e+00 1.308988368969953076e+00 3.532304858617339782e+00 9.085811747215631895e-01 5.711229946524064616e+01 6.957497503408053774e+01 4.500000000000000000e+01
3.323894297787715058e+00 1.702013563689019016e+00 3.199472554830928850e+00 8.495214817506030469e-01 6.230811403508771207e+01 7.786414729126444456e+01 3.800000000000000000e+01
3.175523365205976223e+00 1.680094849830805481e+00 3.006217063554778690e+00 7.402803873354789621e-01 6.464846980976012958e+01 8.086543244065299518e+01 3.100000000000000000e+01
5.291502622129186761e+00 3.605551275463985572e+00 4.057282152074030535e+00 8.456405391094943269e-01 6.443452380952382441e+01 8.081239308058631821e+01 2.800000000000000000e+01
3.655382289924832495e+00 1.578436529997655269e+00 3.154295030827067414e+00 7.548589407543604413e-01 5.815508021390374438e+01 7.127256259748652667e+01 4.400000000000000000e+01
2.741781771422108882e+00 1.174618943088018508e+00 2.651063199613672428e+00 8.625119354751694667e-01 6.581578947368421950e+01 7.801588240994622936e+01 1.900000000000000000e+01
3.193865123715725396e+00 1.253997486702295605e+00 3.118843931366777955e+00 8.246577357989983703e-01 4.945054945054946671e+01 6.182590393187731337e+01 9.400000000000000000e+01
2.807452077326489270e+00 1.335141362540313903e+00 2.838526358721234821e+00 9.528319397597946327e-01 5.570097604259096613e+01 6.686997587602533599e+01 2.300000000000000000e+01
1.999999999999999778e+00 9.999999999999992228e-01 1.999999999999999334e+00 1.007268249456820586e+00 9.950000000000000000e+01 1.063588114850614375e+02 2.000000000000000000e+00
3.411189702003358359e+00 1.924849831977141212e+00 3.373660878735031066e+00 7.430379768093484660e-01 6.324494949494952323e+01 7.892622081556001490e+01 4.000000000000000000e+01
3.872983346207419242e+00 3.000000000000000444e+00 3.036811193048098989e+00 9.047101043967725742e-01 6.494949494949494806e+01 7.705182570805628472e+01 1.500000000000000000e+01
3.081999433195125704e+00 1.626241487509977102e+00 2.942577563420247344e+00 6.988426942166149347e-01 5.723666577325113991e+01 7.198299916858567826e+01 8.200000000000000000e+01
3.692026615371611697e+00 1.673995837720871016e+00 3.657172994033378810e+00 6.568197250273691834e-01 6.098693445632221710e+01 7.816491488157031142e+01 4.900000000000000000e+01
3.936065737309925261e+00 2.562014214785487631e+00 3.338527800730394457e+00 7.824729413725417526e-01 5.981277981277980871e+01 7.590403506081275964e+01 6.500000000000000000e+01
2.978071215719371612e+00 1.727557559590215508e+00 2.951069139747002801e+00 7.342090466049713271e-01 5.659356725146196254e+01 7.327877980779283007e+01 7.600000000000000000e+01
4.215432470193689163e+00 2.463528380651425209e+00 3.549625518192858653e+00 6.767489657483366505e-01 6.190684315684314498e+01 7.896583060522603148e+01 8.800000000000000000e+01
2.939186514760262714e+00 1.398125701719030722e+00 2.946654829814736587e+00 8.237316367292955022e-01 5.275764895330112125e+01 6.630345447103853473e+01 8.100000000000000000e+01
3.728433125309199792e+00 2.267933155266053991e+00 3.594927271098216526e+00 7.978338881780678848e-01 5.975531914893617369e+01 7.647429312321449402e+01 4.700000000000000000e+01
4.894526865114491976e+00 2.409775882012237691e+00 4.937439362512273000e+00 8.272187013970218050e-01 5.418604651162792152e+01 6.951292126940307980e+01 9.400000000000000000e+01
4.263579896715645745e+00 2.900768886543974023e+00 3.758537559690675156e+00 8.586034234005605059e-01 5.766210588935158654e+01 7.435383971989266172e+01 8.200000000000000000e+01
4.000000000000001776e+00 2.449489742783174773e+00 3.366501646120692026e+00 8.483224978563885799e-01 6.637500000000000000e+01 7.892799393362822968e+01 1.600000000000000000e+01
3.433853546442000138e+00 1.983639196822341910e+00 3.431721157899590313e+00 7.954621118779794386e-01 6.004054054054054035e+01 7.537291949311074291e+01 3.700000000000000000e+01
2.138469199982376168e+00 1.018399376147023583e+00 2.158948427291830896e+00 8.641736418586312141e-01 7.616161616161616621e+01 8.731009597738679417e+01 1.000000000000000000e+01
3.758434640445101227e+00 1.971583636471639034e+00 3.592052695535987716e+00 6.438046124145162530e-01 6.384615384615383959e+01 8.069168399960038585e+01 5.200000000000000000e+01
2.755444862507163251e+00 1.446125549591924964e+00 2.759436163743544057e+00 6.372534468912536276e-01 6.208620689655172242e+01 7.837947317450783657e+01 5.800000000000000000e+01
3.200902690092427783e+00 1.153302965511324940e+00 3.495718956967873936e+00 6.955048679477171536e-01 5.278469012916223591e+01 6.686566750838191808e+01 9.700000000000000000e+01
2.925545168880547831e+00 2.030393597890325363e+00 2.583256367947112775e+00 7.914267087281817714e-01 6.957264957264958127e+01 8.609961650087885232e+01 2.700000000000000000e+01
4.468258121091606583e+00 2.260080329424425383e+00 4.048480207741543602e+00 7.013750342991358355e-01 6.218246213971664105e+01 7.971150358984158402e+01 8.900000000000000000e+01
2.716344686807638187e+00 1.424004363767655157e+00 2.745115533912688033e+00 8.156373738861114608e-01 5.697855750487330084e+01 7.128844277231272031e+01 5.400000000000000000e+01
2.903522228695493812e+00 1.458693241153409481e+00 2.739791455067468906e+00 7.761283958476875577e-01 7.080434782608695343e+01 8.485600130397017438e+01 2.300000000000000000e+01
4.553691234140070598e+00 2.653922331772158749e+00 3.942111297356318378e+00 7.316489651433916164e-01 5.792892156862746589e+01 7.432994561857712768e+01 9.600000000000000000e+01
3.436552884239296723e+00 1.961990239202509478e+00 3.058634209419767824e+00 6.773814358650148693e-01 6.647904940587866918e+01 8.235083181366721305e+01 4.100000000000000000e+01
4.367304109965627568e+00 2.446671857209435696e+00 3.816519063745221096e+00 6.715466072678180076e-01 6.016303072953320452e+01 7.622402144531868373e+01 8.700000000000000000e+01
2.258693870913711876e+00 1.490182215342446881e+00 2.250151742440452463e+00 8.492293643213290055e-01 7.450000000000000000e+01 9.013031693321504179e+01 1.200000000000000000e+01
3.061502006323439939e+00 1.462892932678877767e+00 2.995799733770717843e+00 7.918453020838200906e-01 5.376009532636039978e+01 6.728426341019195434e+01 8.300000000000000000e+01
4.891190587999821204e+00 2.834970447178654762e+00 4.544024107707316240e+00 7.880227145213780648e-01 5.949162679425838718e+01 7.775901159619948544e+01 8.800000000000000000e+01
4.098062844287287732e+00 2.478511152534451867e+00 3.660308272339904079e+00 7.086904389003082505e-01 5.832234432234430699e+01 7.334976331709873421e+01 7.500000000000000000e+01
8.999999999999994671e+00 7.999999999999983125e+00 5.499999999999994671e+00 1.020852526829284068e+00 6.492704826038159638e+01 7.690636779186996819e+01 9.000000000000000000e+00
3.211662986024489630e+00 1.467506941209590687e+00 3.288002710608708412e+00 6.838952964004739732e-01 5.234655017921147646e+01 6.609035244840173107e+01 9.300000000000000000e+01
4.690415759823431507e+00 3.162277660168375082e+00 3.911521443121590558e+00 8.856368303236000772e-01 6.251748251748250595e+01 7.751891606806864843e+01 2.200000000000000000e+01
4.118749761606132154e+00 2.220116319978704844e+00 3.595960232897249753e+00 6.832260705912300836e-01 6.610714285714286120e+01 8.325244578178521238e+01 5.600000000000000000e+01
2.000000000000000888e+00 9.999999999999977796e-01 1.999999999999999556e+00 7.998419825233095137e-01 9.949494949494948060e+01 1.090869844940754234e+02 4.000000000000000000e+00
3.580281973812205809e+00 1.673621323899393554e+00 3.165637060465488428e+00 7.234723809034410147e-01 5.478438957788143426e+01 6.688622906169752014e+01 4.700000000000000000e+01
3.447667550039401174e+00 2.123394113740141531e+00 3.059229782422266730e+00 7.837573261904193789e-01 5.820105820105822403e+01 7.265490240478538908e+01 3.900000000000000000e+01
3.647362056515620843e+00 2.178668241137618811e+00 3.493760152031605060e+00 6.509801692580541310e-01 6.313131313131311373e+01 8.132461506808957097e+01 5.000000000000000000e+01
3.735559448589155451e+00 2.209983475613786830e+00 3.315048594936574666e+00 6.631498122314132271e-01 6.318559556786704690e+01 7.907572874788799311e+01 5.700000000000000000e+01
3.146864640238643318e+00 1.185622536523140313e+00 3.092686885887757420e+00 6.508816741105324377e-01 6.121867550438980032e+01 7.699623277895315709e+01 9.100000000000000000e+01
4.162210957200126238e+00 2.205911346677758011e+00 3.560931288705229569e+00 7.938104290780116923e-01 5.674637681159420310e+01 7.140021007886961968e+01 6.900000000000000000e+01
3.443254092401545119e+00 1.883936518427652640e+00 3.216379921953473442e+00 6.517560184789321642e-01 6.827505827505827085e+01 8.571119882950897306e+01 4.400000000000000000e+01
4.042753890344656931e+00 2.340083812691757803e+00 3.492216795437688592e+00 6.468708564661188598e-01 6.533910533910533047e+01 8.261721814588982227e+01 7.000000000000000000e+01
4.439148347548170115e+00 2.480946608866796854e+00 3.773625768643704692e+00 7.452253453228612212e-01 6.338940981798126018e+01 8.166226973545093415e+01 7.400000000000000000e+01
2.841380607112144574e+00 1.181423036068666166e+00 2.883260843818650443e+00 7.091159405200186949e-01 5.819548872180450161e+01 7.213065768932614219e+01 7.000000000000000000e+01
4.100701413286463648e+00 2.545856889434518155e+00 3.708271929131734090e+00 7.316550256190715862e-01 6.095947063688998924e+01 7.951163476730583568e+01 7.800000000000000000e+01
3.739931247254999924e+00 2.533621666990548249e+00 3.081023041686214992e+00 8.831059694384434389e-01 5.708786231884059958e+01 6.954130938637170800e+01 4.600000000000000000e+01
2.852830339252675707e+00 1.044402826834626374e+00 2.727621674717142675e+00 7.883319237029220439e-01 5.905603348058590996e+01 7.377289210102829031e+01 6.900000000000000000e+01
3.780979300873703597e+00 2.394228712322087116e+00 3.372269963208037513e+00 7.713927120014860694e-01 6.808261183261183191e+01 8.696072752730330535e+01 5.600000000000000000e+01
2.828427124746190735e+00 1.732050807568874973e+00 2.516611478423583126e+00 8.737456335741905500e-01 7.449494949494949481e+01 8.508320548150180684e+01 8.000000000000000000e+00
3.045542657030041678e+00 1.099766218946125029e+00 3.213225487715909434e+00 8.181815657982717260e-01 4.879110575313107034e+01 6.011511788683698398e+01 7.900000000000000000e+01
5.385164807134508180e+00 3.162277660168378635e+00 4.037325847637268872e+00 8.247064693686640968e-01 5.833775419982317345e+01 7.150277884335677925e+01 2.900000000000000000e+01
4.358898943540674864e+00 2.645751311064585831e+00 3.835920452027871796e+00 8.499145179616918178e-01 6.965460526315787604e+01 8.615693462275918080e+01 1.900000000000000000e+01
4.121676719115582976e+00 2.555783584312838475e+00 3.521841505256496863e+00 8.219179821971860367e-01 5.209865196078431637e+01 6.525791930166028010e+01 6.800000000000000000e+01
3.162277660168380855e+00 2.449489742783174329e+00 2.645751311064589828e+00 9.015933205856661026e-01 7.200000000000000000e+01 8.593186954357661023e+01 1.000000000000000000e+01
1.999999999999999778e+00 9.999999999999992228e-01 1.999999999999999334e+00 1.007268249456820586e+00 9.950000000000000000e+01 1.063588114850614375e+02 2.000000000000000000e+00
4.254944096316065405e+00 1.553044379022443744e+00 3.834029292712433090e+00 9.884859869337497829e-01 4.472524011966619639e+01 5.675522551466848853e+01 7.300000000000000000e+01
3.464101615137757495e+00 1.414213562373093369e+00 3.391164991562633624e+00 1.021651586389912936e+00 6.200000000000000000e+01 7.318007894343155328e+01 1.200000000000000000e+01
3.015900956009502032e+00 1.598903539203992308e+00 2.878103851758079479e+00 5.484850587347425144e-01 6.677272727272728048e+01 8.417550446404069930e+01 7.700000000000000000e+01
3.872983346207420130e+00 1.999999999999996003e+00 3.240370349203928413e+00 9.420727758925767636e-01 6.986531986531987570e+01 8.441291704353524494e+01 1.500000000000000000e+01
3.200631847796544527e+00 1.615599539025278641e+00 3.121941502883659236e+00 6.133765416726342234e-01 6.026864035087721305e+01 7.612830998310937503e+01 9.500000000000000000e+01
3.391268859946506176e+00 1.895054372029599143e+00 2.832773208951209654e+00 7.189166659207573140e-01 6.181469298245612976e+01 7.635279263758931734e+01 3.800000000000000000e+01
4.416517424296949379e+00 2.647991925705894367e+00 4.034214373958379340e+00 6.962198295647369362e-01 6.164431486880466338e+01 8.182807047052750704e+01 9.800000000000000000e+01
2.539093956050557654e+00 9.076104105562999846e-01 2.797559312364293671e+00 8.914102473126556125e-01 5.615646258503403487e+01 6.741328495396574283e+01 4.500000000000000000e+01
3.473345043297592305e+00 1.586863252601231400e+00 3.197578764025492237e+00 8.609990392908131174e-01 4.730113636363637397e+01 5.831422462585542377e+01 4.400000000000000000e+01
3.672779759179948034e+00 2.262253745022470675e+00 3.236191779265495061e+00 7.525386931123994039e-01 7.233018867924528195e+01 9.361347082053977431e+01 5.300000000000000000e+01
3.132907316619957694e+00 1.104348172383363025e+00 3.327424709137224657e+00 6.908927863470996078e-01 5.458985458985459616e+01 6.848670544883434275e+01 9.100000000000000000e+01
6.082762530298224668e+00 3.999999999999992006e+00 4.789311015167004193e+00 8.282111195937540415e-01 6.490753911806542931e+01 8.112420774231661369e+01 3.700000000000000000e+01
4.270943884620629127e+00 2.440891504739325146e+00 3.551776488009858124e+00 7.072159792918673027e-01 5.438882105548773183e+01 6.719770110555094789e+01 8.100000000000000000e+01
2.760669584529598541e+00 1.118335581007658952e+00 2.830187364413145890e+00 8.000130277842878446e-01 6.209280303030301695e+01 7.636755108702253381e+01 5.500000000000000000e+01
4.160017037086688241e+00 2.509648305275904434e+00 3.412754442495150808e+00 7.475002570311894967e-01 5.885206747275713468e+01 7.454127310089496916e+01 7.700000000000000000e+01
4.162210957200126238e+00 2.553051211640462892e+00 3.656077869112335232e+00 7.869418778571609652e-01 6.113575865128660070e+01 7.722313457731132758e+01 6.900000000000000000e+01
2.865059256520582132e+00 1.110943025654445249e+00 2.946035514431120106e+00 9.057323497852185490e-01 6.859090909090909349e+01 8.288980171373266614e+01 2.200000000000000000e+01
3.609134996572830989e+00 1.925273480617296418e+00 3.405136043974862581e+00 8.555828513950632930e-01 5.971717171717171624e+01 7.422831042853611905e+01 5.000000000000000000e+01
3.818207574706757867e+00 2.593165707725999525e+00 3.145239912925763104e+00 8.237084130268428339e-01 6.641483516483516780e+01 8.585184118890173011e+01 5.600000000000000000e+01
3.675496393318122390e+00 2.066429903408526503e+00 3.170259296544510441e+00 6.747623628169854282e-01 5.686234817813763698e+01 6.931452077084594521e+01 5.200000000000000000e+01
4.118348732385133104e+00 2.718081519833445370e+00 3.642035953448805596e+00 9.194699974808415721e-01 5.723689246077302784e+01 7.327624590499928559e+01 6.700000000000000000e+01
3.242892399007668569e+00 1.528962569143732075e+00 2.940837969564320087e+00 7.467611801168335672e-01 6.858585858585858830e+01 8.256286529791965734e+01 3.500000000000000000e+01
4.242640687119287435e+00 2.999999999999995559e+00 3.496029493900504992e+00 8.672151119338016301e-01 6.984953703703702388e+01 8.707397428148394170e+01 1.800000000000000000e+01
2.960471012991900963e+00 1.116947188940597302e+00 3.139738730667140487e+00 7.915195725533590299e-01 5.363712374581939457e+01 6.731393820391122063e+01 7.800000000000000000e+01
4.026353246083529847e+00 2.680839787829298437e+00 3.304542169038002353e+00 7.905146605942408033e-01 6.032986111111112137e+01 7.655657066266221022e+01 7.200000000000000000e+01
3.868175112037774976e+00 2.145731245166069279e+00 3.684078428086085211e+00 7.403048354753943849e-01 6.558585858585857409e+01 8.383498022684932494e+01 5.000000000000000000e+01
3.132001599140602721e+00 1.549126391111481427e+00 3.013397082476414468e+00 6.812845819615466203e-01 5.832462556600486892e+01 7.242752910343762096e+01 8.700000000000000000e+01
2.836677751561182959e+00 1.270153880879983044e+00 2.891417923899299414e+00 6.704347176598476343e-01 5.561111111111110716e+01 6.886536009058595198e+01 6.300000000000000000e+01
4.017496215112431379e+00 1.791916919681522335e+00 3.698199100760286573e+00 7.785175731785278774e-01 5.879571810883140870e+01 7.225614680084018460e+01 5.900000000000000000e+01
5.000000000000001776e+00 3.316624790355395813e+00 4.056420275876926773e+00 8.602536749734638333e-01 6.348717948717948900e+01 7.745724394600847518e+01 2.500000000000000000e+01
3.436552884239296723e+00 1.671917604155871873e+00 3.292396845342806078e+00 7.738276561812920118e-01 7.134459036898061868e+01 8.867975366145343230e+01 4.100000000000000000e+01
3.831777983187530268e+00 2.137290120750626077e+00 3.568518584388939097e+00 7.574563013873140127e-01 6.061111111111110716e+01 7.599208734140798072e+01 5.400000000000000000e+01
5.291502622129186761e+00 2.645751311064588496e+00 4.488079449258573383e+00 8.419846206061126770e-01 5.450725744843391851e+01 6.646791376224149417e+01 2.800000000000000000e+01
3.525175850184143478e+00 2.095984091313889852e+00 2.772455249420303858e+00 8.178417010396441533e-01 5.888648388648388732e+01 7.179648853367864092e+01 4.200000000000000000e+01
3.665023854072059439e+00 2.017055035359631709e+00 3.682889731481553852e+00 8.132431013216377957e-01 5.658493427704750900e+01 7.114460848179285790e+01 4.300000000000000000e+01
2.526184017343322541e+00 1.510214273770614346e+00 2.429248380071376445e+00 6.384676475043267185e-01 7.636054421768709233e+01 9.676634279583764453e+01 4.200000000000000000e+01
3.102656830503471408e+00 1.091493425617896307e+00 2.989156552101268183e+00 7.499554116697689787e-01 5.016369827134624160e+01 6.210750067847530431e+01 8.300000000000000000e+01
4.092253553025764212e+00 2.591336840297514321e+00 3.533737615220910566e+00 8.272981876044748217e-01 6.264285714285714590e+01 7.773274664385748167e+01 5.600000000000000000e+01
3.008026433475694983e+00 1.661835656474235368e+00 3.040000286759873216e+00 6.324964033327574731e-01 6.713849016480594400e+01 8.653538260654853786e+01 7.600000000000000000e+01
3.469463317402364577e+00 2.189714609767540399e+00 2.739693791091214248e+00 7.540755469601966299e-01 5.979305247597930872e+01 7.287811406269760539e+01 4.100000000000000000e+01
3.164396311820191432e+00 1.455074791378911492e+00 3.090344098071239554e+00 6.966512302645131438e-01 5.805335968379445433e+01 7.251948356812481222e+01 8.800000000000000000e+01
3.443857242552258668e+00 1.736976732219686514e+00 3.171552342728542584e+00 7.148717694966266745e-01 5.902406417112299408e+01 7.191189780816010568e+01 4.000000000000000000e+01
3.776776235382502733e+00 1.976804650704270250e+00 3.106447697051651247e+00 6.469289699213228717e-01 5.751964085297420581e+01 7.004213767338261221e+01 5.400000000000000000e+01
4.000000000000001776e+00 2.236067977499787141e+00 3.405877273185280885e+00 9.383536913089619569e-01 6.199494949494948770e+01 7.470111564622332878e+01 1.600000000000000000e+01
3.922494908137044600e+00 2.451743395184313279e+00 3.392554544028192787e+00 7.880741735139744630e-01 5.756740196078431637e+01 7.102949585232178720e+01 5.100000000000000000e+01
4.129431450716623431e+00 2.395591551483777337e+00 3.846093620277880376e+00 8.571644967358341693e-01 6.280924479166667851e+01 8.178353609145561620e+01 6.400000000000000000e+01
2.825629552122798316e+00 1.517600638450135930e+00 2.667078723369819659e+00 7.370657853583700847e-01 7.485726833552922699e+01 9.049122023117459435e+01 2.300000000000000000e+01
3.144439048693126182e+00 1.478844599354581790e+00 3.126208272710397029e+00 6.925624414382072214e-01 7.086805555555555713e+01 8.742331660069109489e+01 3.000000000000000000e+01
4.582575694955841605e+00 3.162277660168374638e+00 3.605551275463989125e+00 9.578875740884550405e-01 5.694749694749695834e+01 6.715830342934161479e+01 2.100000000000000000e+01
4.000000000000004441e+00 2.645751311064587163e+00 3.273268353539885656e+00 8.471746626948445380e-01 6.887500000000000000e+01 8.266703388703517419e+01 1.600000000000000000e+01
4.467220059283513400e+00 2.559793402651825645e+00 3.887149430340344214e+00 7.609000622060133612e-01 6.018925518925519924e+01 7.785707772192343157e+01 9.100000000000000000e+01
3.882179618340382277e+00 2.221959515445224742e+00 3.379633653562954088e+00 5.216704979055557523e-01 7.135416666666668561e+01 9.076950222570580706e+01 6.000000000000000000e+01
3.171363100880316033e+00 1.590761113209666400e+00 2.896225264752770645e+00 7.232887907390244120e-01 5.626959247648903073e+01 7.158043293344172753e+01 9.900000000000000000e+01
4.357090526212859416e+00 2.552301775612765056e+00 3.882004023762535727e+00 7.066659400973902549e-01 5.477807971014493660e+01 6.944813040537218285e+01 9.200000000000000000e+01
3.872983346207420130e+00 2.236067977499786252e+00 3.521363372331802299e+00 8.176828940513128918e-01 6.950000000000000000e+01 8.546241899929194119e+01 1.500000000000000000e+01
4.313261459911826634e+00 2.179056976763158016e+00 3.837906418617572868e+00 7.635846265443623215e-01 5.417560417560416397e+01 6.920247314023916374e+01 7.400000000000000000e+01
4.898979485566360204e+00 2.236067977499784032e+00 4.242640687119285658e+00 7.585810923033216024e-01 5.750000000000000000e+01 6.838425228590627114e+01 2.400000000000000000e+01
3.772614890255407083e+00 2.074274578673295455e+00 3.750974879935415451e+00 7.947903452313097583e-01 5.947542533081286109e+01 7.600106732395703091e+01 4.600000000000000000e+01
4.317359883766553885e+00 2.434642976406906634e+00 3.887867429242743533e+00 7.311888960779964197e-01 6.049462365591397628e+01 7.870696564523359484e+01 7.500000000000000000e+01
3.747226148267928547e+00 1.983556564124616894e+00 3.477795632356223798e+00 9.203081335441526400e-01 6.289622641509433976e+01 7.998227304894778911e+01 5.300000000000000000e+01
3.200631847796542306e+00 1.580434692289632403e+00 3.110217433422067135e+00 5.525822558140937035e-01 6.548593706488445321e+01 8.393564412789484663e+01 9.500000000000000000e+01
3.591323212142540466e+00 1.942196161412984345e+00 3.341262323981567306e+00 6.866044315139206988e-01 5.839816933638442009e+01 7.263065182019543897e+01 4.600000000000000000e+01
2.236067977499790249e+00 9.999999999999993339e-01 2.236067977499788917e+00 9.355219915848091983e-01 8.450000000000000000e+01 9.397806619399760564e+01 5.000000000000000000e+00
4.426597926578200948e+00 2.035852099216611144e+00 4.052754932731246207e+00 7.015285548554546224e-01 4.960989010989010950e+01 6.179238549038696249e+01 9.100000000000000000e+01
4.539482006091416721e+00 2.752973811235507995e+00 3.715629788253678623e+00 7.939546189739169479e-01 4.977521929824563784e+01 6.341132682551936739e+01 9.600000000000000000e+01
4.288764948602699967e+00 2.406613677669851015e+00 3.710007622951611683e+00 7.145928110151912316e-01 5.603731343283582333e+01 7.087680411407528425e+01 6.700000000000000000e+01
2.985466846211832781e+00 1.349282847673563435e+00 2.827938438808860422e+00 7.573338396907327574e-01 5.903333333333333854e+01 7.320219624952964921e+01 7.500000000000000000e+01
4.233174964555609598e+00 2.653104607412048566e+00 3.403328157401417808e+00 7.731088193701698419e-01 5.894093386360288633e+01 7.505409894772807888e+01 7.300000000000000000e+01
4.240269255031418716e+00 2.304431914470611797e+00 3.821036748783442683e+00 6.584434431145060884e-01 5.854225352112676006e+01 7.325431500162466136e+01 7.100000000000000000e+01
5.385164807134508180e+00 3.162277660168378191e+00 4.159326868617085005e+00 6.873598044422063458e-01 6.377551020408165527e+01 7.895511118109371296e+01 2.900000000000000000e+01
3.214813627229278659e+00 1.510768583167552137e+00 3.346693767731972802e+00 7.668056317952810508e-01 6.634992458521870162e+01 8.303705061246444075e+01 3.400000000000000000e+01
4.001948846690121186e+00 2.091366225478119567e+00 3.843290867903948804e+00 7.759330863213337315e-01 5.764285714285714590e+01 7.252171911610408017e+01 5.600000000000000000e+01
3.980374468736210147e+00 1.484111393902058040e+00 3.976774530634380245e+00 8.592041243869521505e-01 5.775941230486685640e+01 7.267907760018185570e+01 5.500000000000000000e+01
3.566941925382011380e+00 1.394546095722265511e+00 3.500529165180097824e+00 8.281212309440483255e-01 5.360902255639097547e+01 6.610099077891268848e+01 4.200000000000000000e+01
3.999999999999999112e+00 2.999999999999997780e+00 3.000000000000000000e+00 1.011864734146344480e+00 8.075000000000000000e+01 9.100394538600728822e+01 4.000000000000000000e+00
3.822212302187066424e+00 1.823907848239985752e+00 2.841769909511147496e+00 8.602644067822866614e-01 5.180899908172634127e+01 6.478170920167802649e+01 5.500000000000000000e+01
4.484254082341620595e+00 2.366976290815340001e+00 4.069703784117619350e+00 7.745884511393270611e-01 5.293842034805889085e+01 6.633150920862043165e+01 8.300000000000000000e+01
3.675458869769216985e+00 2.255136652430468569e+00 3.295006411621965725e+00 8.462121431172773267e-01 5.171676235506022579e+01 6.489379053124875441e+01 4.700000000000000000e+01
4.560719354927465830e+00 2.126405957816522196e+00 4.300060981307813890e+00 7.000602828050999094e-01 5.126186906546725908e+01 6.443589308492899193e+01 9.200000000000000000e+01
3.533878621433977241e+00 2.189787010191734051e+00 3.196391603328851971e+00 7.673195527024090357e-01 6.454545454545451832e+01 8.289096451011589295e+01 4.500000000000000000e+01
3.046603479007058635e+00 1.349282847673563879e+00 3.292936165668386650e+00 8.896073045491112996e-01 5.850663497722321438e+01 7.124280457982875703e+01 2.700000000000000000e+01
3.433663682416982166e+00 2.058116040137183411e+00 3.005599544753611685e+00 6.854950459025374032e-01 6.099415204678362556e+01 7.705330218711654311e+01 4.500000000000000000e+01
2.692173218196956874e+00 1.408277073808383184e+00 2.728437153923743974e+00 7.352080520586199430e-01 7.300000000000000000e+01 8.996403460366622085e+01 2.000000000000000000e+01
3.543748937210325245e+00 1.488260612929375171e+00 3.304702714786019069e+00 7.960502831536888646e-01 5.340909090909092072e+01 6.498375712329246312e+01 4.400000000000000000e+01
2.782133168298092762e+00 1.313383813608090644e+00 2.712190304876052505e+00 7.446272713506761898e-01 6.572871572871572710e+01 7.920636585999558577e+01 2.100000000000000000e+01
2.615827648983456655e+00 1.317431538014886439e+00 2.787580492964903289e+00 8.624727264296403462e-01 6.327272727272728758e+01 7.931587768848437747e+01 5.000000000000000000e+01
2.878564754065811915e+00 1.526210087622052347e+00 2.937974727237136818e+00 7.164937877137016464e-01 6.947916666666667140e+01 8.503750056063515217e+01 2.500000000000000000e+01
3.445535129999357515e+00 1.483572793645562937e+00 2.898579171776293428e+00 6.800239517429405023e-01 6.432234432234432120e+01 7.709265401564901765e+01 3.500000000000000000e+01
4.275754764929271090e+00 2.377438361605108685e+00 3.676932143252977347e+00 6.631970539192143521e-01 6.114707210597621412e+01 7.853158618916843636e+01 7.300000000000000000e+01
3.316624790355402919e+00 1.732050807568876305e+00 3.055050463303893071e+00 9.223461642249667358e-01 6.768181818181817277e+01 7.868955443001858896e+01 1.100000000000000000e+01
3.349897414081005831e+00 1.911773081601960023e+00 2.914828557716205637e+00 6.498938490423885606e-01 6.700854700854702628e+01 8.408478123296120543e+01 3.900000000000000000e+01
3.193865123715727172e+00 1.801483339695153507e+00 3.150706080584960045e+00 6.316318436063538266e-01 6.499493414387032431e+01 8.482389149709624121e+01 9.400000000000000000e+01
2.792443946994984216e+00 1.082326357110743542e+00 2.938795317542743479e+00 6.736350546822068575e-01 7.137919684002635279e+01 8.928156288961409359e+01 6.200000000000000000e+01
2.736174125787107947e+00 1.326552303706024283e+00 2.671148547074656765e+00 8.010610899633611171e-01 5.389097744360902453e+01 6.663494205907167611e+01 5.600000000000000000e+01
3.461486655187445027e+00 1.310435579099169745e+00 3.296697405604098741e+00 6.896904788291300381e-01 6.535218253968253066e+01 7.978513944292971871e+01 4.200000000000000000e+01
3.741657386773942218e+00 1.732050807568875639e+00 3.415650255319866435e+00 9.575292348792880937e-01 5.858585858585858830e+01 6.793329578180424733e+01 1.400000000000000000e+01
4.472135954999580498e+00 2.449489742783176105e+00 3.829708431025352855e+00 7.563032012862158648e-01 6.585858585858586878e+01 7.901477275428410962e+01 2.000000000000000000e+01
3.092623776912304834e+00 1.517380072953016246e+00 2.853454897509986044e+00 6.833416742846512015e-01 5.807148256127850061e+01 7.276298823712893693e+01 9.800000000000000000e+01
6.244997998398400973e+00 3.999999999999998224e+00 4.293891009329415809e+00 8.685763616060467873e-01 6.188811188811188657e+01 7.649175321386336179e+01 3.900000000000000000e+01
3.227141737431445723e+00 1.518781819605339978e+00 3.005052110154951883e+00 6.615248585286543914e-01 5.091122868900646381e+01 6.402308474999031773e+01 9.900000000000000000e+01
6.244997998398403638e+00 4.358898943540669535e+00 4.828642611923583239e+00 8.259537360455703192e-01 6.121794871794871540e+01 7.844455608841282412e+01 3.900000000000000000e+01
4.244576643301564367e+00 2.048759100236404507e+00 3.880545062048976312e+00 5.892275245015606844e-01 6.155881155881155564e+01 7.757770455889814798e+01 7.800000000000000000e+01
2.526184017343322541e+00 1.014412963773229537e+00 2.539879382521180062e+00 8.490568737812906885e-01 5.884353741496600065e+01 7.064583183569392588e+01 4.200000000000000000e+01
3.515112659837269060e+00 1.977578503571541191e+00 3.432078497124914307e+00 7.115700419858169701e-01 6.368421052631578760e+01 8.053831024603870503e+01 4.000000000000000000e+01
3.741657386773942218e+00 1.414213562373092259e+00 3.535533905932736864e+00 1.013071621958816726e+00 6.914285714285713880e+01 8.056824087157509950e+01 1.400000000000000000e+01
4.426597926578200948e+00 2.650651895025026406e+00 3.896004354727212071e+00 6.426235363618204577e-01 6.259666259666258981e+01 8.036429388360384962e+01 9.100000000000000000e+01
3.551162603372453042e+00 1.838416287252542469e+00 3.170655689854289694e+00 6.088053958368477847e-01 6.511680911680910810e+01 8.036264085423087522e+01 4.500000000000000000e+01
4.381921273990775134e+00 2.228196350530476266e+00 3.789469167583904508e+00 8.507175851177014581e-01 4.944147355912063091e+01 6.270209254555436473e+01 8.500000000000000000e+01
3.279141677795307075e+00 1.845145987186238790e+00 3.302422020937161751e+00 7.883270052052933075e-01 6.026936026936026991e+01 7.576986240813688767e+01 3.300000000000000000e+01
4.098185069980794459e+00 1.610597359866555056e+00 3.617339520656852159e+00 6.244642066783224754e-01 6.144796380090496513e+01 7.481195584755202788e+01 6.800000000000000000e+01
3.433853546442000138e+00 1.578436529997653937e+00 3.534235455521200997e+00 8.591140918026342055e-01 4.992134992134992189e+01 6.117717039153272651e+01 3.700000000000000000e+01
3.797623740060459330e+00 2.040285773368369249e+00 3.204191213120056947e+00 7.956365942581827833e-01 4.697916666666667140e+01 5.717809743544273715e+01 5.500000000000000000e+01
3.887005260446271482e+00 2.567869891611725741e+00 3.405953813330435231e+00 7.539745307550025366e-01 6.413966049382715084e+01 8.233999718301272708e+01 5.400000000000000000e+01
2.645751311064591160e+00 1.414213562373093813e+00 2.549509756796392246e+00 8.373906386190578255e-01 8.521428571428570820e+01 9.960043579821515891e+01 7.000000000000000000e+00
3.347841792107339565e+00 1.176947301822655056e+00 3.561635387535363240e+00 8.772374073629549684e-01 5.848187759952467957e+01 7.073197686319653599e+01 3.400000000000000000e+01
4.299018430488802167e+00 1.876986011790855891e+00 4.547165090121799480e+00 7.905364251810952370e-01 5.940438871473353544e+01 7.495200756607012238e+01 6.600000000000000000e+01
3.714471242937834816e+00 1.975475795481877128e+00 3.444913942230817927e+00 9.733093940203039196e-01 4.971111111111110148e+01 6.154848426495169633e+01 5.000000000000000000e+01
2.645751311064591160e+00 1.414213562373092481e+00 2.549509756796392246e+00 9.555623575203355813e-01 7.330447330447331922e+01 8.517086773557468860e+01 7.000000000000000000e+00
3.758126598666943430e+00 2.443411529519177172e+00 3.136532179447592217e+00 8.102970404163841733e-01 6.278571428571428470e+01 7.998175921367230501e+01 5.600000000000000000e+01
2.834589786437617054e+00 1.090688188931531410e+00 2.634803166846023892e+00 8.005473286192750226e-01 4.695184426229509711e+01 5.759257418063423017e+01 6.100000000000000000e+01
3.087558026894282825e+00 1.646342507986088055e+00 2.949128000635500513e+00 7.302651000607814913e-01 6.301994301994302106e+01 7.647228762119551959e+01 2.700000000000000000e+01
4.087970674373763380e+00 1.943453234238070593e+00 3.471653613134291216e+00 6.119596272822297456e-01 6.108225108225110489e+01 7.593318160027162378e+01 7.000000000000000000e+01
3.119013610099962364e+00 1.444672874961624665e+00 2.989436895943040629e+00 5.480399654970506962e-01 5.988641914997558047e+01 7.629666864610764776e+01 8.900000000000000000e+01
3.144439048693126182e+00 1.836951989432428212e+00 2.987895843875480573e+00 8.070198484241872805e-01 6.510416666666668561e+01 8.227525558497526958e+01 3.000000000000000000e+01
3.696559991100581311e+00 2.345598406023580829e+00 3.114034450655976283e+00 8.085792863459381197e-01 5.812696540880503449e+01 7.230132804381884171e+01 5.300000000000000000e+01
3.616156021245184427e+00 2.025221517258053439e+00 3.480745054053544951e+00 7.235598164579205571e-01 6.021428571428571530e+01 7.490844573547475704e+01 4.900000000000000000e+01
3.075415865816912397e+00 1.408677778891411325e+00 3.148139028332193057e+00 5.965258199054611632e-01 6.010101010101008967e+01 7.668471495674153005e+01 8.700000000000000000e+01
3.741657386773943994e+00 2.645751311064584943e+00 3.070597894314953891e+00 9.026584630133978049e-01 6.664285714285713880e+01 7.726364898344948529e+01 1.400000000000000000e+01
2.565427005283397843e+00 1.093065077284090636e+00 2.648438740033754790e+00 7.000876299158825811e-01 6.495535714285716722e+01 7.862747500469328088e+01 4.200000000000000000e+01
3.803791767568827087e+00 1.660607486916731546e+00 3.568815808156228009e+00 9.341008817643793316e-01 6.133261494252874257e+01 7.600176516390929748e+01 5.800000000000000000e+01
