4.472135954999580498e+00 3.162277660168374194e+00 3.687817782917156340e+00 9.011049890681550600e-01 6.341836734693877986e+01 7.674904865761267558e+01 2.000000000000000000e+01
2.692173218196956874e+00 1.095958226385217671e+00 2.821727026320927312e+00 9.677158264251671804e-01 6.085858585858586167e+01 7.201890818167392183e+01 2.000000000000000000e+01
2.741707525891506236e+00 1.808852384719711326e+00 2.612827213524860692e+00 8.343568277008263090e-01 6.864583333333334281e+01 8.487800440309817418e+01 2.000000000000000000e+01
4.472135954999580498e+00 3.162277660168378191e+00 3.521363372331801411e+00 8.589170128671148596e-01 6.294871794871795601e+01 7.566889446075401793e+01 2.000000000000000000e+01
2.692173218196956874e+00 1.674779944833200807e+00 2.563728623106839688e+00 8.946042575069625968e-01 6.091836734693877986e+01 7.497988722785885329e+01 2.000000000000000000e+01
4.472135954999582275e+00 3.316624790355398478e+00 3.261343839027653679e+00 8.995210058283839016e-01 6.102564102564102200e+01 7.286522921647481610e+01 2.000000000000000000e+01
2.741707525891506236e+00 1.474564000317749368e+00 2.623278090739514568e+00 8.025717775204215254e-01 6.281250000000000000e+01 7.664141999039848940e+01 2.000000000000000000e+01
2.741707525891506236e+00 1.066799149938662650e+00 2.902261800241622947e+00 8.584996539728615428e-01 6.040404040404040131e+01 7.084173801737294696e+01 2.000000000000000000e+01
4.472135954999580498e+00 2.236067977499787141e+00 3.898717737923584892e+00 9.134049782412062557e-01 5.679487179487179560e+01 6.763392192981206108e+01 2.000000000000000000e+01
4.472135954999582275e+00 2.449489742783176993e+00 3.851406669430447849e+00 8.890650903586557741e-01 5.663265306122449516e+01 6.770684578961891020e+01 2.000000000000000000e+01
4.472135954999580498e+00 2.236067977499786252e+00 3.687817782917155451e+00 8.048719919520498367e-01 6.800000000000000000e+01 8.205333569080849543e+01 2.000000000000000000e+01
4.472135954999580498e+00 2.828427124746185406e+00 3.640054944640259027e+00 8.986768629814454457e-01 5.948717948717948190e+01 7.025238406266933566e+01 2.000000000000000000e+01
2.692173218196956874e+00 1.663226904076885448e+00 2.586457910240439695e+00 8.343843102215448004e-01 7.156250000000001421e+01 9.004154401663170404e+01 2.000000000000000000e+01
4.472135954999580498e+00 2.236067977499786252e+00 3.847076812334268237e+00 6.609972151166382259e-01 7.505050505050506615e+01 9.086627420106663067e+01 2.000000000000000000e+01
2.741707525891506236e+00 1.650475667020468329e+00 2.491344093673542037e+00 7.634109859705985324e-01 7.400000000000000000e+01 9.068023371013337908e+01 2.000000000000000000e+01
4.472135954999583163e+00 2.999999999999996447e+00 3.415650255319865547e+00 8.093090389047458144e-01 6.722222222222221433e+01 7.985820355815732796e+01 2.000000000000000000e+01
2.741707525891506236e+00 1.293293160063098579e+00 2.661481275407322489e+00 9.375295374262583303e-01 6.131313131313130782e+01 7.270480924686327739e+01 2.000000000000000000e+01
4.472135954999582275e+00 2.236067977499786252e+00 4.098780306383839722e+00 8.647853169187027511e-01 5.806122448979593997e+01 7.009880469305544182e+01 2.000000000000000000e+01
4.472135954999582275e+00 1.732050807568876527e+00 4.358898943540673976e+00 1.021105531091331731e+00 5.534759358288768993e+01 6.735642211291748538e+01 2.000000000000000000e+01
4.472135954999580498e+00 3.464101615137751278e+00 3.535533905932736864e+00 8.893480044470377655e-01 6.556122448979593287e+01 7.984926759722320355e+01 2.000000000000000000e+01
2.741707525891506236e+00 1.434188493408614873e+00 2.632835704015854095e+00 8.084873532529598394e-01 6.585858585858586878e+01 8.035285671418178310e+01 2.000000000000000000e+01
2.692173218196956874e+00 1.302005454317466393e+00 2.729898832505766926e+00 8.633023604299628895e-01 7.616161616161616621e+01 9.274373650702928273e+01 2.000000000000000000e+01
4.472135954999580498e+00 3.316624790355398478e+00 3.516196291966129372e+00 8.938207327302921668e-01 6.163265306122449516e+01 7.528254995929411564e+01 2.000000000000000000e+01
2.741707525891506236e+00 1.424004363767656267e+00 2.720962202134852070e+00 8.836358039587964841e-01 6.631313131313129361e+01 8.055961487426959877e+01 2.000000000000000000e+01
2.741707525891506236e+00 1.761729589872044199e+00 2.608756351001392471e+00 7.617739491579053057e-01 7.404040404040404155e+01 9.112082275382194041e+01 2.000000000000000000e+01
2.741707525891506236e+00 1.014412963773229759e+00 2.875634421179591005e+00 8.056580947374272217e-01 6.727272727272726627e+01 7.938349745356245535e+01 2.000000000000000000e+01
4.472135954999580498e+00 2.645751311064590716e+00 3.964124835860458607e+00 8.513812974778021125e-01 6.056122448979593997e+01 7.403243430752824850e+01 2.000000000000000000e+01
4.472135954999580498e+00 2.645751311064588496e+00 3.565709706956767810e+00 7.074894690140847153e-01 7.100000000000000000e+01 8.647070629121209606e+01 2.000000000000000000e+01
4.472135954999580498e+00 2.236067977499788473e+00 4.195235392680606523e+00 7.896520491747975878e-01 6.906250000000001421e+01 8.560175546514436462e+01 2.000000000000000000e+01
2.741707525891506236e+00 1.791916919681524556e+00 2.475726217919133720e+00 8.680597926502718886e-01 6.641025641025640880e+01 8.079701113568854964e+01 2.000000000000000000e+01
4.472135954999580498e+00 2.999999999999996891e+00 3.815174380753199479e+00 9.574331012759260684e-01 5.760416666666668561e+01 7.003894776234594133e+01 2.000000000000000000e+01
2.784298562266965149e+00 1.676114969720350567e+00 2.471482296616518859e+00 7.543788073560843133e-01 7.250000000000000000e+01 8.806130037955689716e+01 2.000000000000000000e+01
4.472135954999580498e+00 2.828427124746184518e+00 3.259601202601324133e+00 8.281959314760108937e-01 6.085858585858585457e+01 7.134386689278484539e+01 2.000000000000000000e+01
2.673663068951778410e+00 1.475773161594550631e+00 2.475775339715495793e+00 7.906212241645128591e-01 6.949494949494950902e+01 8.207686851038866394e+01 2.000000000000000000e+01
2.692173218196956874e+00 1.523808449084637084e+00 2.623278090739514568e+00 8.485224736605019302e-01 6.739583333333334281e+01 8.299437096352032484e+01 2.000000000000000000e+01
2.632764408668474498e+00 9.741047582548539863e-01 2.677115231402629192e+00 9.626193884170100024e-01 5.564102564102564230e+01 6.600230461630916068e+01 2.000000000000000000e+01
4.472135954999580498e+00 3.316624790355393593e+00 3.343922574136276804e+00 8.586348696100611910e-01 6.217948717948717530e+01 7.523648821024656286e+01 2.000000000000000000e+01
2.741707525891506236e+00 1.141308697219413526e+00 2.717955037870738000e+00 8.570198155723539601e-01 6.585858585858586878e+01 7.864253828594715401e+01 2.000000000000000000e+01
2.741707525891506236e+00 1.221329333786921767e+00 2.776115471341239260e+00 6.780816996980344458e-01 7.116161616161616621e+01 8.551224347882700272e+01 2.000000000000000000e+01
2.784298562266965149e+00 1.379115218388651254e+00 2.571902603562937983e+00 9.047443825679459817e-01 6.085858585858586167e+01 7.048864115499544880e+01 2.000000000000000000e+01
4.472135954999582275e+00 3.464101615137752166e+00 3.807886552931954771e+00 9.873067565763435915e-01 6.032828282828284472e+01 7.501555457232412039e+01 2.000000000000000000e+01
4.472135954999580498e+00 2.449489742783176549e+00 3.915780041490243946e+00 9.279725965482943373e-01 5.482051282051282470e+01 6.481329167604144459e+01 2.000000000000000000e+01
2.632764408668474498e+00 1.172799203011790414e+00 2.633841240890764990e+00 7.843484724800623420e-01 6.950000000000000000e+01 8.474979174509083180e+01 2.000000000000000000e+01
4.472135954999583163e+00 2.828427124746183630e+00 3.741657386773940885e+00 8.492825046373794207e-01 6.572916666666668561e+01 7.966048692841599177e+01 2.000000000000000000e+01
4.472135954999580498e+00 2.999999999999994671e+00 3.636237371545238073e+00 8.338532576351332937e-01 6.822916666666665719e+01 8.266107483597518524e+01 2.000000000000000000e+01
4.472135954999580498e+00 2.999999999999994671e+00 3.726779962499649379e+00 8.709984012447687940e-01 6.564102564102562098e+01 8.029507822328233146e+01 2.000000000000000000e+01
2.692173218196956874e+00 1.433597196560525422e+00 2.782361210974606092e+00 8.969917078176369296e-01 6.281250000000000000e+01 7.618191979875346931e+01 2.000000000000000000e+01
4.472135954999580498e+00 2.645751311064588496e+00 3.565709706956766034e+00 7.727962364921727723e-01 7.250000000000000000e+01 8.890757885643458280e+01 2.000000000000000000e+01
2.741707525891506236e+00 9.847031360240399156e-01 2.605171084697352146e+00 9.021112122485641649e-01 6.100000000000000000e+01 7.112420406800954709e+01 2.000000000000000000e+01
4.472135954999580498e+00 2.828427124746187626e+00 3.691205765058349186e+00 8.485216745775154834e-01 6.531249999999998579e+01 7.933556477825760567e+01 2.000000000000000000e+01
4.472135954999580498e+00 3.162277660168379967e+00 3.331666249791535250e+00 7.936176633966207650e-01 6.406250000000000000e+01 7.795142821218081508e+01 2.000000000000000000e+01
2.784298562266965149e+00 1.057557050338251869e+00 2.892533421535016913e+00 6.440847141875658544e-01 7.450000000000000000e+01 8.763519558775375629e+01 2.000000000000000000e+01
4.472135954999582275e+00 2.449489742783174329e+00 3.999999999999999112e+00 8.249625821018832239e-01 6.256410256410256210e+01 7.585244578050966879e+01 2.000000000000000000e+01
2.692173218196956874e+00 1.156650956892014914e+00 2.833554921472217103e+00 9.669634969855338547e-01 6.750000000000000000e+01 8.117565208460098347e+01 2.000000000000000000e+01
2.692173218196956874e+00 1.549918987548337235e+00 2.596532641740050273e+00 8.126999788537131453e-01 7.176767676767674686e+01 8.945546971818004067e+01 2.000000000000000000e+01
2.741707525891506236e+00 1.293293160063099689e+00 2.783102285109423146e+00 7.079444803809886722e-01 6.850000000000000000e+01 8.193460872082670221e+01 2.000000000000000000e+01
4.472135954999580498e+00 2.999999999999996891e+00 3.265986323710903694e+00 7.843077399039362074e-01 6.358585858585858119e+01 7.458933526621953547e+01 2.000000000000000000e+01
4.472135954999580498e+00 3.316624790355398478e+00 3.450955072018601744e+00 9.002282419982045036e-01 5.984693877551021757e+01 7.131013515198469577e+01 2.000000000000000000e+01
4.472135954999582275e+00 2.999999999999998668e+00 3.681787005729087348e+00 8.608263779555667128e-01 6.679487179487179560e+01 8.348136360166195402e+01 2.000000000000000000e+01
2.784298562266965149e+00 1.789097165857947758e+00 2.497288649263041282e+00 8.120306595689623652e-01 7.040404040404040131e+01 8.459604202471410872e+01 2.000000000000000000e+01
4.472135954999583163e+00 2.828427124746188071e+00 3.391164991562632736e+00 7.762760619501964943e-01 6.900000000000000000e+01 8.287925824903817329e+01 2.000000000000000000e+01
4.472135954999580498e+00 3.316624790355398478e+00 3.464101615137753942e+00 9.105513685106245703e-01 6.020408163265307877e+01 7.196640518449909507e+01 2.000000000000000000e+01
2.632764408668474498e+00 1.241903510725982152e+00 2.671802699280161342e+00 8.213324660328596982e-01 7.150000000000000000e+01 8.752643738526799666e+01 2.000000000000000000e+01
4.472135954999580498e+00 2.645751311064586275e+00 3.644957377763735629e+00 8.116482612581430445e-01 6.767676767676768179e+01 8.092786118846494503e+01 2.000000000000000000e+01
4.472135954999580498e+00 2.449489742783172996e+00 3.829708431025352855e+00 7.077885543916172528e-01 7.400000000000000000e+01 9.098805829838316583e+01 2.000000000000000000e+01
2.784298562266965149e+00 1.456467884523525047e+00 2.478511152534451867e+00 6.146181406388813162e-01 8.137500000000000000e+01 9.857156719830318536e+01 2.000000000000000000e+01
2.692173218196956874e+00 1.022565182563572650e+00 2.695741425233395994e+00 8.993296644905813819e-01 6.671717171717172334e+01 7.846515356128522001e+01 2.000000000000000000e+01
4.472135954999580498e+00 2.999999999999993339e+00 3.605551275463989125e+00 7.984123857733208540e-01 7.494949494949494806e+01 9.377598844241026654e+01 2.000000000000000000e+01
4.472135954999580498e+00 3.316624790355393593e+00 3.503245248726852168e+00 9.206445294994861639e-01 6.163265306122449516e+01 7.279407311191594943e+01 2.000000000000000000e+01
2.692173218196956874e+00 9.960856099609206593e-01 2.657977294960129910e+00 9.886489295159909263e-01 5.614583333333333570e+01 6.610531659441255670e+01 2.000000000000000000e+01
4.472135954999582275e+00 1.999999999999996891e+00 3.391164991562633624e+00 1.021655848753364904e+00 6.500000000000000000e+01 7.808992636681315958e+01 2.000000000000000000e+01
2.692173218196956874e+00 9.330329915368070770e-01 2.938489368286552939e+00 1.021756272440553115e+00 5.489583333333334991e+01 6.393976926700459984e+01 2.000000000000000000e+01
2.784298562266965149e+00 1.789097165857947758e+00 2.603533453966173195e+00 7.994508327649778590e-01 7.449494949494949481e+01 9.238920214225021255e+01 2.000000000000000000e+01
2.784298562266965149e+00 1.361008918527886191e+00 2.579043263764101201e+00 6.609981617740778859e-01 7.116161616161618042e+01 8.356387951614792087e+01 2.000000000000000000e+01
2.632764408668474498e+00 1.414213562373094257e+00 2.789155771833871533e+00 7.896725634340934219e-01 6.656249999999998579e+01 8.264378851547421334e+01 2.000000000000000000e+01
2.692173218196956874e+00 1.485990148839640090e+00 2.699841108612897056e+00 8.646928807316350829e-01 6.064102564102564941e+01 7.407781052453830739e+01 2.000000000000000000e+01
2.741707525891506236e+00 1.669286680810465384e+00 2.537189633176476278e+00 8.348265937353338551e-01 6.239583333333333570e+01 7.461683505516664638e+01 2.000000000000000000e+01
2.692173218196956874e+00 1.236180462479405939e+00 2.863567230221313320e+00 9.521434957425773948e-01 5.989583333333334991e+01 7.222857421811652046e+01 2.000000000000000000e+01
2.692173218196956874e+00 1.398276940383823774e+00 2.671802699280161786e+00 8.555984411967988423e-01 6.722222222222221433e+01 8.203472903772757263e+01 2.000000000000000000e+01
2.692173218196956874e+00 1.408277073808383628e+00 2.564929485021881117e+00 8.499717816769293277e-01 6.572916666666668561e+01 7.860654072892297961e+01 2.000000000000000000e+01
4.472135954999580498e+00 3.162277660168373306e+00 3.605551275463988237e+00 8.313619822186260055e-01 6.602564102564103621e+01 8.218360345707641557e+01 2.000000000000000000e+01
4.472135954999580498e+00 2.999999999999993339e+00 3.415650255319866435e+00 7.503975185182671925e-01 7.040404040404040131e+01 8.661277826038974581e+01 2.000000000000000000e+01
4.472135954999582275e+00 3.162277660168374194e+00 3.820994634908560172e+00 9.393010129757453086e-01 6.041666666666668561e+01 7.502240505542367544e+01 2.000000000000000000e+01
4.472135954999580498e+00 2.449489742783174329e+00 3.872983346207416577e+00 8.409410191254844680e-01 5.910256410256410931e+01 7.013048499657807611e+01 2.000000000000000000e+01
2.692173218196956874e+00 1.199263631138165032e+00 2.705453977274536292e+00 7.766697550499971348e-01 7.282828282828282340e+01 8.813942429616542995e+01 2.000000000000000000e+01
2.692173218196956874e+00 1.485990148839640534e+00 2.699841108612897056e+00 8.150837274059040682e-01 6.767676767676769600e+01 8.323128334452617594e+01 2.000000000000000000e+01
4.472135954999583163e+00 2.449489742783176549e+00 3.651483716701108051e+00 7.057827123923386958e-01 6.700000000000000000e+01 7.887566426419505206e+01 2.000000000000000000e+01
2.741707525891506236e+00 1.177932612918687338e+00 2.529381944881190503e+00 7.816310902902813273e-01 6.560606060606060908e+01 7.709456326103703816e+01 2.000000000000000000e+01
4.472135954999580498e+00 2.449489742783176105e+00 3.741657386773942218e+00 7.508874169239025953e-01 6.540404040404038710e+01 7.918116295420597339e+01 2.000000000000000000e+01
2.784298562266965149e+00 1.602956741227559156e+00 2.550849001251581871e+00 7.999494224523915342e-01 6.904040404040404155e+01 8.438195670950084093e+01 2.000000000000000000e+01
4.472135954999582275e+00 3.162277660168375082e+00 3.619392214170770394e+00 8.582698827902238703e-01 6.306122448979593287e+01 7.838161051688982184e+01 2.000000000000000000e+01
2.692173218196956874e+00 1.620656596692761964e+00 2.426830136097526402e+00 7.569051799923605106e-01 6.904040404040404155e+01 8.413482132344670106e+01 2.000000000000000000e+01
4.472135954999580498e+00 3.464101615137748613e+00 3.662876829305984128e+00 9.473766968503010144e-01 6.135416666666668561e+01 7.513463463851755364e+01 2.000000000000000000e+01
2.692173218196956874e+00 1.446125549591924742e+00 2.704971128272242176e+00 7.504073226517303796e-01 6.858585858585857409e+01 8.346203688420146705e+01 2.000000000000000000e+01
4.472135954999583163e+00 2.645751311064587163e+00 3.625307868699862990e+00 7.507473600108873768e-01 6.494949494949494806e+01 7.639667398006686483e+01 2.000000000000000000e+01
4.472135954999580498e+00 2.449489742783174329e+00 3.628590176179538940e+00 9.383041651298947849e-01 5.487179487179486159e+01 6.400303629195408917e+01 2.000000000000000000e+01
2.741707525891506236e+00 1.434188493408613319e+00 2.693780606996734939e+00 6.667914467968892867e-01 7.838383838383839475e+01 9.650573945161197287e+01 2.000000000000000000e+01
4.472135954999582275e+00 2.236067977499784032e+00 3.435112807463533091e+00 9.763553043662014375e-01 6.222222222222221433e+01 7.421710585246283642e+01 2.000000000000000000e+01
2.784298562266965149e+00 1.083371333868300646e+00 2.632764408668474498e+00 8.055574083167835742e-01 6.600000000000000000e+01 7.707072445108080672e+01 2.000000000000000000e+01
2.741707525891506236e+00 1.091493425617896307e+00 2.873645043262430310e+00 7.874814407703619734e-01 7.171717171717172334e+01 8.600801455438835319e+01 2.000000000000000000e+01
2.741707525891506236e+00 1.066799149938662650e+00 2.855158681414962096e+00 8.700205297318920339e-01 7.393939393939395188e+01 8.862807796205387945e+01 2.000000000000000000e+01
4.472135954999580498e+00 2.645751311064586275e+00 3.835920452027871796e+00 7.249856172289619316e-01 7.222222222222221433e+01 8.958525426918701839e+01 2.000000000000000000e+01
2.692173218196956874e+00 1.595154937013575136e+00 2.769675365002253642e+00 9.108562992062665398e-01 5.877551020408163396e+01 7.117798825163222887e+01 2.000000000000000000e+01
4.472135954999580498e+00 1.999999999999998890e+00 3.872983346207417465e+00 1.021909157602287177e+00 7.150000000000000000e+01 8.750679360297358755e+01 2.000000000000000000e+01
4.472135954999582275e+00 2.828427124746186294e+00 3.889087296526011706e+00 8.453030169082926815e-01 6.341836734693879407e+01 7.898346165365545346e+01 2.000000000000000000e+01
4.472135954999580498e+00 2.645751311064586275e+00 3.760699023168050825e+00 7.929122623138310511e-01 6.949494949494948060e+01 8.386984001386603893e+01 2.000000000000000000e+01
2.692173218196956874e+00 1.398276940383824440e+00 2.612843410707518021e+00 9.039532623970001346e-01 6.234693877551021757e+01 7.459336409244176025e+01 2.000000000000000000e+01
2.741707525891506236e+00 1.390389170315906808e+00 2.507593404994713726e+00 7.797453136723222489e-01 6.949494949494950902e+01 8.195507863719359420e+01 2.000000000000000000e+01
4.472135954999580498e+00 2.828427124746184518e+00 3.517811819867571188e+00 8.032545556287645772e-01 6.631313131313130782e+01 7.991801392131615955e+01 2.000000000000000000e+01
4.472135954999582275e+00 3.741657386773943106e+00 3.433032811627977132e+00 9.902592201717720366e-01 5.711229946524063905e+01 6.829344527052668923e+01 2.000000000000000000e+01
2.632764408668474498e+00 1.741101126592247583e+00 2.773258875197046613e+00 9.409768647227439997e-01 6.015384615384614619e+01 7.382927219706130018e+01 2.000000000000000000e+01
2.692173218196956874e+00 1.501338870540508408e+00 2.697668345621899277e+00 7.898774988993896295e-01 6.489583333333334281e+01 7.933487984739876708e+01 2.000000000000000000e+01
2.692173218196956874e+00 1.047525337235330367e+00 2.692173218196955986e+00 7.842505393199972197e-01 7.171717171717172334e+01 8.616552346157077125e+01 2.000000000000000000e+01
4.472135954999580498e+00 2.999999999999994671e+00 3.464101615137753942e+00 8.085119444051004356e-01 6.447916666666667140e+01 7.856801404106157349e+01 2.000000000000000000e+01
4.472135954999582275e+00 2.645751311064585831e+00 3.779644730092271754e+00 7.897120699797430809e-01 6.656250000000000000e+01 8.262168166280719106e+01 2.000000000000000000e+01
4.472135954999582275e+00 3.316624790355395813e+00 3.630677372311974516e+00 9.573858096490417413e-01 5.822916666666668561e+01 7.102605901785146614e+01 2.000000000000000000e+01
4.472135954999580498e+00 3.316624790355393593e+00 3.643175438093432028e+00 8.944121216291949228e-01 6.591836734693877986e+01 7.990923496048421271e+01 2.000000000000000000e+01
4.472135954999580498e+00 3.162277660168374194e+00 3.687817782917155451e+00 9.014621095692531005e-01 6.377551020408164106e+01 7.810734536058853905e+01 2.000000000000000000e+01
4.472135954999580498e+00 1.999999999999998890e+00 4.123105625617660586e+00 7.925602782862729567e-01 7.400000000000000000e+01 9.144656216593605791e+01 2.000000000000000000e+01
2.741707525891506236e+00 1.624504792712469836e+00 2.633423775884567775e+00 8.166896437590699387e-01 7.040404040404040131e+01 8.750792795570448845e+01 2.000000000000000000e+01
2.784298562266965149e+00 1.536840277212203620e+00 2.564929485021881561e+00 8.461046976059678482e-01 6.322916666666668561e+01 7.556595827536813204e+01 2.000000000000000000e+01
4.472135954999582275e+00 3.316624790355395813e+00 3.655630775069655503e+00 9.576565179119039817e-01 5.885416666666668561e+01 7.189958802789779213e+01 2.000000000000000000e+01
2.673663068951778410e+00 1.549036091998395870e+00 2.516956029032677122e+00 6.326394727317932176e-01 7.838383838383838054e+01 9.630418525864219248e+01 2.000000000000000000e+01
2.632764408668474498e+00 9.455754653426561296e-01 2.699767998806077873e+00 9.205345060057434914e-01 7.060606060606060908e+01 8.408768112541957862e+01 2.000000000000000000e+01
2.692173218196956874e+00 1.365269071134212364e+00 2.897494605579149063e+00 9.039401785861195249e-01 6.127551020408164106e+01 7.349264400836561606e+01 2.000000000000000000e+01
4.472135954999582275e+00 2.645751311064586275e+00 3.703280399090206565e+00 8.772098932582542696e-01 5.987179487179487580e+01 7.243293813790781144e+01 2.000000000000000000e+01
2.632764408668474498e+00 1.891150930685311371e+00 2.565538005700938928e+00 8.876624636110643785e-01 6.877551020408162685e+01 8.662473835574408554e+01 2.000000000000000000e+01
4.472135954999580498e+00 2.236067977499786252e+00 3.405877273185280885e+00 9.570838019462749591e-01 6.131313131313130782e+01 7.290020903803703334e+01 2.000000000000000000e+01
4.472135954999580498e+00 3.316624790355395813e+00 3.680414996363119418e+00 9.220166826008190375e-01 6.248717948717948190e+01 7.674656046769256079e+01 2.000000000000000000e+01
2.692173218196956874e+00 1.022565182563572872e+00 2.885399811814427284e+00 8.738511528853096788e-01 5.781250000000001421e+01 6.829401506150540513e+01 2.000000000000000000e+01
2.741707525891506236e+00 1.358019080485785013e+00 2.702254113029895599e+00 8.425352352868821226e-01 7.100000000000000000e+01 8.683440501933925759e+01 2.000000000000000000e+01
4.472135954999580498e+00 2.236067977499786252e+00 3.714835124201341987e+00 9.076529635035799348e-01 6.131313131313130782e+01 7.263186860795218536e+01 2.000000000000000000e+01
4.472135954999580498e+00 2.449489742783174773e+00 3.488074922742724127e+00 8.229840569158979324e-01 6.600000000000000000e+01 7.834652810888601948e+01 2.000000000000000000e+01
2.692173218196956874e+00 1.559760288918353499e+00 2.620418516170941459e+00 7.686794643155731022e-01 6.572916666666667140e+01 8.083101133082179501e+01 2.000000000000000000e+01
2.692173218196956874e+00 1.603670913366431527e+00 2.651063199613672428e+00 9.313203034962485027e-01 5.984693877551023888e+01 7.216964347347192188e+01 2.000000000000000000e+01
2.692173218196956874e+00 1.833244595323423987e+00 2.525889458954985400e+00 9.039969388182199639e-01 6.163265306122449516e+01 7.497842363313414182e+01 2.000000000000000000e+01
4.472135954999580498e+00 1.732050807568876749e+00 4.281744192888376155e+00 1.021101577067552446e+00 5.417112299465240710e+01 6.481021122028668913e+01 2.000000000000000000e+01
4.472135954999580498e+00 2.449489742783174329e+00 3.958114029012638646e+00 8.254014105180220717e-01 6.141025641025641590e+01 7.452248332518983887e+01 2.000000000000000000e+01
4.472135954999580498e+00 2.449489742783176549e+00 3.763863263545404347e+00 8.513201589034604666e-01 6.322916666666667140e+01 7.600225246430161974e+01 2.000000000000000000e+01
2.632764408668474498e+00 1.273273798598674400e+00 2.720962202134851626e+00 9.304072571658699164e-01 6.585858585858584036e+01 8.036141840342416742e+01 2.000000000000000000e+01
2.692173218196956874e+00 1.408277073808384516e+00 2.795535253039969081e+00 8.437514714927425441e-01 6.813131313131313505e+01 8.398927751402071351e+01 2.000000000000000000e+01
2.741707525891506236e+00 1.513331440538912664e+00 2.583256367947113219e+00 8.547861020461037240e-01 6.404040404040404155e+01 7.593525127273703390e+01 2.000000000000000000e+01
4.472135954999582275e+00 1.732050807568874529e+00 4.041451884327380562e+00 1.017424181078867562e+00 5.947916666666668561e+01 7.078823285533775334e+01 2.000000000000000000e+01
2.741707525891506236e+00 1.141308697219413082e+00 2.681205631330063621e+00 8.559381076018059975e-01 6.900000000000000000e+01 8.253139933429292796e+01 2.000000000000000000e+01
2.741707525891506236e+00 1.390389170315909029e+00 2.805337165885834594e+00 8.764464945627901127e-01 6.540404040404040131e+01 7.850615021912314262e+01 2.000000000000000000e+01
4.472135954999580498e+00 2.999999999999993339e+00 3.231786571610885339e+00 7.608285673869281673e-01 6.404040404040405576e+01 7.599196905538681790e+01 2.000000000000000000e+01
4.472135954999582275e+00 1.999999999999996891e+00 3.640054944640258139e+00 8.731893617740027480e-01 6.300000000000000000e+01 7.476080954471420625e+01 2.000000000000000000e+01
2.692173218196956874e+00 1.071773462536292243e+00 2.663957245832889509e+00 9.407800164644120056e-01 7.116161616161616621e+01 8.446431629351108938e+01 2.000000000000000000e+01
2.692173218196956874e+00 1.946565738855401850e+00 2.345910422675723694e+00 8.968831643734658243e-01 6.484693877551021046e+01 7.947829246637820688e+01 2.000000000000000000e+01
4.472135954999582275e+00 2.645751311064585831e+00 3.505098327538656466e+00 7.891936700631978496e-01 6.404040404040405576e+01 7.516167407585329840e+01 2.000000000000000000e+01
2.784298562266965149e+00 1.613134808920292373e+00 2.516294878297574478e+00 7.617535041849622379e-01 7.600000000000000000e+01 9.328559989738046454e+01 2.000000000000000000e+01
2.741707525891506236e+00 1.669286680810465384e+00 2.518487092457737830e+00 8.999111017397002366e-01 5.770408163265306456e+01 6.842040786922311213e+01 2.000000000000000000e+01
4.472135954999580498e+00 3.162277660168378191e+00 3.714835124201341987e+00 8.529378391933757353e-01 6.871794871794870119e+01 8.462005545526521644e+01 2.000000000000000000e+01
2.741707525891506236e+00 1.611095303483726537e+00 2.647232855316036915e+00 8.771666358369405447e-01 6.217948717948716819e+01 7.522615563272734107e+01 2.000000000000000000e+01
2.692173218196956874e+00 9.960856099609204373e-01 2.899512123972008748e+00 9.817655734314730820e-01 5.994949494949495516e+01 7.097655708176523603e+01 2.000000000000000000e+01
2.784298562266965149e+00 1.446125549591924075e+00 2.760763516121387262e+00 8.642163480972074874e-01 6.900000000000000000e+01 8.248846012803797123e+01 2.000000000000000000e+01
2.673663068951778410e+00 1.609513704668875667e+00 2.443657744267770049e+00 7.619694596001925779e-01 7.100000000000000000e+01 8.493711515390637601e+01 2.000000000000000000e+01
4.472135954999580498e+00 3.741657386773937333e+00 3.412163117856052974e+00 9.542153971148295000e-01 5.979166666666668561e+01 7.178335456794488323e+01 2.000000000000000000e+01
4.472135954999582275e+00 2.236067977499786696e+00 3.898717737923584892e+00 8.744990461578411312e-01 5.756410256410256210e+01 6.837812086864005323e+01 2.000000000000000000e+01
2.692173218196956874e+00 9.330329915368058558e-01 2.792153233945510848e+00 7.588932053328663052e-01 7.075000000000000000e+01 8.303497826369611801e+01 2.000000000000000000e+01
4.472135954999580498e+00 2.645751311064587163e+00 3.422613871631696725e+00 7.330582112467166622e-01 6.650000000000000000e+01 7.820775727617858308e+01 2.000000000000000000e+01
2.692173218196956874e+00 1.022565182563572206e+00 2.712972397238559541e+00 9.395240969057604419e-01 6.400000000000000000e+01 7.593512947817468728e+01 2.000000000000000000e+01
4.472135954999583163e+00 2.999999999999998668e+00 3.559026084010436186e+00 7.682200148135828188e-01 6.531250000000000000e+01 7.922758166225975174e+01 2.000000000000000000e+01
4.472135954999582275e+00 2.449489742783173885e+00 3.214550253664317570e+00 8.950270085624604244e-01 6.850000000000000000e+01 8.242139752046753642e+01 2.000000000000000000e+01
4.472135954999582275e+00 2.645751311064586275e+00 3.946064947695182124e+00 8.707096124591874320e-01 6.410256410256410220e+01 7.880626225644130045e+01 2.000000000000000000e+01
2.784298562266965149e+00 1.720142020002153549e+00 2.551188320788739805e+00 8.051334166733975506e-01 7.222222222222221433e+01 8.873587363960811558e+01 2.000000000000000000e+01
2.741707525891506236e+00 1.258925411794166838e+00 2.749781956813423633e+00 7.452482341165356239e-01 8.075000000000000000e+01 9.791001440395926636e+01 2.000000000000000000e+01
4.472135954999580498e+00 2.645751311064588496e+00 3.316624790355399366e+00 7.896600857648727878e-01 6.550000000000000000e+01 7.757505184502774398e+01 2.000000000000000000e+01
4.472135954999580498e+00 3.316624790355394481e+00 3.464101615137754830e+00 8.684792446005952238e-01 6.487179487179487580e+01 7.856353890491533321e+01 2.000000000000000000e+01
2.741707525891506236e+00 1.588458905173354641e+00 2.573075531610143241e+00 8.493902256690027963e-01 6.531250000000001421e+01 7.979867673235442282e+01 2.000000000000000000e+01
4.472135954999580498e+00 2.236067977499787141e+00 4.000000000000000000e+00 9.680640096277414175e-01 5.877551020408164106e+01 7.204079954958480414e+01 2.000000000000000000e+01
4.472135954999582275e+00 2.645751311064586275e+00 3.872983346207416577e+00 8.120933601605961893e-01 6.256410256410257631e+01 7.674803328070048281e+01 2.000000000000000000e+01
4.472135954999580498e+00 2.449489742783176105e+00 3.582364210034112872e+00 8.152206250764872930e-01 6.313131313131312794e+01 7.578462982152264260e+01 2.000000000000000000e+01
2.741707525891506236e+00 1.390389170315909029e+00 2.795334913122479836e+00 8.621723758050010566e-01 6.540404040404040131e+01 7.866744545086406504e+01 2.000000000000000000e+01
4.472135954999580498e+00 2.449489742783174773e+00 3.807886552931953883e+00 7.303879274782986153e-01 7.100000000000000000e+01 8.538292769613023836e+01 2.000000000000000000e+01
4.472135954999582275e+00 2.645751311064588940e+00 4.017817460121495543e+00 8.454358782525216442e-01 6.198979591836735636e+01 7.689776086610584116e+01 2.000000000000000000e+01
2.741707525891506236e+00 1.258925411794167504e+00 2.689101881915943348e+00 8.256339122248694817e-01 6.267676767676767469e+01 7.535796690862824221e+01 2.000000000000000000e+01
4.472135954999582275e+00 3.162277660168374194e+00 3.794733192202054628e+00 9.540786223460565596e-01 5.979166666666668561e+01 7.306722643245205973e+01 2.000000000000000000e+01
2.692173218196956874e+00 1.022565182563572650e+00 2.759459322922429347e+00 7.834455754224355362e-01 7.005050505050506615e+01 8.350556304948371178e+01 2.000000000000000000e+01
4.472135954999580498e+00 3.464101615137752166e+00 3.547299442298793792e+00 9.172103597084946269e-01 6.182051282051281049e+01 7.588276510834907640e+01 2.000000000000000000e+01
4.472135954999580498e+00 2.828427124746185406e+00 3.657184709581947857e+00 8.537798045608852027e-01 5.987179487179486159e+01 7.104764432421565346e+01 2.000000000000000000e+01
4.472135954999582275e+00 2.999999999999997780e+00 3.543381937578217844e+00 7.896716756136090698e-01 6.822916666666667140e+01 8.497572642303863688e+01 2.000000000000000000e+01
4.472135954999580498e+00 2.828427124746188071e+00 3.482097069296030689e+00 7.560835875594420497e-01 6.722222222222221433e+01 8.173485339539554673e+01 2.000000000000000000e+01
4.472135954999582275e+00 1.732050807568874751e+00 3.741657386773939997e+00 1.019208571652695294e+00 7.512500000000000000e+01 8.935569435732250554e+01 2.000000000000000000e+01
4.472135954999582275e+00 2.645751311064585831e+00 3.644957377763735629e+00 8.555914256469399071e-01 6.197916666666666430e+01 7.334864398179134071e+01 2.000000000000000000e+01
2.692173218196956874e+00 1.559760288918354165e+00 2.483286038192243250e+00 8.400541259133607053e-01 6.404040404040404155e+01 7.728005475796555857e+01 2.000000000000000000e+01
2.741707525891506236e+00 1.474564000317750256e+00 2.841339184852489819e+00 8.119669778862943499e-01 7.085858585858585457e+01 8.705099392677537651e+01 2.000000000000000000e+01
4.472135954999580498e+00 2.236067977499788473e+00 4.123105625617659697e+00 7.390395055385469147e-01 6.656250000000000000e+01 8.274103115652617646e+01 2.000000000000000000e+01
2.741707525891506236e+00 1.513331440538912664e+00 2.707872892327723768e+00 8.173872424172090589e-01 6.767676767676769600e+01 8.161395185827295506e+01 2.000000000000000000e+01
2.784298562266965149e+00 1.552714227474953024e+00 2.575317213483049539e+00 7.870181894010065404e-01 6.114583333333333570e+01 7.290591190036172975e+01 2.000000000000000000e+01
2.741707525891506236e+00 1.041379743992409956e+00 2.735553044118966604e+00 7.728310566402523119e-01 7.637500000000000000e+01 9.124929910594447335e+01 2.000000000000000000e+01
4.472135954999580498e+00 2.449489742783173885e+00 3.628590176179539828e+00 7.437384869287537725e-01 7.727272727272726627e+01 9.411914223136066937e+01 2.000000000000000000e+01
4.472135954999582275e+00 2.999999999999995559e+00 3.448026810929532449e+00 9.723327225991362788e-01 5.627551020408164106e+01 6.691694590657635899e+01 2.000000000000000000e+01
4.472135954999580498e+00 2.449489742783175661e+00 3.829708431025353743e+00 9.008724820804085986e-01 5.615384615384614619e+01 6.738875275343802684e+01 2.000000000000000000e+01
2.741707525891506236e+00 1.474564000317750256e+00 2.647925121079936162e+00 7.491996096656978743e-01 6.449494949494949481e+01 7.753388353104163855e+01 2.000000000000000000e+01
4.472135954999580498e+00 2.645751311064588052e+00 3.703280399090204345e+00 8.138683587717514545e-01 6.197916666666667140e+01 7.326762852992816022e+01 2.000000000000000000e+01
2.741707525891506236e+00 1.091493425617896751e+00 2.692173218196956430e+00 8.529718245607385008e-01 6.267676767676766048e+01 7.275425716962629963e+01 2.000000000000000000e+01
4.472135954999580498e+00 3.162277660168379967e+00 3.449637662132067462e+00 8.226223582231243503e-01 6.781249999999998579e+01 8.385067563609018748e+01 2.000000000000000000e+01
4.472135954999580498e+00 3.316624790355398478e+00 3.541956316141483541e+00 9.042949932797532675e-01 6.234693877551019625e+01 7.401660129820928091e+01 2.000000000000000000e+01
4.472135954999580498e+00 3.605551275463986460e+00 3.519178225753193168e+00 9.130511840116779521e-01 6.415384615384616041e+01 7.924274641692210253e+01 2.000000000000000000e+01
2.692173218196956874e+00 1.156650956892014914e+00 2.590475147211582563e+00 9.417731936379405422e-01 6.200000000000000000e+01 7.288106545705394979e+01 2.000000000000000000e+01
2.692173218196956874e+00 1.022565182563572650e+00 2.632764408668474498e+00 7.833683605546118978e-01 7.171717171717172334e+01 8.583911592656714618e+01 2.000000000000000000e+01
2.632764408668474498e+00 8.705505632961236806e-01 2.677115231402630080e+00 1.022276303487854143e+00 5.813131313131314215e+01 6.827009925959920622e+01 2.000000000000000000e+01
2.632764408668475387e+00 1.208901382091162713e+00 2.586457910240439695e+00 7.411320096975360094e-01 7.387500000000000000e+01 8.667396348834301989e+01 2.000000000000000000e+01
4.472135954999580498e+00 2.828427124746187626e+00 3.807886552931952995e+00 8.586567449712312339e-01 5.984693877551022467e+01 7.296776606100929996e+01 2.000000000000000000e+01
4.472135954999580498e+00 3.316624790355393593e+00 3.655630775069654614e+00 9.459848961647517873e-01 5.854166666666668561e+01 7.131363187441596097e+01 2.000000000000000000e+01
2.692173218196956874e+00 1.156650956892014914e+00 2.664069015790948125e+00 9.440814600807936330e-01 7.227272727272728048e+01 8.718684717611739643e+01 2.000000000000000000e+01
4.472135954999580498e+00 3.316624790355398478e+00 3.464101615137753942e+00 9.014020099144333109e-01 6.020408163265306456e+01 7.210489693926336940e+01 2.000000000000000000e+01
2.632764408668474498e+00 1.024409353161412017e+00 2.770747009877940314e+00 8.814913286844148210e-01 6.800000000000000000e+01 8.173261544020532199e+01 2.000000000000000000e+01
4.472135954999582275e+00 2.449489742783173885e+00 3.511884584284246547e+00 9.294503208807689543e-01 6.900000000000000000e+01 8.385110226496250618e+01 2.000000000000000000e+01
4.472135954999583163e+00 2.828427124746188071e+00 3.372684390808009081e+00 7.842432076912713157e-01 6.222222222222222854e+01 7.311467493394292205e+01 2.000000000000000000e+01
2.692173218196956874e+00 9.960856099609212144e-01 2.767963714963220134e+00 9.526769617625121533e-01 7.575000000000000000e+01 8.959916049209330424e+01 2.000000000000000000e+01
4.472135954999582275e+00 3.162277660168375526e+00 3.701351104664349023e+00 8.793301774227506584e-01 6.082051282051282470e+01 7.519182959860263793e+01 2.000000000000000000e+01
2.741707525891506236e+00 1.116123174033903265e+00 2.784298562266965149e+00 8.416785541565406925e-01 6.131313131313132203e+01 7.150231344298263991e+01 2.000000000000000000e+01
2.741707525891506236e+00 1.761729589872043533e+00 2.570264151725888180e+00 8.814227576831321631e-01 6.179487179487178850e+01 7.437765457778066036e+01 2.000000000000000000e+01
2.692173218196956874e+00 9.669125483457490233e-01 2.763740958436631701e+00 1.019864738620260614e+00 6.782828282828282340e+01 8.055598626538063911e+01 2.000000000000000000e+01
4.472135954999580498e+00 2.828427124746187182e+00 3.640054944640259027e+00 7.897858339783602188e-01 6.447916666666665719e+01 7.886207950216093820e+01 2.000000000000000000e+01
4.472135954999582275e+00 3.162277660168375526e+00 3.577708763999663422e+00 9.384804725534771075e-01 5.782051282051281049e+01 7.010395550528032516e+01 2.000000000000000000e+01
2.632764408668474498e+00 1.842134140140611720e+00 2.550849001251581871e+00 9.511022542772502586e-01 5.979166666666668561e+01 7.349310416406666491e+01 2.000000000000000000e+01
4.472135954999580498e+00 3.162277660168378191e+00 3.420526275297414376e+00 9.086610422114529406e-01 6.064102564102564941e+01 7.163990984690491359e+01 2.000000000000000000e+01
4.472135954999580498e+00 2.999999999999995559e+00 3.559026084010436186e+00 8.331898525024085123e-01 6.064102564102564230e+01 7.294646119060828937e+01 2.000000000000000000e+01
4.472135954999580498e+00 3.316624790355393593e+00 3.692744729379981994e+00 9.475168442839838612e-01 5.947916666666668561e+01 7.309767368215435113e+01 2.000000000000000000e+01
4.472135954999580498e+00 2.999999999999994671e+00 3.620926830400071683e+00 8.679679667511202013e-01 6.256410256410256210e+01 7.498266662568433105e+01 2.000000000000000000e+01
4.472135954999580498e+00 3.464101615137752166e+00 3.651483716701107163e+00 9.030437923460244987e-01 6.482051282051281760e+01 8.053736784061010212e+01 2.000000000000000000e+01
4.472135954999582275e+00 2.999999999999997780e+00 3.829708431025352855e+00 8.985026458388966075e-01 6.082051282051281049e+01 7.541161708797517349e+01 2.000000000000000000e+01
4.472135954999582275e+00 2.645751311064585831e+00 3.605551275463988237e+00 7.849687995122682782e-01 6.767676767676768179e+01 8.156727095193353705e+01 2.000000000000000000e+01
2.692173218196956874e+00 1.760399706158279454e+00 2.481892345748478057e+00 8.339647780008941913e-01 7.239583333333334281e+01 9.121480297156222150e+01 2.000000000000000000e+01
2.692173218196956874e+00 1.315976601735090235e+00 2.595318618018767065e+00 8.380094776252189348e-01 5.947916666666666430e+01 7.129078809854122767e+01 2.000000000000000000e+01
4.472135954999580498e+00 2.645751311064588496e+00 3.927922024247862076e+00 8.901411391043556609e-01 5.715384615384614619e+01 6.912417116131409500e+01 2.000000000000000000e+01
4.472135954999583163e+00 3.464101615137753942e+00 3.500000000000000444e+00 8.892212431238486481e-01 6.413265306122448806e+01 7.829856309860269903e+01 2.000000000000000000e+01
4.472135954999580498e+00 2.645751311064588496e+00 3.722518348798681043e+00 7.896716782019432834e-01 6.281250000000000000e+01 7.492810726740670191e+01 2.000000000000000000e+01
4.472135954999580498e+00 2.999999999999994671e+00 3.480102169636849485e+00 8.514731247006663839e-01 6.447916666666665719e+01 7.740757435477011938e+01 2.000000000000000000e+01
4.472135954999580498e+00 2.645751311064586275e+00 3.817254061682111121e+00 7.995401881825577872e-01 7.040404040404040131e+01 8.627336687596286424e+01 2.000000000000000000e+01
2.741707525891506236e+00 1.066799149938663094e+00 2.943350502542443348e+00 7.913519528504243672e-01 6.900000000000000000e+01 8.236511614896066646e+01 2.000000000000000000e+01
2.741707525891506236e+00 1.578436529997654159e+00 2.439233527838623239e+00 8.092881748341326231e-01 6.858585858585857409e+01 8.393982853937137634e+01 2.000000000000000000e+01
2.692173218196956874e+00 1.828011299142141111e+00 2.599680649522470688e+00 8.711601755295070859e-01 6.564102564102563520e+01 8.140031672623169356e+01 2.000000000000000000e+01
2.632764408668474498e+00 9.455754653426555745e-01 2.684380571092706447e+00 9.817684924580158956e-01 6.040404040404040131e+01 7.199824125297637067e+01 2.000000000000000000e+01
2.692173218196956874e+00 1.501338870540508186e+00 2.742394177554198009e+00 7.467223663652780008e-01 6.994949494949491964e+01 8.684949825459517569e+01 2.000000000000000000e+01
4.472135954999580498e+00 2.999999999999994671e+00 3.741657386773940885e+00 8.597945966887556857e-01 6.564102564102563520e+01 8.110274735784395261e+01 2.000000000000000000e+01
2.692173218196956874e+00 1.269927290171857015e+00 2.783102285109423146e+00 8.152988107176895038e-01 6.404040404040405576e+01 7.668925838582632082e+01 2.000000000000000000e+01
2.692173218196956874e+00 9.960856099609204373e-01 2.663957245832888621e+00 8.105231876850395034e-01 5.994949494949494095e+01 7.091264575712628471e+01 2.000000000000000000e+01
4.472135954999582275e+00 2.828427124746186294e+00 3.937003937005904231e+00 8.940975928614453005e-01 6.377551020408165527e+01 7.914926439369044431e+01 2.000000000000000000e+01
2.741707525891506236e+00 1.116123174033903931e+00 2.632764408668475387e+00 8.545979653559359068e-01 5.947916666666667140e+01 6.975769384816076979e+01 2.000000000000000000e+01
2.692173218196956874e+00 1.485990148839640090e+00 2.623278090739513679e+00 8.713968717310863754e-01 6.217948717948716819e+01 7.598721733945396295e+01 2.000000000000000000e+01
4.472135954999580498e+00 3.316624790355393593e+00 3.529099807960303981e+00 8.654422410751378969e-01 6.833333333333334281e+01 8.534570520819900707e+01 2.000000000000000000e+01
2.632764408668474498e+00 9.999999999999991118e-01 2.663957245832888621e+00 9.743571635424114197e-01 6.850000000000000000e+01 8.232738820389083401e+01 2.000000000000000000e+01
4.472135954999580498e+00 2.999999999999998668e+00 3.872983346207417465e+00 9.166069030056862577e-01 6.148717948717947479e+01 7.582366071897388338e+01 2.000000000000000000e+01
4.472135954999580498e+00 2.828427124746185406e+00 3.774917217635373579e+00 8.785580675674380391e-01 6.294871794871795601e+01 7.525278664459783329e+01 2.000000000000000000e+01
4.472135954999582275e+00 2.645751311064585831e+00 3.401680257083044445e+00 9.056755884293978820e-01 6.494949494949493385e+01 7.867572402115324337e+01 2.000000000000000000e+01
2.692173218196956874e+00 1.760399706158279454e+00 2.481892345748478057e+00 8.889515503546935316e-01 6.413265306122448806e+01 7.933116591320037969e+01 2.000000000000000000e+01
4.472135954999580498e+00 3.605551275463986460e+00 3.362691229906829449e+00 9.415658157945868689e-01 5.915384615384614619e+01 7.081251822018494124e+01 2.000000000000000000e+01
2.692173218196956874e+00 1.315976601735090679e+00 2.407845129681696950e+00 9.215403866879212647e-01 7.338383838383840896e+01 8.910975215372397429e+01 2.000000000000000000e+01
2.632764408668474498e+00 1.078712898924164554e+00 2.679340013445066671e+00 9.523757956162353100e-01 6.222222222222222854e+01 7.490628353932139305e+01 2.000000000000000000e+01
4.472135954999580498e+00 2.828427124746184518e+00 3.427827300200521066e+00 7.904407348885158502e-01 6.631313131313132203e+01 8.057474822042652818e+01 2.000000000000000000e+01
2.741707525891506236e+00 1.402938996630660684e+00 2.507481144721298350e+00 8.124900439590796442e-01 5.947916666666667140e+01 7.102182524320875245e+01 2.000000000000000000e+01
4.472135954999580498e+00 3.464101615137748613e+00 3.674234614174767266e+00 9.473728624719314206e-01 6.166666666666668561e+01 7.587417741683094619e+01 2.000000000000000000e+01
2.692173218196956874e+00 9.669125483457490233e-01 2.766763121594276065e+00 7.681368659319992576e-01 7.325000000000000000e+01 8.665726394318787129e+01 2.000000000000000000e+01
2.821727026320927312e+00 1.517600638450137929e+00 2.788803003030121630e+00 8.164865093891167103e-01 6.494949494949493385e+01 7.833996926709552611e+01 2.000000000000000000e+01
4.472135954999582275e+00 2.449489742783176993e+00 4.020779360604938013e+00 8.584410868627578850e-01 5.948979591836735636e+01 7.249190613081073309e+01 2.000000000000000000e+01
4.472135954999582275e+00 2.999999999999998668e+00 3.785938897200182396e+00 8.553433603899370796e-01 6.910256410256407378e+01 8.621018667668604962e+01 2.000000000000000000e+01
2.692173218196956874e+00 1.663226904076886781e+00 2.657865406036140854e+00 9.041115825302818987e-01 6.163265306122449516e+01 7.529081616921818920e+01 2.000000000000000000e+01
4.472135954999580498e+00 2.828427124746184074e+00 3.872983346207417465e+00 9.285937464421138987e-01 5.882051282051283181e+01 7.151843691205779407e+01 2.000000000000000000e+01
4.472135954999580498e+00 2.645751311064586275e+00 3.565709706956767810e+00 8.019646053696077859e-01 6.449494949494949481e+01 7.737558874471606885e+01 2.000000000000000000e+01
2.692173218196956874e+00 1.639127752734869103e+00 2.656402479886668555e+00 7.896716912283127110e-01 6.614583333333334281e+01 8.117203921486927243e+01 2.000000000000000000e+01
4.472135954999580498e+00 3.162277660168378191e+00 3.563705936241091887e+00 8.733834792430991145e-01 6.410256410256408799e+01 7.796151059247920045e+01 2.000000000000000000e+01
4.472135954999582275e+00 2.828427124746187182e+00 3.952847075210473626e+00 9.485846417082159920e-01 5.681818181818184144e+01 6.963236539536650582e+01 2.000000000000000000e+01
2.692173218196956874e+00 1.408277073808384516e+00 2.850671177054918903e+00 7.823864274092434679e-01 6.813131313131314926e+01 8.366031668491054063e+01 2.000000000000000000e+01
4.472135954999580498e+00 2.645751311064588052e+00 3.722518348798681043e+00 7.915814364645722412e-01 6.239583333333333570e+01 7.534969308823973222e+01 2.000000000000000000e+01
2.741707525891506236e+00 1.513331440538913775e+00 2.741781771422107994e+00 7.058434852318480335e-01 7.400000000000000000e+01 9.140712371972659867e+01 2.000000000000000000e+01
4.472135954999582275e+00 2.449489742783174329e+00 3.937003937005905119e+00 8.254086092521673024e-01 6.141025641025641590e+01 7.467674016543558935e+01 2.000000000000000000e+01
4.472135954999580498e+00 2.645751311064588052e+00 3.817254061682111121e+00 8.494297514140735084e-01 6.447916666666667140e+01 7.731870193498308197e+01 2.000000000000000000e+01
4.472135954999580498e+00 2.645751311064588052e+00 3.664501525251617320e+00 8.087838040189186950e-01 6.072916666666667140e+01 7.154741970841375576e+01 2.000000000000000000e+01
4.472135954999580498e+00 2.449489742783173885e+00 3.240370349203929301e+00 7.895762085246941231e-01 6.782828282828282340e+01 8.025484436062511406e+01 2.000000000000000000e+01
4.472135954999582275e+00 2.999999999999998668e+00 3.605551275463989125e+00 8.878267279815409418e-01 6.294871794871795601e+01 7.624995262135831808e+01 2.000000000000000000e+01
4.472135954999580498e+00 2.645751311064584943e+00 3.229329872987804162e+00 7.213004216521907708e-01 7.338383838383839475e+01 8.818290671031488159e+01 2.000000000000000000e+01
4.472135954999580498e+00 2.999999999999994671e+00 3.527668414752786585e+00 8.519794133386250357e-01 6.489583333333335702e+01 7.686192336564505467e+01 2.000000000000000000e+01
4.472135954999582275e+00 2.828427124746186294e+00 3.622844186547359957e+00 8.492355494826603346e-01 6.239583333333334991e+01 7.401199164929222718e+01 2.000000000000000000e+01
4.472135954999580498e+00 3.162277660168378191e+00 3.633180424916989004e+00 8.651508101657483518e-01 6.602564102564103621e+01 8.071800724220194923e+01 2.000000000000000000e+01
2.821727026320927312e+00 1.364661067880840184e+00 2.515147833525069654e+00 7.853808607046862678e-01 6.800000000000000000e+01 7.974499839473240570e+01 2.000000000000000000e+01
4.472135954999580498e+00 2.449489742783174773e+00 3.829708431025352855e+00 7.025538822973326214e-01 7.200000000000000000e+01 8.630548052533058012e+01 2.000000000000000000e+01
2.784298562266965149e+00 1.411988161152728072e+00 2.612843410707518021e+00 8.691936284189463180e-01 6.406249999999998579e+01 7.583241396647289889e+01 2.000000000000000000e+01
2.692173218196956874e+00 9.960856099609202152e-01 2.698096827938997411e+00 9.015739161659347412e-01 6.300000000000000000e+01 7.505360081543091155e+01 2.000000000000000000e+01
4.472135954999580498e+00 2.828427124746185406e+00 3.824264635194587925e+00 8.654718914035659516e-01 6.448717948717947479e+01 7.924934616582150682e+01 2.000000000000000000e+01
2.741707525891506236e+00 1.014412963773229759e+00 2.632764408668475831e+00 7.209938575590914001e-01 6.838383838383839475e+01 8.095780567889671886e+01 2.000000000000000000e+01
4.472135954999580498e+00 2.449489742783172996e+00 3.719318934070232174e+00 7.077887371426481167e-01 7.050000000000000000e+01 8.508637769940550299e+01 2.000000000000000000e+01
2.692173218196956874e+00 1.120688723845648660e+00 2.632764408668475387e+00 9.237982647872248210e-01 6.056122448979593997e+01 7.152696275943112880e+01 2.000000000000000000e+01
4.472135954999582275e+00 2.999999999999997780e+00 3.448026810929532449e+00 7.905229653265101186e-01 6.489583333333332860e+01 7.916611003465239094e+01 2.000000000000000000e+01
4.472135954999582275e+00 2.828427124746187182e+00 3.856812155135378450e+00 8.133132458308169888e-01 6.833333333333334281e+01 8.576768917997456754e+01 2.000000000000000000e+01
2.741707525891506236e+00 1.588458905173353530e+00 2.634757662530909261e+00 8.031651896341267527e-01 6.904040404040404155e+01 8.422223385495962589e+01 2.000000000000000000e+01
4.472135954999580498e+00 1.732050807568876305e+00 3.696845502136473449e+00 1.021686513195954937e+00 6.600000000000000000e+01 7.954451834803960253e+01 2.000000000000000000e+01
4.472135954999580498e+00 3.605551275463987349e+00 3.385489397640828013e+00 9.930653767407070509e-01 5.729166666666668561e+01 6.877098367057077155e+01 2.000000000000000000e+01
2.784298562266965149e+00 1.313383813608089756e+00 2.643800225065067178e+00 6.449031832993871172e-01 7.825000000000000000e+01 9.412360452328231020e+01 2.000000000000000000e+01
2.784298562266965149e+00 1.789097165857947536e+00 2.632386110562253023e+00 8.732821400280369462e-01 6.294871794871796311e+01 7.635626675432938271e+01 2.000000000000000000e+01
2.692173218196956874e+00 1.333483810274574299e+00 2.612843410707517577e+00 8.492844041025788826e-01 6.656249999999997158e+01 8.038849174894198768e+01 2.000000000000000000e+01
2.692173218196956874e+00 1.408277073808382074e+00 2.613396411805234187e+00 7.463291036529150491e-01 7.949494949494950902e+01 9.817708882638844159e+01 2.000000000000000000e+01
2.741707525891506236e+00 1.588458905173354641e+00 2.519130570357999144e+00 8.219541400685795862e-01 6.322916666666667140e+01 7.659176175794566177e+01 2.000000000000000000e+01
4.472135954999582275e+00 2.999999999999997780e+00 3.741657386773942218e+00 9.363076915200676531e-01 5.882051282051281049e+01 7.148540662646585986e+01 2.000000000000000000e+01
4.472135954999580498e+00 2.645751311064588496e+00 3.891382420536065645e+00 8.167926428831892016e-01 6.739583333333334281e+01 8.346117485972676775e+01 2.000000000000000000e+01
4.472135954999580498e+00 1.999999999999997780e+00 3.741657386773940885e+00 1.028179236172932054e+00 5.377551020408164106e+01 6.282784042712181360e+01 2.000000000000000000e+01
4.472135954999582275e+00 3.605551275463985572e+00 3.626823148961934251e+00 9.337439199645515275e-01 6.354166666666668561e+01 7.929175024237807179e+01 2.000000000000000000e+01
2.741707525891506236e+00 1.402938996630661128e+00 2.485124682484524339e+00 7.665560835026370423e-01 6.267676767676767469e+01 7.412815745306949111e+01 2.000000000000000000e+01
4.472135954999580498e+00 3.464101615137751278e+00 3.523729085310995490e+00 8.995668965201898404e-01 6.520408163265305745e+01 7.930166887965897615e+01 2.000000000000000000e+01
2.692173218196956874e+00 9.960856099609207703e-01 2.722856801447828712e+00 8.757749128719823917e-01 5.679487179487178850e+01 6.709994309038779647e+01 2.000000000000000000e+01
4.472135954999580498e+00 2.645751311064588496e+00 3.295017884191657309e+00 9.286318757785801958e-01 6.114583333333332860e+01 7.299591008394315850e+01 2.000000000000000000e+01
2.784298562266965149e+00 1.278482179794167006e+00 2.614148678160328476e+00 7.786656096392046145e-01 6.616161616161616621e+01 7.742216317137884118e+01 2.000000000000000000e+01
2.784298562266965149e+00 1.729972565554077191e+00 2.497425479705273954e+00 8.334065679922526559e-01 6.781250000000000000e+01 8.276744778645914380e+01 2.000000000000000000e+01
2.692173218196956874e+00 1.269927290171857015e+00 2.682302276593459212e+00 9.033759854619177743e-01 6.404040404040404155e+01 7.739744844150884262e+01 2.000000000000000000e+01
2.632764408668474498e+00 1.515716566510397545e+00 2.571902603562938872e+00 7.897054824366646075e-01 6.822916666666665719e+01 8.478507833699846685e+01 2.000000000000000000e+01
4.472135954999582275e+00 2.449489742783174773e+00 3.915780041490241725e+00 7.896868692204708218e-01 6.572916666666667140e+01 7.823566593547468528e+01 2.000000000000000000e+01
2.741707525891506236e+00 1.116123174033904597e+00 2.935413998390361101e+00 9.368869971598426938e-01 5.770408163265307877e+01 6.832834816972801661e+01 2.000000000000000000e+01
4.472135954999580498e+00 2.645751311064588052e+00 3.798495942945238291e+00 7.856521980045566567e-01 6.364583333333333570e+01 7.690119237790315765e+01 2.000000000000000000e+01
4.472135954999580498e+00 3.316624790355396701e+00 3.643175438093432028e+00 9.289146256807138125e-01 6.115384615384616041e+01 7.454917593610326776e+01 2.000000000000000000e+01
2.692173218196956874e+00 1.022565182563572650e+00 2.735553044118966604e+00 7.901404617617732162e-01 7.005050505050505194e+01 8.412127465744893584e+01 2.000000000000000000e+01
4.472135954999580498e+00 2.828427124746187626e+00 3.570714214271425213e+00 7.878314788262493762e-01 6.239583333333332860e+01 7.445752528907078727e+01 2.000000000000000000e+01
4.472135954999580498e+00 2.828427124746189403e+00 3.316624790355399366e+00 8.294345020057949380e-01 6.950000000000000000e+01 8.244061480721819635e+01 2.000000000000000000e+01
2.692173218196956874e+00 9.669125483457483572e-01 2.838885598750114703e+00 9.670764320641607181e-01 6.450000000000000000e+01 7.596227607854407893e+01 2.000000000000000000e+01
4.472135954999580498e+00 2.449489742783176105e+00 3.807886552931953883e+00 7.503916510498941372e-01 6.585858585858586878e+01 7.727019965733006757e+01 2.000000000000000000e+01
2.692173218196956874e+00 1.022565182563571540e+00 2.741707525891506236e+00 8.604861043905185358e-01 7.825000000000000000e+01 9.374442641538026066e+01 2.000000000000000000e+01
4.472135954999580498e+00 2.236067977499786252e+00 3.714835124201341987e+00 8.745919712610371599e-01 6.404040404040402734e+01 7.729269669809515619e+01 2.000000000000000000e+01
2.741707525891506236e+00 1.822827207868279897e+00 2.558892018499889343e+00 8.652842877175594971e-01 6.448717948717948900e+01 7.907593141119824054e+01 2.000000000000000000e+01
4.472135954999582275e+00 3.162277660168374194e+00 3.754996671103716377e+00 8.514054878214870614e-01 7.141025641025640880e+01 8.996416309524478550e+01 2.000000000000000000e+01
2.692173218196956874e+00 1.549918987548336569e+00 2.608409374656931234e+00 8.504078749343545462e-01 6.217948717948717530e+01 7.561782920497506666e+01 2.000000000000000000e+01
4.472135954999580498e+00 1.999999999999997558e+00 4.092676385936225181e+00 8.178494173638197751e-01 6.813131313131313505e+01 8.393175817868764454e+01 2.000000000000000000e+01
2.632764408668474498e+00 9.999999999999996669e-01 2.632764408668474498e+00 9.488998075664440979e-01 5.906250000000000000e+01 7.036828898789420350e+01 2.000000000000000000e+01
2.692173218196956874e+00 1.674779944833200807e+00 2.590475147211582563e+00 8.457928258963862689e-01 6.906250000000000000e+01 8.646842141827968931e+01 2.000000000000000000e+01
4.472135954999580498e+00 3.316624790355398478e+00 3.554766326548572053e+00 9.039693595924548353e-01 6.270408163265306456e+01 7.473162563397076497e+01 2.000000000000000000e+01
4.472135954999580498e+00 2.236067977499788473e+00 4.219004621945797950e+00 9.193094908205061699e-01 5.729166666666667140e+01 7.036352513224348115e+01 2.000000000000000000e+01
4.472135954999580498e+00 2.828427124746187182e+00 3.535533905932737753e+00 8.824236154741147420e-01 6.281250000000001421e+01 7.517552947809060981e+01 2.000000000000000000e+01
4.472135954999580498e+00 3.316624790355393593e+00 3.643175438093432028e+00 8.831830272908315349e-01 6.556122448979594708e+01 8.111308709310786469e+01 2.000000000000000000e+01
2.692173218196956874e+00 1.302005454317466837e+00 2.633841240890764546e+00 7.752018488300597143e-01 7.100000000000000000e+01 8.682548673481056767e+01 2.000000000000000000e+01
4.472135954999582275e+00 3.464101615137751278e+00 3.415650255319865547e+00 9.501843862587814327e-01 5.848717948717948190e+01 6.995411338312618454e+01 2.000000000000000000e+01
4.472135954999580498e+00 2.645751311064587163e+00 3.380617018914065852e+00 7.455132476066351765e-01 6.600000000000000000e+01 7.800954906211383388e+01 2.000000000000000000e+01
4.472135954999583163e+00 3.162277660168372861e+00 3.535533905932737753e+00 8.776344051048072803e-01 6.294871794871792048e+01 7.507724269311465548e+01 2.000000000000000000e+01
4.472135954999582275e+00 2.236067977499787141e+00 3.974921382870358233e+00 7.913170118366165129e-01 6.239583333333333570e+01 7.578677210896819361e+01 2.000000000000000000e+01
4.472135954999582275e+00 2.999999999999997780e+00 3.666666666666666075e+00 9.209246895002587419e-01 5.748717948717948190e+01 6.944442992483720900e+01 2.000000000000000000e+01
2.692173218196956874e+00 1.729900499877865316e+00 2.595773236462134204e+00 8.002642863631651560e-01 7.031250000000001421e+01 8.636607145195085877e+01 2.000000000000000000e+01
4.472135954999580498e+00 2.236067977499786696e+00 4.098780306383840610e+00 7.821486408599553908e-01 6.179487179487178850e+01 7.583536266944949489e+01 2.000000000000000000e+01
4.472135954999582275e+00 3.464101615137752166e+00 3.391164991562634512e+00 9.220673466850748401e-01 6.234693877551022467e+01 7.514563505974963675e+01 2.000000000000000000e+01
4.472135954999582275e+00 3.316624790355396701e+00 3.655630775069654614e+00 9.215922888583170103e-01 6.215384615384614619e+01 7.729358760043356824e+01 2.000000000000000000e+01
4.472135954999580498e+00 3.162277660168373306e+00 3.563705936241090999e+00 8.702106411571453037e-01 6.525641025641026260e+01 7.979328876300573370e+01 2.000000000000000000e+01
4.472135954999583163e+00 2.999999999999998668e+00 3.636237371545238961e+00 8.343715586605220391e-01 6.697916666666665719e+01 8.119320702969959314e+01 2.000000000000000000e+01
4.472135954999582275e+00 3.162277660168375082e+00 3.605551275463988237e+00 9.098542121342425570e-01 6.198979591836735636e+01 7.553393364597175719e+01 2.000000000000000000e+01
2.673663068951778410e+00 1.437967862444921918e+00 2.519480287052225265e+00 7.971203084224384172e-01 6.838383838383839475e+01 8.144078007464807456e+01 2.000000000000000000e+01
2.673663068951778410e+00 1.491016352519212607e+00 2.564062914526650694e+00 6.609977665992458062e-01 7.616161616161615200e+01 9.323021497520817036e+01 2.000000000000000000e+01
2.692173218196956874e+00 1.484806558294480938e+00 2.602401719372243072e+00 8.303570669263917736e-01 6.572916666666667140e+01 8.033548110796706965e+01 2.000000000000000000e+01
4.472135954999580498e+00 3.464101615137752166e+00 3.547299442298793792e+00 9.289596378044021607e-01 6.182051282051282470e+01 7.424751062409052338e+01 2.000000000000000000e+01
2.692173218196956874e+00 1.377592160296180701e+00 2.329187460786704467e+00 7.485272832410831967e-01 6.585858585858586878e+01 8.080543652868971094e+01 2.000000000000000000e+01
4.472135954999580498e+00 3.605551275463985572e+00 3.573406045949825582e+00 9.746832205775857183e-01 5.887700534759360949e+01 7.249732643209854643e+01 2.000000000000000000e+01
2.784298562266965149e+00 1.133461581670697216e+00 2.809743383945848993e+00 8.307836784610893588e-01 7.060606060606062329e+01 8.429876227667901389e+01 2.000000000000000000e+01
2.632764408668475387e+00 1.273273798598673956e+00 2.529381944881190503e+00 9.724353486885993769e-01 5.614583333333333570e+01 6.552056450546737665e+01 2.000000000000000000e+01
2.741707525891506236e+00 1.513331440538912664e+00 2.704707604852734981e+00 8.501403470120856287e-01 6.631313131313132203e+01 7.991564119462599081e+01 2.000000000000000000e+01
4.472135954999582275e+00 2.449489742783174773e+00 4.000000000000000000e+00 7.854615831701968753e-01 6.906250000000000000e+01 8.530559029538967764e+01 2.000000000000000000e+01
4.472135954999580498e+00 2.645751311064587163e+00 3.505098327538656466e+00 7.546538734801695458e-01 7.050000000000000000e+01 8.489305517637605192e+01 2.000000000000000000e+01
2.741707525891506236e+00 1.258925411794166616e+00 2.544947156456229820e+00 7.727613189861550769e-01 6.893939393939395188e+01 8.130075329028731801e+01 2.000000000000000000e+01
2.692173218196956874e+00 1.501338870540508186e+00 2.777794489367480857e+00 8.254037528869236917e-01 6.141025641025641590e+01 7.519765601886567197e+01 2.000000000000000000e+01
4.472135954999582275e+00 3.464101615137751278e+00 3.582364210034113761e+00 9.255703163897582852e-01 6.348717948717948190e+01 7.746982474592229551e+01 2.000000000000000000e+01
4.472135954999582275e+00 3.162277660168374194e+00 3.521363372331802299e+00 8.553592683383942630e-01 6.756410256410256920e+01 8.369174892065808535e+01 2.000000000000000000e+01
2.632764408668474498e+00 9.124435365554813826e-01 2.648773922832580840e+00 9.988019424544798408e-01 6.949494949494950902e+01 8.240015751820084233e+01 2.000000000000000000e+01
2.784298562266965149e+00 1.379115218388651032e+00 2.612843410707518466e+00 8.193344027931842577e-01 6.114583333333332860e+01 7.246533541492357244e+01 2.000000000000000000e+01
4.472135954999582275e+00 3.741657386773939997e+00 3.525417908358019936e+00 9.720692787725546680e-01 5.975935828877005207e+01 7.347728711926988865e+01 2.000000000000000000e+01
4.472135954999580498e+00 2.645751311064585387e+00 3.982102818504672737e+00 8.793482378852000014e-01 5.848717948717947479e+01 7.157272204229968793e+01 2.000000000000000000e+01
4.472135954999580498e+00 2.449489742783173885e+00 3.511884584284245658e+00 8.064560418541815157e-01 7.616161616161616621e+01 9.270691350946714238e+01 2.000000000000000000e+01
4.472135954999582275e+00 2.828427124746185406e+00 3.553167600887973343e+00 8.103142203416591194e-01 7.176767676767676107e+01 8.942091622148545582e+01 2.000000000000000000e+01
2.741707525891506236e+00 1.434188493408613319e+00 2.546433593017501718e+00 7.418933430868477341e-01 7.227272727272726627e+01 8.642654950568760341e+01 2.000000000000000000e+01
2.741707525891506236e+00 1.528962569143730743e+00 2.553604780450708045e+00 6.889466660536770481e-01 7.838383838383839475e+01 9.660991433167404807e+01 2.000000000000000000e+01
4.472135954999580498e+00 2.999999999999998224e+00 3.366501646120692914e+00 8.401811487583801252e-01 6.072916666666667140e+01 7.179222526242919855e+01 2.000000000000000000e+01
2.741707525891506236e+00 1.472733357534688370e+00 2.661845246949908095e+00 8.598776721760444941e-01 5.717948717948717530e+01 6.766429604581735191e+01 2.000000000000000000e+01
2.673663068951778410e+00 1.293053461513084201e+00 2.418959808217592933e+00 9.354679156715876021e-01 6.150000000000000000e+01 7.223946677337109179e+01 2.000000000000000000e+01
4.472135954999582275e+00 2.645751311064585387e+00 3.817254061682111121e+00 9.454978381316861968e-01 5.615384615384616041e+01 6.767645406562594701e+01 2.000000000000000000e+01
2.784298562266965149e+00 1.278482179794167006e+00 2.613396411805234187e+00 7.787535361830175695e-01 7.005050505050506615e+01 8.291450172768593063e+01 2.000000000000000000e+01
4.472135954999580498e+00 3.162277660168379523e+00 3.521363372331801411e+00 8.346076857150223072e-01 6.822916666666665719e+01 8.409388747216262061e+01 2.000000000000000000e+01
2.632764408668474498e+00 1.347192515241476540e+00 2.845691308792748231e+00 8.586708854518573242e-01 5.948979591836734926e+01 7.313155115791175831e+01 2.000000000000000000e+01
2.741707525891506236e+00 1.258925411794166616e+00 2.763230970423582011e+00 8.174393192465985170e-01 7.116161616161616621e+01 8.578013718035914792e+01 2.000000000000000000e+01
2.692173218196956874e+00 1.549918987548337235e+00 2.719933731181292114e+00 7.503981326323435619e-01 7.085858585858585457e+01 8.789086745546073587e+01 2.000000000000000000e+01
4.472135954999582275e+00 3.162277660168374194e+00 3.549647869859769767e+00 8.553592684566988513e-01 6.833333333333331439e+01 8.533714720723257585e+01 2.000000000000000000e+01
2.692173218196956874e+00 1.199263631138163477e+00 2.612843410707518021e+00 7.904009404300009756e-01 6.404040404040404155e+01 7.723421545284924150e+01 2.000000000000000000e+01
2.741707525891506236e+00 1.969406272048080497e+00 2.517866959251937153e+00 8.654716897057962433e-01 6.833333333333332860e+01 8.408749417340733601e+01 2.000000000000000000e+01
4.472135954999582275e+00 2.828427124746187182e+00 3.774917217635375799e+00 8.623566185751371238e-01 6.371794871794872250e+01 7.749797186738969401e+01 2.000000000000000000e+01
2.692173218196956874e+00 1.199263631138165032e+00 2.699841108612897056e+00 8.258803706418637036e-01 6.550000000000000000e+01 7.802952373700925648e+01 2.000000000000000000e+01
4.472135954999580498e+00 3.316624790355393593e+00 3.205109557055307867e+00 9.434320771027865371e-01 5.833333333333333570e+01 6.814522133214943267e+01 2.000000000000000000e+01
2.784298562266965149e+00 1.411988161152727184e+00 2.811055569207730365e+00 7.080013825027938745e-01 6.850000000000000000e+01 8.211210807688424040e+01 2.000000000000000000e+01
4.472135954999580498e+00 2.449489742783176549e+00 3.872983346207417465e+00 8.993249864336779753e-01 5.627551020408163396e+01 6.662933307733625554e+01 2.000000000000000000e+01
4.472135954999580498e+00 3.162277660168373306e+00 3.741657386773942218e+00 8.521402929142711802e-01 6.987179487179487580e+01 8.771776810175408912e+01 2.000000000000000000e+01
4.472135954999580498e+00 2.999999999999998668e+00 3.785938897200182396e+00 8.455495513023956189e-01 6.556122448979593287e+01 8.220628520593214716e+01 2.000000000000000000e+01
4.472135954999582275e+00 3.872983346207416577e+00 3.473710792030140215e+00 9.664345202613381369e-01 6.093582887700535622e+01 7.504485851196027113e+01 2.000000000000000000e+01
4.472135954999580498e+00 2.449489742783175661e+00 3.937003937005905119e+00 9.273802477236087194e-01 5.548717948717948190e+01 6.586701636868278342e+01 2.000000000000000000e+01
2.784298562266965149e+00 1.789097165857947758e+00 2.485124682484524339e+00 7.998713102553656196e-01 7.222222222222221433e+01 8.893007429540107012e+01 2.000000000000000000e+01
2.692173218196956874e+00 1.022565182563572650e+00 2.678399529945766577e+00 9.215197980449417736e-01 6.838383838383839475e+01 8.104911345017397650e+01 2.000000000000000000e+01
2.741707525891506236e+00 1.474564000317750256e+00 2.671065610470671814e+00 7.503972797771758518e-01 6.585858585858585457e+01 7.922346975085324061e+01 2.000000000000000000e+01
4.472135954999580498e+00 2.645751311064586275e+00 3.338091841585120179e+00 8.543221850096753833e-01 6.131313131313132203e+01 7.274108505618654874e+01 2.000000000000000000e+01
4.472135954999580498e+00 2.828427124746184518e+00 3.409545424246462897e+00 7.607928587839518642e-01 6.449494949494949481e+01 7.687218165040188467e+01 2.000000000000000000e+01
4.472135954999580498e+00 2.999999999999998668e+00 3.887301263230200643e+00 9.154025390198009537e-01 6.182051282051282470e+01 7.653657625097177686e+01 2.000000000000000000e+01
2.692173218196956874e+00 1.446125549591924742e+00 2.745268707912623452e+00 7.503721301304968616e-01 7.040404040404040131e+01 8.652891971544630678e+01 2.000000000000000000e+01
4.472135954999580498e+00 2.828427124746187182e+00 3.535533905932737753e+00 8.087938786946784475e-01 6.197916666666666430e+01 7.308877651297815703e+01 2.000000000000000000e+01
4.472135954999582275e+00 2.828427124746187182e+00 3.657184709581948745e+00 9.086697688145132235e-01 6.102564102564102200e+01 7.310137609657388680e+01 2.000000000000000000e+01
2.692173218196956874e+00 9.669125483457480241e-01 2.632764408668474498e+00 7.854155138885370313e-01 6.358585858585856698e+01 7.485469031549538954e+01 2.000000000000000000e+01
2.632764408668474498e+00 1.095958226385217449e+00 2.722856801447829600e+00 9.721841402894476625e-01 5.989583333333333570e+01 7.211579469904407347e+01 2.000000000000000000e+01
4.472135954999582275e+00 2.645751311064586275e+00 3.982102818504672737e+00 8.104381613108424531e-01 6.564102564102563520e+01 8.178259760814601975e+01 2.000000000000000000e+01
4.472135954999582275e+00 3.162277660168374194e+00 3.405877273185279996e+00 8.283586553833505173e-01 6.294871794871794179e+01 7.648439401689111605e+01 2.000000000000000000e+01
4.472135954999580498e+00 2.645751311064590716e+00 3.891382420536067865e+00 8.660860862142729655e-01 5.913265306122449516e+01 7.105450033348887473e+01 2.000000000000000000e+01
2.709604294301976246e+00 1.455488812082601502e+00 2.576132134819916875e+00 6.647824564485617094e-01 7.171717171717173755e+01 8.492674400042434968e+01 2.000000000000000000e+01
2.632764408668474498e+00 9.999999999999996669e-01 2.741707525891507125e+00 9.527953931560344536e-01 5.822916666666668561e+01 6.975694126539463014e+01 2.000000000000000000e+01
2.741707525891506236e+00 1.669286680810465384e+00 2.721485367974755487e+00 8.492437296656871748e-01 6.656250000000001421e+01 8.144532403751907168e+01 2.000000000000000000e+01
2.692173218196956874e+00 1.760399706158280120e+00 2.562201077456654374e+00 8.663599623231631464e-01 6.794871794871795601e+01 8.435201004326981433e+01 2.000000000000000000e+01
2.784298562266965149e+00 1.552714227474953690e+00 2.462911054866826710e+00 7.546488221848086653e-01 7.000000000000000000e+01 8.404422993179967705e+01 2.000000000000000000e+01
2.632764408668474498e+00 1.121327476610844531e+00 2.632764408668474498e+00 9.528779303974223014e-01 5.913265306122449516e+01 6.904195833078826183e+01 2.000000000000000000e+01
4.472135954999583163e+00 2.999999999999998668e+00 3.511884584284246547e+00 8.654840250024302684e-01 6.364583333333332860e+01 7.422916668802010065e+01 2.000000000000000000e+01
2.741707525891506236e+00 1.091493425617896751e+00 2.741707525891506236e+00 8.825682337215515760e-01 6.267676767676766048e+01 7.401412655240282845e+01 2.000000000000000000e+01
4.472135954999582275e+00 2.645751311064588940e+00 3.683941988065035034e+00 9.039619309978890183e-01 5.948979591836735636e+01 7.281462253798777340e+01 2.000000000000000000e+01
4.472135954999580498e+00 2.449489742783172996e+00 3.605551275463989125e+00 6.610012726895783119e-01 7.393939393939395188e+01 8.766176796331700416e+01 2.000000000000000000e+01
4.472135954999580498e+00 2.449489742783172996e+00 3.582364210034112872e+00 7.076073780374038114e-01 7.000000000000000000e+01 8.487528730630295115e+01 2.000000000000000000e+01
4.472135954999580498e+00 2.236067977499786252e+00 3.633180424916989892e+00 8.752182620984024775e-01 6.550000000000000000e+01 7.792636380609577884e+01 2.000000000000000000e+01
2.632764408668474498e+00 9.741047582548547634e-01 2.717955037870737112e+00 8.504042182087646617e-01 6.600000000000000000e+01 7.930101131142789939e+01 2.000000000000000000e+01
4.472135954999582275e+00 1.732050807568876527e+00 4.358898943540673976e+00 1.021105531627797491e+00 5.534759358288771125e+01 6.735642471515132002e+01 2.000000000000000000e+01
4.472135954999583163e+00 2.828427124746188071e+00 3.316624790355399366e+00 8.130911074838884645e-01 6.085858585858586167e+01 7.090420740886592910e+01 2.000000000000000000e+01
2.784298562266965149e+00 1.575952708124078949e+00 2.743241812159171733e+00 8.150547929459261987e-01 6.676767676767676107e+01 8.025645528487090985e+01 2.000000000000000000e+01
2.692173218196956874e+00 1.269927290171857015e+00 2.742828917155477164e+00 8.805145209514211313e-01 6.404040404040404155e+01 7.781621583388559316e+01 2.000000000000000000e+01
2.741707525891506236e+00 1.650475667020467663e+00 2.573069274718132959e+00 7.411122057154682086e-01 7.176767676767676107e+01 8.886431615661960848e+01 2.000000000000000000e+01
4.472135954999580498e+00 2.645751311064588052e+00 3.760699023168053934e+00 7.900039403795077186e-01 6.322916666666666430e+01 7.650934875844781402e+01 2.000000000000000000e+01
2.784298562266965149e+00 1.361008918527886191e+00 2.641548019498351607e+00 6.610050697499204597e-01 7.060606060606062329e+01 8.341888342942193901e+01 2.000000000000000000e+01
2.741707525891506236e+00 1.705594851001678292e+00 2.606741966911927832e+00 7.946208651492684405e-01 7.267676767676763916e+01 8.981718416559110096e+01 2.000000000000000000e+01
4.472135954999580498e+00 3.162277660168378191e+00 3.577708763999662533e+00 8.679248436674301681e-01 6.487179487179486159e+01 7.863411481941571424e+01 2.000000000000000000e+01
2.692173218196956874e+00 1.833244595323423543e+00 2.588617875272761992e+00 8.703910051483374488e-01 7.025641025641024839e+01 8.855100301033999699e+01 2.000000000000000000e+01
4.472135954999580498e+00 3.316624790355393593e+00 3.424510582152247462e+00 9.315740663742706484e-01 5.984693877551019625e+01 7.200481462849215575e+01 2.000000000000000000e+01
4.472135954999582275e+00 2.828427124746187626e+00 3.840572873934304798e+00 8.888154467383602153e-01 5.882051282051282470e+01 7.234249328350439612e+01 2.000000000000000000e+01
4.472135954999582275e+00 3.741657386773939997e+00 3.474396144861517932e+00 9.410960031375483759e-01 6.197916666666668561e+01 7.687280493371910950e+01 2.000000000000000000e+01
2.692173218196956874e+00 1.333483810274575410e+00 2.772944545734271848e+00 8.837560053122336390e-01 7.200000000000000000e+01 8.843905394816177079e+01 2.000000000000000000e+01
4.472135954999582275e+00 2.999999999999997780e+00 3.231786571610885339e+00 9.309155882521078507e-01 6.031250000000001421e+01 7.213836773548447923e+01 2.000000000000000000e+01
2.741707525891506236e+00 1.196231198851314792e+00 2.763740958436631701e+00 9.485385312267461400e-01 6.222222222222222854e+01 7.385970138620537284e+01 2.000000000000000000e+01
4.472135954999580498e+00 1.732050807568875639e+00 4.203173404306165040e+00 1.015701030173351116e+00 6.404040404040404155e+01 7.765665954083085865e+01 2.000000000000000000e+01
2.692173218196956874e+00 9.960856099609203262e-01 2.660649994261971241e+00 8.890101611512576385e-01 7.005050505050506615e+01 8.294337555087686553e+01 2.000000000000000000e+01
2.784298562266965149e+00 1.361008918527887301e+00 2.409357812101196483e+00 5.497637504287871124e-01 8.377551020408162685e+01 9.903268560595022052e+01 2.000000000000000000e+01
2.692173218196956874e+00 1.146630435834119499e+00 2.663957245832888621e+00 9.485742783871186079e-01 5.822916666666666430e+01 6.783391530555705629e+01 2.000000000000000000e+01
4.472135954999582275e+00 2.645751311064586275e+00 4.035556254807296739e+00 9.191559463677408948e-01 5.791666666666667140e+01 7.117547540594752320e+01 2.000000000000000000e+01
2.692173218196956874e+00 1.071773462536292687e+00 2.917415959261756786e+00 9.635189604303158184e-01 5.602564102564102200e+01 6.605383280658239187e+01 2.000000000000000000e+01
2.741707525891506236e+00 1.513331440538913775e+00 2.671065610470672258e+00 7.551951176737256022e-01 7.000000000000000000e+01 8.439377084521942152e+01 2.000000000000000000e+01
2.673663068951778410e+00 1.475773161594551741e+00 2.672844924364923713e+00 7.223481757295855399e-01 6.650000000000000000e+01 7.978479672402330891e+01 2.000000000000000000e+01
2.741707525891506236e+00 1.761729589872041979e+00 2.656306469835987727e+00 8.369254796041812883e-01 6.947916666666668561e+01 8.617221018865888027e+01 2.000000000000000000e+01
4.472135954999582275e+00 3.162277660168374194e+00 3.728270376461449320e+00 9.174125283930590902e-01 5.822916666666668561e+01 7.116771763711086862e+01 2.000000000000000000e+01
4.472135954999580498e+00 3.316624790355393593e+00 3.567530340063377992e+00 8.922710367017890887e-01 6.377551020408164106e+01 7.904013718885234141e+01 2.000000000000000000e+01
4.472135954999582275e+00 3.464101615137751278e+00 3.651483716701108051e+00 9.029217592963505457e-01 6.515384615384616041e+01 8.139214886644076330e+01 2.000000000000000000e+01
4.472135954999580498e+00 2.449489742783172996e+00 3.605551275463988237e+00 6.610880240982909273e-01 7.338383838383839475e+01 8.867379164486411014e+01 2.000000000000000000e+01
4.472135954999582275e+00 2.999999999999997780e+00 3.590109871423002641e+00 9.731383396398914920e-01 5.582051282051282470e+01 6.651255427447478041e+01 2.000000000000000000e+01
2.632764408668474498e+00 1.048122389468957527e+00 2.776239253162349208e+00 9.385084501609680663e-01 6.950000000000000000e+01 8.362412492980347167e+01 2.000000000000000000e+01
4.472135954999582275e+00 2.828427124746187182e+00 3.889087296526011706e+00 8.612309597930070115e-01 6.717948717948716819e+01 8.277573050166694202e+01 2.000000000000000000e+01
2.692173218196956874e+00 1.047525337235330367e+00 2.729271362870655082e+00 7.908882196603822523e-01 6.893939393939395188e+01 8.167863666256262434e+01 2.000000000000000000e+01
4.472135954999580498e+00 1.999999999999996669e+00 4.031128874149273678e+00 8.750136271683720546e-01 5.794871794871795601e+01 6.928737753837923208e+01 2.000000000000000000e+01
2.741707525891506236e+00 1.066799149938663094e+00 2.894876515154982677e+00 9.028647814320209797e-01 6.350000000000000000e+01 7.524607268232107060e+01 2.000000000000000000e+01
4.472135954999582275e+00 2.828427124746186294e+00 3.905124837953326988e+00 8.444855288203664267e-01 6.270408163265307877e+01 7.781966877981696484e+01 2.000000000000000000e+01
4.472135954999582275e+00 1.999999999999996891e+00 4.092676385936225181e+00 9.747502061267699913e-01 5.448717948717947479e+01 6.491032692759031875e+01 2.000000000000000000e+01
4.472135954999582275e+00 2.645751311064586275e+00 3.872983346207415245e+00 8.242410574691844127e-01 6.448717948717950321e+01 7.964325425648749501e+01 2.000000000000000000e+01
4.472135954999582275e+00 2.236067977499783144e+00 3.435112807463533091e+00 1.007503024833866112e+00 7.393939393939395188e+01 8.868472873822770453e+01 2.000000000000000000e+01
2.741707525891506236e+00 1.866975152202277943e+00 2.504726411042221823e+00 8.333228536143415521e-01 7.239583333333332860e+01 8.978775705441769617e+01 2.000000000000000000e+01
4.472135954999582275e+00 2.645751311064585831e+00 3.835920452027871796e+00 7.896456181863104051e-01 6.781250000000001421e+01 8.408403667072325050e+01 2.000000000000000000e+01
4.472135954999580498e+00 2.449489742783176105e+00 3.605551275463989125e+00 8.065196201932616216e-01 6.131313131313132203e+01 7.199987418079571455e+01 2.000000000000000000e+01
4.472135954999580498e+00 1.732050807568875639e+00 4.203173404306165040e+00 1.015699850604682153e+00 6.404040404040404155e+01 7.765666692265732252e+01 2.000000000000000000e+01
2.741707525891506236e+00 1.066799149938663094e+00 2.833269421993310555e+00 9.026290404467646189e-01 6.350000000000000000e+01 7.474293242929512360e+01 2.000000000000000000e+01
4.472135954999580498e+00 2.828427124746188071e+00 3.674234614174767266e+00 8.015248477127036031e-01 7.176767676767676107e+01 8.911341782298849523e+01 2.000000000000000000e+01
2.692173218196956874e+00 1.639127752734869325e+00 2.452147977926490974e+00 9.260042034529561983e-01 5.770408163265306456e+01 6.863115041712129027e+01 2.000000000000000000e+01
2.692173218196956874e+00 1.315976601735090901e+00 2.450607467606154888e+00 7.411307985999047165e-01 8.200000000000000000e+01 9.974634955746087428e+01 2.000000000000000000e+01
4.472135954999582275e+00 2.449489742783173885e+00 3.214550253664317570e+00 9.700314445776226924e-01 6.600000000000000000e+01 7.838643720777864132e+01 2.000000000000000000e+01
2.692173218196956874e+00 1.549918987548337013e+00 2.739040161673837126e+00 7.789472677707536263e-01 7.600000000000000000e+01 9.320969967560608893e+01 2.000000000000000000e+01
4.472135954999580498e+00 2.828427124746184518e+00 3.708099243547831048e+00 7.977722829743275623e-01 7.176767676767676107e+01 8.910316583235136534e+01 2.000000000000000000e+01
4.472135954999580498e+00 3.162277660168374194e+00 3.619392214170770394e+00 8.701909140298311751e-01 6.198979591836735636e+01 7.638964702587252020e+01 2.000000000000000000e+01
2.784298562266965149e+00 1.313383813608090644e+00 2.619224006979403274e+00 7.494167612999464989e-01 6.500000000000000000e+01 7.630582794484575970e+01 2.000000000000000000e+01
4.472135954999580498e+00 1.732050807568876971e+00 3.316624790355399366e+00 1.028123682888358648e+00 5.413265306122450937e+01 6.431705321795307384e+01 2.000000000000000000e+01
4.472135954999582275e+00 3.605551275463988237e+00 3.741657386773942218e+00 9.841949103522257269e-01 6.088383838383839475e+01 7.555332589868510240e+01 2.000000000000000000e+01
2.741707525891506236e+00 1.528962569143730965e+00 2.550849001251581871e+00 8.255413211201083623e-01 6.025641025641024839e+01 7.303766792568305277e+01 2.000000000000000000e+01
4.472135954999582275e+00 2.236067977499785364e+00 3.924283374069716945e+00 6.439485973795436857e-01 7.100000000000000000e+01 8.655270823416495318e+01 2.000000000000000000e+01
4.472135954999580498e+00 2.999999999999992450e+00 3.815174380753199479e+00 9.011038752186875112e-01 6.377551020408163396e+01 7.747424895269533351e+01 2.000000000000000000e+01
2.632764408668475387e+00 1.453198460282267845e+00 2.477567224571378013e+00 8.416717663231256807e-01 6.085858585858586167e+01 7.196219401529084791e+01 2.000000000000000000e+01
4.472135954999580498e+00 2.828427124746184518e+00 3.588175023601831271e+00 7.242235770323658395e-01 6.858585858585858830e+01 8.404166080850211529e+01 2.000000000000000000e+01
2.741707525891506236e+00 1.714467739490375786e+00 2.611240072555663261e+00 8.309035506352259182e-01 6.767676767676769600e+01 8.141653809398651731e+01 2.000000000000000000e+01
2.741707525891506236e+00 1.116123174033903265e+00 2.861440909343680339e+00 9.471049461710706607e-01 5.994949494949493385e+01 7.069276995031530930e+01 2.000000000000000000e+01
2.692173218196956874e+00 1.236180462479405939e+00 2.637865521913202560e+00 8.753360956089384359e-01 5.906250000000001421e+01 7.085842265956068786e+01 2.000000000000000000e+01
2.692173218196956874e+00 1.725802638026064484e+00 2.516294878297574478e+00 8.254010133024159979e-01 6.371794871794872250e+01 7.764960575304581880e+01 2.000000000000000000e+01
4.472135954999580498e+00 2.828427124746187182e+00 3.588175023601831271e+00 8.709525459448643758e-01 6.322916666666666430e+01 7.524179454609776485e+01 2.000000000000000000e+01
4.472135954999580498e+00 2.828427124746184518e+00 3.517811819867571188e+00 7.777529642029905599e-01 6.676767676767676107e+01 8.024236803060601630e+01 2.000000000000000000e+01
2.692173218196956874e+00 1.236180462479404829e+00 2.507481144721297461e+00 9.569956171453976035e-01 6.300000000000000000e+01 7.483100369434703225e+01 2.000000000000000000e+01
2.692173218196956874e+00 1.365269071134210810e+00 2.747019721896377664e+00 8.943146502040999479e-01 6.197916666666666430e+01 7.422790464009402456e+01 2.000000000000000000e+01
2.632764408668475387e+00 1.468208478188792299e+00 2.469570215105185707e+00 7.190672848493302460e-01 8.262500000000000000e+01 1.008201057034189461e+02 2.000000000000000000e+01
2.692173218196956874e+00 1.484806558294480494e+00 2.443657744267770049e+00 7.519895023881834062e-01 6.631313131313129361e+01 8.094078919812706374e+01 2.000000000000000000e+01
2.741707525891506236e+00 1.513331440538913775e+00 2.778638695412303239e+00 7.553643773471295786e-01 7.400000000000000000e+01 9.137726195157401321e+01 2.000000000000000000e+01
4.472135954999580498e+00 2.645751311064585831e+00 3.909694909544002339e+00 9.158131623050359549e-01 5.815384615384613909e+01 7.108779005016089059e+01 2.000000000000000000e+01
2.692173218196956874e+00 1.120688723845649548e+00 2.844403526825839190e+00 9.065191091249512612e-01 5.906250000000000000e+01 6.897052674178391385e+01 2.000000000000000000e+01
2.741707525891506236e+00 1.551845573915358711e+00 2.622807587114091010e+00 7.977076875011070989e-01 6.239583333333334991e+01 7.442695149957619094e+01 2.000000000000000000e+01
2.692173218196956874e+00 1.236180462479404829e+00 2.786048953198549949e+00 9.428424235075654192e-01 6.800000000000000000e+01 8.216296914555306330e+01 2.000000000000000000e+01
4.472135954999580498e+00 2.999999999999994671e+00 3.636237371545238073e+00 8.489860518138248047e-01 7.031250000000001421e+01 8.652865333310150220e+01 2.000000000000000000e+01
2.673663068951778410e+00 1.191018044024141576e+00 2.415073637568970089e+00 7.361322606553453163e-01 7.806122448979590445e+01 9.089402275681236176e+01 2.000000000000000000e+01
2.741707525891506236e+00 9.847031360240393605e-01 2.632764408668474498e+00 9.762859314365613939e-01 8.163265306122450227e+01 9.599478131361739486e+01 2.000000000000000000e+01
2.632764408668474498e+00 1.335141362540312793e+00 2.817404970237405770e+00 9.681055170952117539e-01 5.987179487179486159e+01 7.218230230808936199e+01 2.000000000000000000e+01
4.472135954999580498e+00 3.162277660168373306e+00 3.478505426185216187e+00 8.875923523089073175e-01 6.217948717948718951e+01 7.365429266818935616e+01 2.000000000000000000e+01
4.472135954999582275e+00 2.828427124746186294e+00 3.856812155135377562e+00 9.040184510937889772e-01 6.198979591836735636e+01 7.539822148417400172e+01 2.000000000000000000e+01
2.784298562266965149e+00 1.649740651047151063e+00 2.729495103871706796e+00 7.454634847468816217e-01 6.994949494949493385e+01 8.656305353189793550e+01 2.000000000000000000e+01
2.692173218196956874e+00 1.071773462536292243e+00 2.702752847019421978e+00 7.893181127984484347e-01 7.171717171717170913e+01 8.634827257100853615e+01 2.000000000000000000e+01
4.472135954999580498e+00 2.449489742783172996e+00 3.651483716701107163e+00 8.066181714689741877e-01 6.850000000000000000e+01 8.162566054853343189e+01 2.000000000000000000e+01
4.472135954999580498e+00 2.645751311064586275e+00 3.644957377763735629e+00 8.116482637663822164e-01 6.767676767676768179e+01 8.092786584517818937e+01 2.000000000000000000e+01
4.472135954999580498e+00 1.732050807568877193e+00 4.320493798938572994e+00 1.017985666921000121e+00 5.770408163265307877e+01 6.998602793453405013e+01 2.000000000000000000e+01
2.741707525891506236e+00 1.258925411794166838e+00 2.741781771422107994e+00 7.411431811379921575e-01 7.887500000000000000e+01 9.415445437994156919e+01 2.000000000000000000e+01
2.692173218196956874e+00 1.447923118233401141e+00 2.671065610470673146e+00 8.425859588718483950e-01 7.150000000000000000e+01 8.634744648090119767e+01 2.000000000000000000e+01
