3.473953464439375249e+00 1.654659603793005918e+00 3.275855199169784182e+00 7.343117337744627937e-01 6.185606060606062329e+01 7.606906609623811732e+01 4.000000000000000000e+01
3.443857242552258668e+00 1.990866359047323675e+00 3.051797059479589791e+00 7.723080223298949276e-01 6.282051282051281049e+01 7.718463387842361101e+01 4.000000000000000000e+01
6.324555320336762598e+00 4.472135954999574281e+00 4.944694126030447556e+00 8.628424896664509403e-01 6.217391304347825809e+01 7.806492954500687631e+01 4.000000000000000000e+01
6.324555320336766151e+00 4.690415759823424402e+00 4.587532511650956657e+00 9.049896250559257282e-01 5.439999999999999858e+01 6.706093432586015979e+01 4.000000000000000000e+01
3.552343858581806124e+00 2.515008766414391861e+00 2.870303374612602987e+00 9.415225130762930883e-01 5.465608465608465139e+01 6.777601845903575395e+01 4.000000000000000000e+01
3.443857242552258668e+00 1.939865771538745731e+00 3.092852804900842134e+00 7.427815208995610652e-01 6.088383838383839475e+01 7.548415969924452895e+01 4.000000000000000000e+01
3.314454017339988567e+00 2.005998768741108496e+00 3.039781643114299214e+00 7.522984478392429342e-01 6.039473684210526017e+01 7.599895888624448048e+01 4.000000000000000000e+01
3.375437903527041428e+00 1.624504792712471168e+00 3.099837975096674469e+00 7.841230739527128568e-01 6.216836734693879407e+01 7.634719645587108516e+01 4.000000000000000000e+01
3.515112659837269060e+00 1.423253106772448540e+00 3.709090435044702705e+00 8.759463572230630213e-01 5.600000000000000000e+01 6.950739101205496695e+01 4.000000000000000000e+01
3.473953464439375249e+00 2.434642976406907522e+00 3.212802997448962028e+00 8.741653315311085359e-01 6.333333333333334991e+01 8.135716561985007900e+01 4.000000000000000000e+01
3.402564240911784665e+00 1.966995204687514986e+00 3.027366818155583950e+00 7.803750811816694277e-01 5.526315789473684248e+01 6.747064975336695625e+01 4.000000000000000000e+01
3.335914189305273503e+00 2.066429903408526503e+00 3.160067669531182677e+00 7.472038924977534302e-01 6.802631578947368496e+01 8.794221203826631950e+01 4.000000000000000000e+01
3.411189702003358359e+00 2.007037146072966127e+00 2.962198074364178702e+00 7.284051641638400465e-01 6.463383838383839475e+01 8.129262708603936005e+01 4.000000000000000000e+01
3.443857242552258668e+00 2.162913548414166165e+00 2.973052051980374699e+00 7.331922625006935812e-01 6.078877005347594320e+01 7.344518302593786530e+01 4.000000000000000000e+01
3.375437903527041428e+00 1.465784259020834757e+00 3.210899119867057117e+00 8.930504090697146680e-01 5.296717171717171624e+01 6.499207292923422585e+01 4.000000000000000000e+01
3.375437903527044092e+00 1.745472178069225500e+00 2.920985796211672980e+00 7.596111911815630613e-01 6.391025641025640169e+01 7.782480076909344291e+01 4.000000000000000000e+01
3.501871511350209687e+00 2.206220451530596982e+00 2.439572518447766125e+00 8.297971277829143677e-01 6.248717948717948190e+01 7.613532524941328461e+01 4.000000000000000000e+01
3.473953464439375249e+00 1.544292534568362241e+00 3.376116362009086380e+00 7.999826814973929334e-01 5.500000000000000000e+01 6.823856719431621798e+01 4.000000000000000000e+01
3.473953464439375249e+00 1.930782036686523151e+00 3.114034450655977171e+00 7.096019066592269553e-01 6.520053475935829113e+01 8.111222585892001291e+01 4.000000000000000000e+01
3.443857242552258668e+00 1.858694536616171789e+00 2.894436033445916490e+00 7.281105839207880903e-01 6.049465240641711006e+01 7.590560390325600792e+01 4.000000000000000000e+01
3.411189702003358359e+00 1.425367709987946929e+00 3.319507988725149961e+00 7.027830478324551544e-01 7.085858585858585457e+01 8.611642177153677835e+01 4.000000000000000000e+01
6.324555320336766151e+00 4.690415759823417297e+00 4.935953440181175544e+00 9.208126848735899150e-01 5.356321839080460023e+01 6.765072884730081171e+01 4.000000000000000000e+01
3.552343858581806124e+00 1.137802099012129142e+00 3.241313193385525260e+00 7.927565502663205255e-01 5.500000000000000000e+01 6.642672225596732005e+01 4.000000000000000000e+01
3.443857242552258668e+00 1.874143734854580190e+00 3.067772173597481000e+00 7.070527639814895293e-01 6.475935828877005918e+01 8.092681152670847666e+01 4.000000000000000000e+01
3.586363173595479736e+00 1.811326086814263103e+00 2.956765136439498676e+00 6.917308448037415847e-01 5.725935828877005207e+01 6.963675561244414780e+01 4.000000000000000000e+01
3.314454017339988567e+00 1.840166889395833616e+00 3.101470500431827038e+00 6.599487757606503635e-01 7.145408163265307167e+01 8.958847061929451172e+01 4.000000000000000000e+01
3.443857242552258668e+00 2.022563741355296596e+00 2.936781472887391331e+00 6.780820328502069616e-01 6.948717948717948900e+01 8.672631941926606203e+01 4.000000000000000000e+01
3.411189702003358359e+00 2.093878615122130693e+00 3.102118355204454225e+00 7.895770922547662440e-01 6.304232804232805165e+01 8.014575899279458326e+01 4.000000000000000000e+01
3.473953464439375249e+00 2.087445306573842085e+00 3.389169702139885665e+00 8.573113345085517922e-01 5.539999999999999858e+01 6.997405099764746694e+01 4.000000000000000000e+01
3.646778057984198629e+00 2.595357613407852426e+00 2.943879566863197628e+00 9.070349187894508614e-01 5.879999999999999716e+01 7.158677063256340034e+01 4.000000000000000000e+01
3.346195160597230434e+00 1.857789399935419583e+00 2.852961804902229837e+00 6.904235687842541491e-01 6.145408163265306456e+01 7.273562701819938070e+01 4.000000000000000000e+01
3.411189702003358359e+00 1.997015889034168268e+00 3.200300221504697173e+00 7.595546838137486878e-01 5.828042328042329956e+01 7.380280018372913275e+01 4.000000000000000000e+01
3.515112659837269060e+00 2.043075972963261044e+00 3.429533385356197339e+00 7.598781896836948047e-01 6.437500000000000000e+01 8.259855589236595108e+01 4.000000000000000000e+01
3.411189702003358359e+00 1.828011299142143109e+00 3.525104106213647004e+00 8.168811740470905969e-01 5.542328042328043125e+01 6.811892508533148316e+01 4.000000000000000000e+01
3.314454017339988567e+00 2.049519607526437248e+00 2.847966525210246402e+00 7.624132501919033134e-01 5.907828282828284472e+01 7.113255752675614474e+01 4.000000000000000000e+01
3.515112659837269060e+00 2.346586153068917824e+00 3.116765382424742548e+00 8.716385779656246058e-01 6.086956521739131176e+01 7.694489022239390863e+01 4.000000000000000000e+01
3.375437903527044092e+00 2.056048603489956328e+00 3.120881942830212363e+00 8.178268878966512556e-01 5.506313131313130782e+01 6.843369777114517660e+01 4.000000000000000000e+01
3.473953464439375249e+00 2.259353440328124130e+00 3.100754981296039769e+00 8.510067511939628515e-01 6.256313131313132203e+01 7.937513486364308335e+01 4.000000000000000000e+01
3.411189702003358359e+00 1.321407882644321408e+00 3.348775646331756395e+00 8.208489351373708942e-01 6.697916666666667140e+01 8.175501229046612650e+01 4.000000000000000000e+01
3.473953464439375249e+00 1.100632522094237009e+00 3.431622015226795330e+00 8.949196734465398873e-01 5.339947089947090575e+01 6.575657738246911777e+01 4.000000000000000000e+01
3.473953464439375249e+00 2.079482065373687849e+00 3.463948758232402447e+00 9.698465298778751187e-01 6.232804232804232925e+01 7.871734156770328639e+01 4.000000000000000000e+01
3.279716080596871919e+00 1.578436529997654603e+00 3.087071402891342853e+00 9.324926608449098930e-01 5.713541666666667140e+01 7.021181810189681016e+01 4.000000000000000000e+01
3.586363173595479736e+00 2.154990575154207111e+00 3.178718651179955668e+00 7.871209119803387333e-01 6.824494949494950902e+01 8.517036105458126372e+01 4.000000000000000000e+01
3.586363173595479736e+00 1.876986011790855891e+00 3.388625575748098750e+00 7.279177116047105267e-01 6.490641711229947930e+01 8.142574448898997730e+01 4.000000000000000000e+01
3.552343858581806124e+00 1.615112985570050785e+00 3.551053610843537989e+00 7.826727069740400111e-01 6.526041666666667140e+01 8.133168157803216047e+01 4.000000000000000000e+01
3.552343858581806124e+00 2.093470093168615431e+00 3.405520062361614197e+00 7.542593543230797781e-01 6.486842105263158942e+01 8.222627468957804808e+01 4.000000000000000000e+01
3.515112659837269060e+00 1.866975152202278165e+00 3.390510515750253084e+00 8.126198986692757531e-01 5.697089947089948936e+01 6.965579469034379656e+01 4.000000000000000000e+01
3.515112659837269060e+00 2.663199470545049241e+00 3.281259202705941735e+00 8.843977511148553017e-01 6.579999999999999716e+01 8.555693768494479912e+01 4.000000000000000000e+01
6.324555320336766151e+00 3.999999999999992895e+00 5.291502622129179656e+00 8.917746083904439791e-01 5.521978021978021189e+01 6.949403343965929025e+01 4.000000000000000000e+01
3.427873620019257661e+00 1.372959402750268287e+00 3.544818369582303230e+00 9.145077593537336291e-01 6.461229946524065326e+01 8.128347759327515121e+01 4.000000000000000000e+01
3.552343858581806124e+00 2.134548891008154481e+00 3.298024538627748914e+00 8.333066931310838532e-01 5.630434782608696054e+01 7.042468526430451448e+01 4.000000000000000000e+01
3.473953464439375249e+00 1.508564651545019508e+00 3.242567425276921877e+00 7.881978982972450698e-01 5.534759358288768993e+01 6.575314766919429132e+01 4.000000000000000000e+01
3.473953464439375249e+00 2.367387617060967120e+00 3.172960046134789991e+00 7.531740157665905988e-01 6.868421052631578050e+01 8.835648710317545351e+01 4.000000000000000000e+01
3.552343858581806124e+00 1.073741879910667496e+00 3.267361652212606771e+00 6.341674455596773008e-01 5.815384615384614619e+01 7.030525810067769044e+01 4.000000000000000000e+01
6.324555320336766151e+00 4.123105625617657033e+00 4.758892604748442778e+00 8.008590169573753803e-01 5.780423280423280374e+01 7.172262960346847649e+01 4.000000000000000000e+01
3.552343858581806124e+00 1.670030405209608215e+00 3.491947071838498839e+00 9.228390092065446026e-01 5.650000000000000000e+01 7.009909574670375321e+01 4.000000000000000000e+01
3.411189702003358359e+00 1.921464705731439571e+00 3.135407209233326054e+00 6.762157456006364642e-01 7.057291666666667140e+01 9.035177358852683938e+01 4.000000000000000000e+01
2.479980506953562092e+00 1.106453761060205654e+00 2.626149339089618451e+00 7.885165858234851610e-01 6.487179487179487580e+01 7.929235048211016590e+01 4.000000000000000000e+01
3.375437903527041428e+00 1.662902403554703312e+00 3.416941541221436562e+00 9.048856599944288259e-01 5.671717171717173045e+01 6.996514749758637208e+01 4.000000000000000000e+01
3.402564240911784665e+00 1.821083696655927175e+00 3.009632030195767971e+00 6.348420836311650106e-01 6.871794871794871540e+01 8.443651700355952983e+01 4.000000000000000000e+01
3.427873620019257661e+00 1.133461581670697882e+00 3.764253127263918142e+00 9.087443896960537559e-01 5.586956521739131176e+01 6.891324693919182209e+01 4.000000000000000000e+01
3.346195160597230434e+00 1.648496027583839840e+00 3.205183385284756881e+00 9.043611571078212785e-01 5.131578947368421240e+01 6.185323708772212115e+01 4.000000000000000000e+01
3.527919570223205792e+00 2.013488090850086731e+00 3.223778344966655940e+00 6.723196661221267911e-01 6.932051282051283181e+01 8.718165552169108423e+01 4.000000000000000000e+01
3.443857242552258668e+00 2.271700506862489810e+00 2.840814221718808152e+00 7.695190890630770886e-01 6.255347593582888521e+01 7.795895393132053641e+01 4.000000000000000000e+01
3.443857242552258668e+00 2.063071180128394744e+00 3.103284360774674955e+00 7.752556134772367047e-01 5.802631578947368496e+01 7.053900886150512406e+01 4.000000000000000000e+01
3.411189702003358359e+00 1.970731044447521896e+00 2.992571154305900816e+00 8.050089857074176347e-01 5.368421052631580181e+01 6.517692473723957391e+01 4.000000000000000000e+01
3.586363173595479736e+00 2.046843584657161319e+00 3.075667200476758456e+00 7.881449441552076385e-01 6.062500000000000000e+01 7.531567126067132278e+01 4.000000000000000000e+01
3.346195160597230434e+00 2.101576905995642619e+00 2.971912359712849838e+00 7.469555563502076057e-01 6.241161616161617331e+01 7.675820362387156592e+01 4.000000000000000000e+01
3.552343858581806124e+00 1.946185104849993186e+00 3.189510418075374165e+00 7.212300682564664056e-01 6.534759358288771125e+01 8.210165506203773589e+01 4.000000000000000000e+01
3.515112659837269060e+00 2.068182158494860978e+00 3.032992213933179748e+00 7.531646454688381009e-01 5.880050505050506615e+01 7.252348177773023963e+01 4.000000000000000000e+01
3.586363173595479736e+00 2.381536451435935842e+00 3.164013049282148327e+00 8.116033782529494811e-01 5.902173913043477427e+01 7.502260020148789010e+01 4.000000000000000000e+01
3.473953464439375249e+00 2.151938243789831784e+00 3.373128100886735758e+00 8.051725521889973036e-01 6.154040404040403445e+01 7.819454484029444075e+01 4.000000000000000000e+01
3.552343858581806124e+00 2.240632126041251837e+00 3.211658237497813317e+00 8.962744448519379681e-01 5.822916666666667140e+01 7.299728506898932778e+01 4.000000000000000000e+01
3.473953464439375249e+00 1.050047369321529533e+00 3.705458743467814120e+00 7.516761739843047518e-01 6.843750000000001421e+01 8.363694134126582469e+01 4.000000000000000000e+01
3.375437903527041428e+00 1.680233393190093905e+00 3.230612681708785239e+00 6.813980370933560016e-01 6.306122448979593287e+01 7.711088485662597236e+01 4.000000000000000000e+01
6.324555320336766151e+00 4.472135954999582275e+00 4.647580015448903090e+00 8.568345712309447526e-01 5.416666666666667140e+01 6.703864464175647697e+01 4.000000000000000000e+01
3.473953464439375249e+00 1.930424186147383869e+00 2.930113335136280028e+00 7.460264430451459816e-01 6.573979591836736347e+01 8.151908617797187162e+01 4.000000000000000000e+01
3.300951334040937990e+00 1.686104669892481311e+00 3.014339009639773082e+00 7.380033882248820953e-01 7.017676767676765337e+01 8.561620142837679737e+01 4.000000000000000000e+01
3.402564240911784665e+00 1.670545132197999605e+00 3.167453137824701059e+00 6.502553969900438657e-01 6.448717948717948900e+01 7.795029009110669449e+01 4.000000000000000000e+01
3.501871511350209687e+00 2.262036765518450121e+00 3.121093874606453156e+00 8.310279573496356376e-01 6.237500000000000000e+01 7.798661114197898314e+01 4.000000000000000000e+01
3.411189702003358359e+00 1.516391870162945077e+00 3.149158883671183684e+00 8.424156735330432522e-01 5.304232804232804455e+01 6.452098704076865943e+01 4.000000000000000000e+01
3.673903978864857756e+00 1.202081891716028972e+00 3.427873620019258549e+00 8.457027218638500932e-01 5.630050505050505905e+01 6.695797676191202186e+01 4.000000000000000000e+01
3.552343858581806124e+00 1.718771927587478654e+00 3.364245345788009267e+00 7.243246987378336721e-01 5.736842105263157521e+01 7.161281250158717171e+01 4.000000000000000000e+01
3.335914189305273503e+00 1.637822188150903635e+00 3.304480252536203810e+00 8.558597653713647668e-01 6.609693877551022467e+01 8.180190085463766536e+01 4.000000000000000000e+01
3.515112659837269060e+00 2.013846284118688601e+00 2.864834311270142653e+00 8.635870333325450510e-01 5.282608695652172770e+01 6.506034439233884825e+01 4.000000000000000000e+01
3.515112659837269060e+00 1.929763420769187610e+00 3.390823015231471782e+00 7.233279682404244459e-01 6.171052631578947967e+01 7.775414063457874647e+01 4.000000000000000000e+01
3.617704769439423096e+00 2.060124153908192923e+00 3.548424274944505630e+00 7.470997648691275472e-01 6.643939393939395188e+01 8.380793290390845129e+01 4.000000000000000000e+01
3.443857242552258668e+00 1.736976732219686514e+00 3.111445378518892912e+00 7.788167634092173497e-01 5.387700534759358817e+01 6.523181443409815472e+01 4.000000000000000000e+01
3.411189702003358359e+00 1.806606729351074581e+00 3.375000895477175522e+00 7.112981599375370889e-01 6.255347593582888521e+01 7.789945380767075278e+01 4.000000000000000000e+01
3.501871511350209687e+00 2.056635292028814010e+00 3.190690754348439295e+00 7.201993199496145026e-01 6.564171122994653729e+01 8.137344441023809338e+01 4.000000000000000000e+01
3.515112659837269060e+00 1.795496895040347152e+00 3.663897842268148519e+00 8.022176676341109536e-01 5.923280423280424145e+01 7.320796709246950229e+01 4.000000000000000000e+01
3.411189702003358359e+00 1.720500219450465718e+00 3.368035514687265586e+00 7.973543329509844568e-01 6.548717948717947479e+01 8.135976762010898256e+01 4.000000000000000000e+01
3.552343858581806124e+00 1.646770741417437289e+00 3.347383982170705874e+00 7.207820659707722122e-01 5.667112299465240710e+01 6.949182905718535608e+01 4.000000000000000000e+01
3.411189702003358359e+00 1.624764942466074613e+00 3.139915356983691286e+00 6.020739653663150781e-01 6.716836734693877986e+01 8.243287137018157296e+01 4.000000000000000000e+01
3.552343858581806124e+00 1.407330396379513848e+00 3.358560815072670014e+00 8.148863834601774991e-01 5.671052631578947967e+01 6.828529187662604727e+01 4.000000000000000000e+01
3.443857242552258668e+00 1.912010858016572223e+00 3.449582353819932390e+00 6.980444384106081479e-01 6.784759358288769704e+01 8.622555734511068692e+01 4.000000000000000000e+01
6.324555320336766151e+00 4.582575694955832724e+00 4.740906081772815028e+00 8.629867099426862254e-01 5.550000000000000000e+01 6.948696355678201542e+01 4.000000000000000000e+01
2.501653311125224821e+00 1.142504421710615503e+00 2.459913033147148820e+00 8.106244852510308130e-01 5.885416666666667140e+01 7.133233009034843519e+01 4.000000000000000000e+01
3.552343858581806124e+00 1.998524523066350422e+00 3.397450143662567701e+00 7.527847972541845678e-01 6.213383838383840185e+01 7.767793858413745056e+01 4.000000000000000000e+01
3.411189702003358359e+00 2.204297517238411164e+00 2.604949965967719550e+00 8.157088126032825404e-01 5.776315789473684248e+01 7.243809205492124192e+01 4.000000000000000000e+01
3.375437903527041428e+00 2.310462426014797011e+00 2.899058696005615943e+00 9.153549740066960760e-01 5.456521739130434412e+01 6.609132957783320705e+01 4.000000000000000000e+01
3.375437903527041428e+00 1.704796316807650314e+00 3.113207627298742786e+00 6.879122643593792441e-01 6.198717948717947479e+01 7.631240148186579120e+01 4.000000000000000000e+01
3.443857242552258668e+00 1.913700164010283311e+00 2.979518966078372966e+00 7.218816395654763518e-01 6.182051282051281049e+01 7.479820725321069119e+01 4.000000000000000000e+01
3.335914189305273503e+00 1.428203838190433617e+00 3.193372789390541922e+00 6.594124890267673011e-01 5.982051282051282470e+01 7.294128993568997998e+01 4.000000000000000000e+01
3.411189702003358359e+00 1.924849831977141434e+00 2.912395886442171289e+00 6.600560575987566292e-01 7.377551020408164106e+01 9.380367129090308254e+01 4.000000000000000000e+01
3.411189702003358359e+00 2.064545866788884521e+00 3.274323578104862964e+00 7.539839800559692273e-01 6.565789473684210975e+01 8.392259920046379307e+01 4.000000000000000000e+01
3.515112659837269060e+00 2.009508641106033000e+00 2.932174309052502981e+00 8.074856447926240799e-01 5.708994708994709555e+01 7.004736035840768693e+01 4.000000000000000000e+01
3.335914189305273503e+00 2.195642492350680097e+00 2.887464567271087468e+00 8.720567663388950619e-01 6.118421052631580181e+01 7.522320329358720414e+01 4.000000000000000000e+01
3.552343858581806124e+00 1.925899902654521822e+00 3.259582379667723906e+00 7.661241789069187513e-01 5.947368421052632925e+01 7.385058838536610892e+01 4.000000000000000000e+01
3.443857242552258668e+00 2.053983243642192758e+00 3.203216565235663005e+00 7.042896927237077831e-01 6.651041666666667140e+01 8.301707463190381020e+01 4.000000000000000000e+01
3.411189702003358359e+00 2.033660891788512171e+00 3.040434162741168844e+00 7.069371344074120156e-01 6.431818181818182723e+01 7.986820818863471061e+01 4.000000000000000000e+01
3.411189702003358359e+00 2.122804846363004483e+00 3.260216023647509065e+00 7.200236348062022396e-01 6.977272727272729469e+01 8.971370792799166338e+01 4.000000000000000000e+01
3.411189702003358359e+00 1.982673215289041391e+00 2.917315249224655016e+00 8.309201352539753449e-01 5.438131313131312794e+01 6.674640274468680445e+01 4.000000000000000000e+01
3.501871511350209687e+00 2.050103823136942616e+00 3.092018301554238846e+00 7.646384149322777990e-01 5.697368421052631504e+01 7.076543522686931453e+01 4.000000000000000000e+01
3.617704769439423096e+00 2.167215979751883737e+00 2.890359037142519405e+00 8.291603674357242992e-01 5.587500000000000000e+01 6.768134737436112403e+01 4.000000000000000000e+01
3.335914189305273503e+00 1.853717817428040648e+00 3.286874097097064240e+00 7.668598435141739111e-01 6.486842105263157521e+01 8.232144170636512115e+01 4.000000000000000000e+01
3.473953464439375249e+00 1.774473043263518512e+00 3.197507964576064676e+00 6.635969507564591918e-01 6.852564102564103621e+01 8.459781878237669162e+01 4.000000000000000000e+01
3.501871511350209687e+00 1.970129123382452052e+00 3.089820435344532878e+00 7.438296741641639009e-01 6.072916666666667140e+01 7.457131863726233689e+01 4.000000000000000000e+01
3.443857242552258668e+00 1.657433125965037890e+00 2.904136281773511907e+00 7.630464264308409739e-01 6.165384615384614619e+01 7.555115198078199512e+01 4.000000000000000000e+01
3.443857242552258668e+00 2.094753009894954943e+00 3.035004915527553582e+00 7.558719357906417136e-01 6.699494949494950902e+01 8.454390371574939422e+01 4.000000000000000000e+01
3.346195160597230434e+00 1.833244595323423987e+00 3.023592312305192209e+00 5.727854666787640658e-01 7.141025641025640880e+01 8.912513029312387403e+01 4.000000000000000000e+01
2.456456052231581921e+00 1.516834677269611742e+00 2.473081740785607607e+00 7.733951461932400129e-01 6.125000000000000000e+01 7.805251071549901098e+01 4.000000000000000000e+01
3.335914189305273503e+00 2.226958508013300087e+00 3.014672241568489230e+00 8.040607069108289817e-01 6.312500000000000000e+01 7.852337727104723797e+01 4.000000000000000000e+01
3.411189702003358359e+00 2.003378223960130544e+00 3.366620753349690354e+00 7.927127712923714986e-01 6.054232804232804455e+01 7.644153657127816359e+01 4.000000000000000000e+01
3.375437903527041428e+00 1.849265507988585799e+00 3.444495644298257719e+00 6.873510045490074383e-01 6.296717171717173045e+01 7.872749598571859053e+01 4.000000000000000000e+01
3.335914189305273503e+00 1.959169212995944376e+00 3.217385628853442814e+00 8.290653341088551898e-01 5.475000000000000000e+01 6.734173523144296780e+01 4.000000000000000000e+01
3.515112659837269060e+00 2.127442900317821906e+00 3.213882091087859827e+00 7.715805586519932646e-01 6.125000000000000000e+01 7.645679862689814854e+01 4.000000000000000000e+01
3.646778057984198629e+00 1.839323812851605844e+00 3.226723716905354866e+00 7.066556671998427408e-01 5.838383838383839475e+01 7.191163944887030368e+01 4.000000000000000000e+01
3.515112659837269060e+00 2.030769980163649624e+00 3.328757951414448968e+00 7.074768582885893053e-01 7.402406417112300119e+01 9.537313510681434536e+01 4.000000000000000000e+01
3.586363173595479736e+00 2.365702892263887414e+00 3.383045981500567567e+00 8.507304145743812551e-01 6.256313131313130782e+01 7.966241175388660167e+01 4.000000000000000000e+01
3.314454017339988567e+00 1.693001753509504548e+00 3.127123722998315536e+00 6.974006540511551444e-01 6.859693877551022467e+01 8.527119188647499470e+01 4.000000000000000000e+01
3.586363173595479736e+00 1.968879275214654223e+00 3.323211847558804610e+00 8.552146794893514814e-01 5.816137566137567916e+01 7.125859980460573695e+01 4.000000000000000000e+01
3.552343858581806124e+00 1.199703809139188060e+00 3.556759506950462946e+00 8.955753254703427979e-01 5.421052631578947967e+01 6.600492056880958103e+01 4.000000000000000000e+01
3.375437903527044092e+00 1.792789962520997538e+00 3.317744839168497606e+00 6.842222077952109238e-01 6.615384615384616041e+01 8.151213514708199170e+01 4.000000000000000000e+01
3.427873620019257661e+00 1.869917647682348916e+00 3.563440288259967836e+00 7.663724243408738257e-01 5.717391304347825098e+01 7.267704402667287411e+01 4.000000000000000000e+01
3.473953464439375249e+00 1.314132395729829650e+00 3.538963872133764621e+00 6.175158098222622849e-01 5.990641711229945798e+01 7.471627672949222188e+01 4.000000000000000000e+01
3.443857242552258668e+00 1.939865771538744399e+00 3.255570939216899884e+00 6.839116821719226635e-01 6.965384615384616041e+01 8.694366649324842911e+01 4.000000000000000000e+01
3.552343858581806124e+00 1.125468495890699527e+00 3.617704769439423096e+00 8.446570821281131902e-01 5.682291666666667140e+01 6.987415425359233723e+01 4.000000000000000000e+01
3.443857242552258668e+00 2.001660449454773616e+00 3.008531951769458423e+00 8.099607188355398835e-01 5.637500000000000000e+01 6.938713119576456734e+01 4.000000000000000000e+01
3.411189702003358359e+00 2.359520636204844202e+00 3.089799086784083215e+00 8.939941080439907095e-01 5.654040404040403445e+01 6.957933382304682368e+01 4.000000000000000000e+01
3.552343858581806124e+00 2.064715725358313492e+00 3.445297142275707269e+00 8.653867201326838066e-01 5.135416666666667140e+01 6.346259281579986578e+01 4.000000000000000000e+01
3.411189702003358359e+00 1.719444769278678953e+00 3.083724883118901694e+00 7.883738103373645334e-01 6.276041666666667140e+01 7.676007781603787805e+01 4.000000000000000000e+01
3.586363173595479736e+00 2.274922710254045910e+00 2.893531192220942128e+00 8.851347496945798365e-01 5.739130434782608603e+01 7.127655610065279745e+01 4.000000000000000000e+01
2.456456052231581921e+00 1.418318966554712457e+00 2.599348477683763647e+00 6.838993426198356484e-01 6.982051282051283181e+01 8.885094644690448717e+01 4.000000000000000000e+01
3.346195160597230434e+00 1.933182044931763155e+00 3.012346870442892399e+00 6.907988701056816394e-01 6.807291666666667140e+01 8.456186460605695743e+01 4.000000000000000000e+01
3.314454017339988567e+00 1.773926294092879274e+00 3.099837975096674914e+00 5.707545980154570264e-01 7.256410256410255499e+01 9.105799301899352827e+01 4.000000000000000000e+01
3.443857242552258668e+00 1.776392840337901236e+00 3.177462571523871571e+00 7.439717039448342506e-01 6.167112299465241421e+01 7.583391691073872209e+01 4.000000000000000000e+01
3.411189702003358359e+00 1.849669469011465228e+00 3.288518223431895038e+00 8.151302202037855604e-01 6.619791666666667140e+01 8.330337221194771757e+01 4.000000000000000000e+01
3.443857242552258668e+00 1.739352140526618795e+00 3.215400700937370182e+00 5.983408284010626188e-01 6.591836734693877986e+01 8.012776951812276138e+01 4.000000000000000000e+01
3.473953464439375249e+00 2.040239133467530497e+00 3.195858259984581284e+00 6.521045685123887381e-01 7.282051282051283181e+01 9.163662822177153089e+01 4.000000000000000000e+01
3.515112659837269060e+00 1.162308065239423982e+00 3.700787105419332867e+00 8.636602574121003961e-01 5.267676767676767469e+01 6.422909056379604920e+01 4.000000000000000000e+01
3.411189702003358359e+00 1.425367709987946707e+00 3.072720253311438388e+00 8.644309706188579856e-01 5.665384615384614619e+01 6.914637546832719295e+01 4.000000000000000000e+01
3.501871511350209687e+00 2.283133086773118769e+00 2.873207990127208511e+00 8.358462065991352219e-01 6.150000000000000000e+01 7.499363825490803492e+01 4.000000000000000000e+01
3.552343858581806124e+00 2.004499625248191474e+00 3.198378985580411449e+00 7.426137516401886129e-01 6.241161616161617331e+01 7.649449503019661734e+01 4.000000000000000000e+01
3.375437903527044092e+00 1.982381334079511781e+00 2.876090270510232916e+00 6.606777794897522593e-01 7.341836734693877986e+01 9.088317893411110049e+01 4.000000000000000000e+01
3.411189702003358359e+00 1.321407882644322074e+00 3.427405634455587435e+00 7.935895698712865931e-01 5.666666666666667140e+01 6.823044716519964936e+01 4.000000000000000000e+01
3.375437903527041428e+00 1.704796316807652756e+00 3.587353785515304594e+00 9.980116389603554961e-01 4.989583333333334281e+01 6.227463041965792456e+01 4.000000000000000000e+01
3.515112659837269060e+00 1.125877088999955422e+00 3.314454017339985903e+00 7.867320761421040531e-01 5.947916666666667140e+01 7.251732006650999551e+01 4.000000000000000000e+01
3.515112659837269060e+00 2.246514695162282749e+00 3.270627052311222638e+00 8.430530390445108990e-01 6.685185185185184764e+01 8.539530184538122626e+01 4.000000000000000000e+01
3.473953464439375249e+00 1.711435888012372564e+00 3.165667843578170881e+00 7.489508651184032528e-01 6.413265306122450227e+01 7.776850475527868412e+01 4.000000000000000000e+01
2.479980506953562092e+00 1.138746730449601063e+00 2.528032656521643773e+00 7.454894039459292188e-01 6.814102564102563520e+01 8.412123875252183325e+01 4.000000000000000000e+01
6.324555320336766151e+00 4.472135954999572505e+00 4.711687595755898350e+00 8.795508679729026058e-01 5.771739130434782084e+01 7.194525641322988463e+01 4.000000000000000000e+01
3.552343858581806124e+00 2.422084497650067725e+00 3.262544089873530506e+00 9.005891165224855222e-01 5.697089947089946804e+01 7.264976551089704060e+01 4.000000000000000000e+01
3.473953464439375249e+00 1.063228939498284786e+00 3.617704769439423096e+00 6.689315579841765835e-01 6.151041666666667140e+01 7.574043856850400402e+01 4.000000000000000000e+01
3.375437903527041428e+00 1.260848940655623585e+00 3.186150656180933183e+00 9.657577042221767716e-01 6.198717948717948190e+01 7.526344735513470141e+01 4.000000000000000000e+01
3.586363173595479736e+00 2.219018427882641920e+00 3.208915744840325157e+00 7.561149929999735342e-01 6.500000000000000000e+01 8.124047559547221908e+01 4.000000000000000000e+01
6.324555320336766151e+00 4.999999999999995559e+00 4.538722287164087099e+00 9.720460064697002966e-01 5.207908163265306456e+01 6.398338176579654402e+01 4.000000000000000000e+01
3.473953464439375249e+00 1.561893344288868279e+00 3.474202876865959411e+00 7.315122766735541182e-01 5.885416666666667140e+01 7.102350654474085445e+01 4.000000000000000000e+01
3.375437903527041428e+00 1.307558547822054384e+00 3.153485648804066788e+00 8.193041552823078222e-01 5.421717171717173045e+01 6.454595859544092207e+01 4.000000000000000000e+01
3.375437903527041428e+00 1.757861752938488786e+00 3.192125857275479373e+00 6.293832113165275244e-01 6.548717948717948900e+01 8.170759076832793255e+01 4.000000000000000000e+01
3.473953464439375249e+00 1.471253954597447677e+00 3.436875854690887522e+00 7.443859363685679797e-01 5.782828282828283761e+01 7.187349030821675910e+01 4.000000000000000000e+01
3.552343858581806124e+00 1.440875883336277585e+00 3.349897414081005831e+00 6.634226075992797345e-01 5.916666666666667140e+01 7.312710332089459087e+01 4.000000000000000000e+01
3.375437903527041428e+00 1.447923118233400697e+00 3.232121092959465258e+00 6.432163797867382904e-01 6.717948717948716819e+01 8.265133878936360645e+01 4.000000000000000000e+01
3.314454017339988567e+00 1.750396258794106430e+00 2.959079475950748161e+00 7.871452999659812599e-01 6.487179487179487580e+01 7.896672355586130720e+01 4.000000000000000000e+01
3.375437903527044092e+00 1.745472178069228164e+00 3.112576505946089700e+00 7.619783657927424736e-01 6.010416666666667140e+01 7.424344968505153020e+01 4.000000000000000000e+01
3.443857242552258668e+00 1.677070295716690529e+00 3.207848205480403614e+00 7.110423679257716900e-01 7.114583333333334281e+01 8.776135510783295501e+01 4.000000000000000000e+01
3.411189702003358359e+00 1.825700122815100634e+00 3.359371910582101606e+00 7.077470278291729811e-01 5.671717171717173045e+01 6.953343903688218575e+01 4.000000000000000000e+01
3.346195160597230434e+00 1.610431070309845669e+00 2.997397098892804923e+00 8.119617024096258406e-01 5.598717948717948190e+01 6.771551007414332446e+01 4.000000000000000000e+01
3.375437903527041428e+00 2.126565783894685424e+00 3.265525666382632419e+00 8.235544603835004418e-01 5.967391304347825809e+01 7.570983542995081450e+01 4.000000000000000000e+01
6.324555320336766151e+00 3.316624790355397590e+00 5.265669257299847139e+00 6.979211216708263166e-01 6.255050505050506615e+01 7.810742831136401776e+01 4.000000000000000000e+01
3.515112659837269060e+00 1.125877088999955644e+00 3.515112659837269060e+00 8.292999290680774793e-01 5.381578947368422661e+01 6.487692725303257646e+01 4.000000000000000000e+01
2.501653311125224821e+00 1.196231198851315236e+00 2.478210666084903924e+00 7.460636015615941252e-01 6.252551020408164106e+01 7.738048522399971318e+01 4.000000000000000000e+01
3.443857242552258668e+00 1.379361291290888136e+00 3.172829329605875159e+00 7.902194516457006213e-01 5.832051282051282470e+01 7.112235476873192397e+01 4.000000000000000000e+01
3.411189702003358359e+00 1.860816509137387387e+00 3.102649226374492475e+00 8.966558445009285006e-01 4.892676767676767469e+01 5.992142860657095582e+01 4.000000000000000000e+01
3.443857242552258668e+00 2.029536674781130312e+00 3.290610882267293036e+00 7.952823907902474287e-01 6.539473684210526017e+01 8.361360593699215826e+01 4.000000000000000000e+01
3.443857242552258668e+00 2.133295158459120433e+00 3.203169030154559671e+00 7.917540862435795690e-01 6.025000000000000000e+01 7.439493651293150833e+01 4.000000000000000000e+01
3.473953464439375249e+00 1.930424186147383647e+00 3.152638482061979719e+00 7.788827110921684449e-01 5.513157894736842479e+01 6.715701161020811583e+01 4.000000000000000000e+01
3.375437903527041428e+00 2.193937782832322547e+00 3.172066790736157049e+00 8.750674864023793020e-01 5.829999999999999716e+01 7.400541496016757037e+01 4.000000000000000000e+01
6.324555320336766151e+00 4.242640687119278553e+00 4.660710484703188605e+00 8.318844939300577002e-01 5.413043478260868824e+01 6.762476711309004429e+01 4.000000000000000000e+01
3.443857242552258668e+00 1.657433125965037002e+00 3.198246066337909976e+00 6.020845086627218956e-01 6.645408163265305745e+01 8.197782426937011735e+01 4.000000000000000000e+01
3.346195160597230434e+00 2.175203549274567827e+00 2.636405593991943075e+00 8.949048166779922653e-01 5.392676767676767469e+01 6.519296329711607996e+01 4.000000000000000000e+01
3.335914189305273503e+00 1.965923589242704050e+00 3.293269088287435142e+00 6.868823711257211473e-01 6.713383838383839475e+01 8.636035089687545963e+01 4.000000000000000000e+01
3.473953464439375249e+00 1.883400623739494018e+00 2.922939760021039390e+00 8.729132662403026321e-01 6.288265306122449516e+01 7.718775347734052161e+01 4.000000000000000000e+01
3.473953464439375249e+00 1.796415544706096101e+00 3.319435620828639966e+00 7.391308247727642611e-01 6.037500000000000000e+01 7.682968549307864237e+01 4.000000000000000000e+01
3.443857242552258668e+00 2.330932301764875092e+00 2.798032952458032074e+00 7.601605283688632753e-01 6.289473684210526017e+01 7.884551806808882191e+01 4.000000000000000000e+01
3.314454017339988567e+00 2.050777957178709254e+00 2.853634281995246269e+00 7.319290578396323577e-01 5.977272727272728048e+01 7.431631343634542475e+01 4.000000000000000000e+01
3.552343858581806124e+00 1.624504792712471390e+00 3.167098440780554025e+00 7.238711945402156456e-01 5.755347593582887100e+01 7.034829624290142647e+01 4.000000000000000000e+01
3.375437903527041428e+00 1.643751829517225538e+00 3.264754127025338182e+00 6.190476148738084383e-01 6.645408163265305745e+01 8.234903488557020523e+01 4.000000000000000000e+01
3.473953464439375249e+00 2.351302558374517293e+00 3.061529582086724766e+00 8.215487431139222307e-01 6.587500000000000000e+01 8.420300974891475221e+01 4.000000000000000000e+01
3.443857242552258668e+00 1.843184091167010319e+00 3.313663114643202068e+00 6.020285992894450766e-01 7.109693877551022467e+01 8.841708503456469259e+01 4.000000000000000000e+01
3.346195160597230434e+00 2.025209382000292102e+00 3.063392547903458496e+00 7.198071395860125010e-01 6.328877005347594320e+01 7.900028725715557698e+01 4.000000000000000000e+01
3.473953464439375249e+00 2.151938243789834004e+00 2.961742372420521630e+00 7.098317593671840120e-01 6.322916666666667140e+01 7.718093746726162863e+01 4.000000000000000000e+01
3.375437903527044092e+00 1.926462291691554141e+00 2.942383138937719966e+00 7.067270153365564633e-01 6.166666666666667140e+01 7.587455744703531479e+01 4.000000000000000000e+01
3.552343858581806124e+00 1.814514351438896833e+00 3.496944548362341809e+00 8.145921573833019291e-01 5.358695652173911839e+01 6.614337078448561158e+01 4.000000000000000000e+01
3.443857242552258668e+00 2.589218444576565137e+00 2.902935100141110780e+00 8.981011669266140141e-01 6.050000000000000000e+01 7.572511880872474421e+01 4.000000000000000000e+01
3.443857242552258668e+00 2.348115377162790729e+00 2.974009822933561864e+00 8.417953747507767037e-01 6.280423280423281795e+01 7.889156611523524987e+01 4.000000000000000000e+01
3.552343858581806124e+00 1.174618943088018730e+00 3.688228984223790530e+00 8.894181492903365793e-01 5.706521739130434412e+01 7.055569337571461119e+01 4.000000000000000000e+01
3.427873620019257661e+00 1.372959402750266733e+00 3.330081481242740171e+00 9.493806466822344303e-01 5.381578947368421240e+01 6.621170171602517485e+01 4.000000000000000000e+01
6.324555320336762598e+00 3.999999999999992006e+00 4.690415759823428843e+00 7.657382536141632556e-01 5.518518518518519045e+01 6.782613848798352763e+01 4.000000000000000000e+01
3.515112659837269060e+00 1.725802638026065594e+00 3.245403230471968214e+00 7.578574131757386256e-01 5.804232804232805165e+01 7.322901720899241695e+01 4.000000000000000000e+01
6.324555320336766151e+00 3.999999999999992006e+00 4.387482193696061294e+00 7.016561999318079446e-01 5.880050505050506615e+01 7.212738414051455038e+01 4.000000000000000000e+01
3.552343858581806124e+00 1.832351852112891644e+00 3.616879976689086007e+00 8.356621240597703615e-01 6.328947368421052744e+01 7.980155119291100618e+01 4.000000000000000000e+01
3.411189702003358359e+00 2.003378223960130544e+00 3.078524909812806687e+00 7.343043433169849088e-01 6.518939393939395188e+01 8.353548250270620201e+01 4.000000000000000000e+01
3.411189702003358359e+00 1.720500219450466828e+00 3.193329661968932420e+00 7.658841993428827655e-01 6.573979591836736347e+01 8.082975057466093460e+01 4.000000000000000000e+01
6.324555320336767927e+00 4.690415759823428843e+00 4.963503161715891565e+00 9.068376184609159285e-01 6.185439560439561291e+01 7.915642103687061137e+01 4.000000000000000000e+01
6.324555320336764375e+00 4.123105625617655257e+00 4.709190014029516647e+00 8.340165575078499760e-01 5.506313131313130782e+01 6.646446650368689291e+01 4.000000000000000000e+01
6.324555320336766151e+00 4.358898943540673088e+00 4.968320694793744607e+00 8.759712717511441982e-01 6.260869565217391397e+01 7.933936699651029301e+01 4.000000000000000000e+01
6.324555320336762598e+00 4.242640687119281218e+00 5.137011669140814973e+00 8.995359790209288553e-01 5.739999999999999858e+01 7.186806408168524740e+01 4.000000000000000000e+01
3.375437903527041428e+00 2.071933214009506141e+00 3.202703681200311348e+00 7.422485198849605448e-01 6.460526315789473983e+01 8.295756798154998535e+01 4.000000000000000000e+01
3.473953464439375249e+00 1.930424186147386312e+00 3.519065105391621096e+00 7.318772454207662648e-01 6.921717171717173755e+01 8.888053975409073360e+01 4.000000000000000000e+01
3.427873620019257661e+00 1.367140613591226295e+00 3.431448413035557365e+00 9.413455471696506871e-01 6.215384615384614619e+01 7.624284246547482269e+01 4.000000000000000000e+01
3.427873620019257661e+00 1.327870806933361791e+00 3.245584728465577662e+00 9.459587008670495845e-01 5.244708994708994254e+01 6.487321849357314818e+01 4.000000000000000000e+01
3.552343858581806124e+00 1.926208318109738249e+00 3.568057620780805905e+00 8.022540099764202681e-01 5.756613756613757005e+01 7.154255827384341160e+01 4.000000000000000000e+01
3.346195160597230434e+00 1.958966075559323006e+00 3.073718628692583277e+00 7.040635982261264081e-01 6.494791666666667140e+01 8.055164739891557701e+01 4.000000000000000000e+01
3.443857242552258668e+00 1.858694536616172011e+00 2.843527111557005771e+00 8.116305601860227537e-01 6.098717948717947479e+01 7.507052845970959254e+01 4.000000000000000000e+01
3.586363173595479736e+00 1.161072213126828734e+00 3.626227431902201204e+00 9.237754975171273975e-01 5.510416666666667140e+01 6.729298056925004801e+01 4.000000000000000000e+01
3.443857242552258668e+00 1.973023280360571841e+00 3.245591815380401979e+00 7.228207934003846313e-01 6.417112299465240710e+01 8.046985931736803366e+01 4.000000000000000000e+01
3.427873620019257661e+00 2.006783170328876320e+00 3.553233531456795991e+00 7.427614352063428571e-01 6.921052631578947967e+01 8.953544200800227770e+01 4.000000000000000000e+01
3.443857242552258668e+00 2.169670776338977536e+00 3.133747890774761125e+00 7.695620095271460404e-01 6.894736842105263008e+01 8.879815180581569223e+01 4.000000000000000000e+01
3.335914189305273503e+00 1.605483123520460298e+00 3.390631519311147812e+00 8.590338132011376970e-01 5.210526315789473983e+01 6.404887489911344289e+01 4.000000000000000000e+01
3.586363173595479736e+00 1.867707490166864659e+00 3.211755807313433131e+00 6.157541698119036733e-01 6.895408163265307167e+01 8.442175450287916760e+01 4.000000000000000000e+01
3.411189702003358359e+00 2.034499688961305175e+00 3.275825502668087363e+00 7.925399786039460936e-01 5.804232804232804455e+01 7.283130727340333976e+01 4.000000000000000000e+01
3.346195160597230434e+00 1.957586037422765379e+00 2.922754251136727710e+00 7.003038271787515034e-01 6.784759358288769704e+01 8.499575139296834436e+01 4.000000000000000000e+01
3.552343858581806124e+00 1.972242038692413102e+00 3.351529523202921634e+00 7.733265036773785406e-01 5.837500000000000000e+01 7.330324032530391776e+01 4.000000000000000000e+01
3.411189702003358359e+00 2.077825758759995090e+00 3.043434430818036329e+00 7.578256320296994364e-01 6.105263157894737702e+01 7.633134988633241846e+01 4.000000000000000000e+01
3.375437903527041428e+00 1.429531631582666273e+00 3.166383522043756837e+00 8.029325832952912689e-01 5.552631578947368496e+01 6.706440334373026246e+01 4.000000000000000000e+01
3.375437903527044092e+00 1.657227008669994506e+00 3.171880035500386885e+00 6.172478628858938388e-01 6.843750000000001421e+01 8.356505527456457116e+01 4.000000000000000000e+01
3.427873620019257661e+00 9.931244582926297415e-01 3.541675364343048305e+00 5.848977957353729273e-01 6.198979591836735636e+01 7.540346293054840032e+01 4.000000000000000000e+01
3.552343858581806124e+00 1.729900499877863984e+00 3.642849299295360499e+00 8.237731348333587889e-01 5.657894736842105488e+01 7.062965368324402959e+01 4.000000000000000000e+01
3.411189702003358359e+00 1.321407882644321408e+00 3.237833544284962617e+00 7.821051663772731199e-01 5.770053475935829113e+01 6.851381022739560933e+01 4.000000000000000000e+01
3.375437903527041428e+00 1.974693582711641415e+00 2.867383822533310145e+00 7.668263879735811583e-01 5.960526315789473983e+01 7.259240846665159097e+01 4.000000000000000000e+01
3.279716080596871919e+00 2.426944871569531426e+00 2.847332312017544442e+00 8.982615829700149046e-01 5.630434782608695343e+01 6.823642528233348514e+01 4.000000000000000000e+01
3.552343858581806124e+00 1.360126211645744210e+00 3.529335192662170773e+00 7.895413031047413543e-01 5.931122448979593287e+01 7.185872300243262600e+01 4.000000000000000000e+01
3.335914189305273503e+00 1.876762661380760644e+00 3.282893862519809858e+00 9.665118821314103714e-01 5.029336734693877986e+01 6.264512019598403469e+01 4.000000000000000000e+01
3.443857242552258668e+00 1.495495364075078548e+00 3.214813627229279547e+00 7.596275798106846278e-01 5.798717948717947479e+01 6.959975023790300952e+01 4.000000000000000000e+01
3.375437903527041428e+00 1.853083307892009479e+00 3.138951899244365684e+00 7.946110326719753036e-01 5.717391304347825098e+01 7.229477013778678440e+01 4.000000000000000000e+01
3.473953464439375249e+00 2.071933214009505253e+00 3.003698381556564989e+00 7.165183599080490184e-01 5.931818181818182012e+01 7.253289882011239342e+01 4.000000000000000000e+01
3.411189702003358359e+00 2.093878615122131581e+00 3.231467011433861281e+00 7.925674614690253472e-01 5.661375661375662105e+01 7.107273138110153354e+01 4.000000000000000000e+01
3.515112659837269060e+00 2.099497356722775709e+00 3.163677265346256373e+00 9.094344964323287650e-01 5.114942528735632266e+01 6.408750307309030347e+01 4.000000000000000000e+01
3.552343858581806124e+00 2.093470093168616319e+00 3.254216227167943121e+00 7.750701376051076785e-01 5.775000000000000000e+01 7.152460164019856848e+01 4.000000000000000000e+01
3.473953464439375249e+00 2.415073637568969200e+00 2.924593590441197044e+00 8.392511822239776542e-01 6.262500000000000000e+01 7.697427867984967520e+01 4.000000000000000000e+01
3.241313193385525260e+00 1.241038370715852768e+00 3.296697405604098741e+00 8.787833921778295254e-01 5.682291666666667140e+01 6.999807671809115561e+01 4.000000000000000000e+01
3.411189702003358359e+00 1.351409420529088745e+00 3.511284570821576523e+00 8.789094539978621334e-01 5.401041666666667140e+01 6.555811579967352998e+01 4.000000000000000000e+01
3.375437903527044092e+00 1.761802981511739308e+00 3.283865261407524105e+00 6.907762538569567345e-01 6.276041666666667140e+01 7.791063887039055658e+01 4.000000000000000000e+01
3.411189702003358359e+00 2.033660891788512171e+00 3.204347719801496019e+00 7.382915378727437083e-01 5.775000000000000000e+01 7.168470844644967599e+01 4.000000000000000000e+01
3.586363173595479736e+00 1.612432874642857117e+00 3.586367789015558749e+00 7.818039588648055815e-01 6.034759358288768993e+01 7.533352068750788533e+01 4.000000000000000000e+01
3.552343858581806124e+00 1.376087402537697679e+00 3.571125650262912732e+00 8.366655037429627795e-01 6.119791666666667140e+01 7.503795435758455312e+01 4.000000000000000000e+01
3.443857242552258668e+00 2.204538552515093563e+00 2.968451067334879401e+00 7.330942697915671102e-01 6.270053475935829113e+01 7.690381167029222809e+01 4.000000000000000000e+01
3.443857242552258668e+00 1.637559947732269983e+00 3.429543720058887857e+00 7.513730970470468007e-01 6.365384615384614619e+01 7.755706681010396153e+01 4.000000000000000000e+01
3.411189702003358359e+00 1.674779944833199252e+00 3.281089018004250235e+00 6.503455567089503342e-01 6.306122448979593287e+01 7.800238143972748617e+01 4.000000000000000000e+01
3.375437903527041428e+00 1.643751829517225538e+00 3.114118778812030364e+00 8.445729928891207994e-01 5.282828282828284472e+01 6.445883516583528206e+01 4.000000000000000000e+01
3.586363173595479736e+00 1.467889544974974037e+00 3.559645223678826742e+00 8.455257740987944803e-01 5.991161616161617331e+01 7.389408188851906800e+01 4.000000000000000000e+01
3.443857242552258668e+00 2.130844622899459750e+00 3.057944735020873939e+00 7.738446616846390569e-01 6.699494949494950902e+01 8.324579633230024456e+01 4.000000000000000000e+01
6.324555320336760822e+00 4.472135954999571616e+00 4.727578661429124196e+00 8.145046969873015463e-01 5.470000000000000284e+01 6.926494168242366811e+01 4.000000000000000000e+01
3.402564240911784665e+00 1.919982697990691323e+00 3.065007381983473334e+00 7.067621801612105070e-01 6.151041666666667140e+01 7.455350396110029010e+01 4.000000000000000000e+01
3.314454017339988567e+00 1.815854910462561866e+00 3.160067669531182233e+00 6.215202998965589920e-01 6.615384615384616041e+01 8.234080479990780077e+01 4.000000000000000000e+01
3.443857242552258668e+00 1.780852492008824894e+00 3.124668707904292297e+00 8.583515052697173742e-01 5.279040404040403445e+01 6.459830049834678789e+01 4.000000000000000000e+01
3.443857242552258668e+00 1.424932359434898821e+00 3.317224843533400858e+00 8.934855409207481669e-01 5.619791666666667140e+01 6.784693478420383883e+01 4.000000000000000000e+01
3.586363173595479736e+00 1.389265617456330704e+00 3.509578103855563125e+00 7.605309113080824801e-01 6.538265306122451648e+01 8.072797793029820923e+01 4.000000000000000000e+01
3.515112659837269060e+00 1.125877088999955422e+00 3.697278593602106422e+00 7.934039283791950448e-01 5.760416666666667140e+01 7.018459164832533759e+01 4.000000000000000000e+01
3.473953464439375249e+00 2.008264744482451736e+00 3.159167552873073603e+00 8.008832979328137647e-01 5.949494949494949481e+01 7.447630214964911488e+01 4.000000000000000000e+01
3.473953464439375249e+00 1.615001178221781908e+00 3.539535399367513602e+00 8.401760939601988776e-01 5.532828282828284472e+01 6.656926124353277885e+01 4.000000000000000000e+01
3.443857242552258668e+00 2.063071180128396520e+00 3.111803491887743967e+00 7.256899901205108305e-01 6.505050505050506615e+01 8.166395190661883419e+01 4.000000000000000000e+01
3.375437903527041428e+00 1.292392220780831158e+00 3.168985134006888416e+00 7.925391546992347491e-01 6.468750000000000000e+01 7.829247973566256746e+01 4.000000000000000000e+01
2.540515226981212127e+00 1.144316270331988017e+00 2.525610601138288391e+00 7.579181514182836699e-01 7.218750000000000000e+01 8.933713047709102284e+01 4.000000000000000000e+01
3.473953464439375249e+00 2.179551711217312615e+00 2.948660218428419189e+00 7.873480869928110026e-01 5.550000000000000000e+01 6.800097502623930268e+01 4.000000000000000000e+01
6.324555320336766151e+00 4.690415759823424402e+00 4.786344211304792928e+00 8.423865476677990793e-01 5.910000000000000142e+01 7.507740157863570118e+01 4.000000000000000000e+01
3.427873620019257661e+00 1.882533592339657336e+00 3.183161661872674131e+00 8.104536024226460800e-01 5.710858585858585457e+01 7.205419621251563456e+01 4.000000000000000000e+01
3.291665350506605581e+00 1.616097489650951458e+00 3.306658501002227357e+00 5.496682401990581335e-01 7.252551020408164106e+01 9.189373585685962098e+01 4.000000000000000000e+01
3.586363173595479736e+00 2.154990575154207111e+00 3.005044134183334048e+00 7.921118861268618971e-01 6.241161616161617331e+01 7.573942141513950332e+01 4.000000000000000000e+01
3.451605276052132520e+00 2.099465811660977899e+00 3.058304641609233876e+00 7.801140219247429952e-01 6.352272727272728048e+01 7.926569154446822552e+01 4.000000000000000000e+01
3.646778057984198629e+00 2.290357908049620583e+00 3.091090920945921638e+00 8.643188450943305456e-01 5.938131313131312794e+01 7.279547697540749596e+01 4.000000000000000000e+01
3.411189702003358359e+00 1.763959785111602008e+00 3.097174236898668997e+00 8.680998652876568134e-01 5.491161616161618753e+01 6.594313790689147936e+01 4.000000000000000000e+01
3.515112659837269060e+00 2.334222309647946858e+00 3.328663753797427294e+00 8.389701534555605855e-01 6.835858585858585457e+01 8.781072895044388815e+01 4.000000000000000000e+01
6.324555320336760822e+00 4.358898943540668647e+00 5.109330989268041634e+00 8.648419326351715064e-01 5.743131868131868600e+01 7.340271403213068879e+01 4.000000000000000000e+01
3.443857242552258668e+00 1.780852492008823562e+00 3.210403884945331576e+00 7.846775459128263464e-01 5.684210526315789735e+01 6.999145462325661526e+01 4.000000000000000000e+01
3.473953464439375249e+00 2.033759735548092085e+00 3.237846876309814714e+00 7.282798381377582064e-01 6.852272727272729469e+01 8.716948391866222323e+01 4.000000000000000000e+01
3.586363173595479736e+00 1.557378579382341810e+00 3.538700147703172316e+00 7.855562419850141698e-01 5.800000000000000000e+01 7.025091526132666786e+01 4.000000000000000000e+01
3.411189702003358359e+00 1.954307690986335944e+00 3.084676558859040352e+00 7.735815989832258710e-01 5.949494949494950902e+01 7.299928033481927514e+01 4.000000000000000000e+01
3.411189702003358359e+00 1.763959785111602008e+00 3.291713546716393157e+00 7.595136474197731191e-01 5.824494949494952323e+01 7.086188510875680890e+01 4.000000000000000000e+01
3.617704769439423096e+00 1.750396258794105320e+00 3.519065105391621984e+00 6.839667254544991026e-01 6.865384615384616041e+01 8.568742971267691644e+01 4.000000000000000000e+01
3.443857242552258668e+00 1.677070295716690751e+00 3.028137506562300185e+00 8.488587585835601912e-01 5.994791666666667140e+01 7.363189306167424775e+01 4.000000000000000000e+01
3.346195160597230434e+00 1.909772593000593766e+00 3.066234682038617709e+00 6.842549658335950191e-01 6.465384615384614619e+01 7.964806801782142998e+01 4.000000000000000000e+01
3.443857242552258668e+00 2.275813266365154242e+00 3.353918388531621275e+00 8.443979605508726838e-01 6.381313131313130782e+01 8.165490893034962028e+01 4.000000000000000000e+01
3.586363173595479736e+00 1.746467035210723884e+00 3.749665603155496019e+00 8.559771804799670702e-01 5.839947089947090575e+01 7.308916443687334663e+01 4.000000000000000000e+01
6.324555320336766151e+00 4.242640687119278553e+00 4.910306620885413587e+00 8.856326318678044984e-01 5.750000000000000000e+01 7.078180592154947703e+01 4.000000000000000000e+01
3.375437903527041428e+00 1.244184388666387031e+00 3.167991072495379257e+00 8.401677631916554256e-01 6.302083333333334991e+01 7.580459908034330851e+01 4.000000000000000000e+01
3.443857242552258668e+00 1.690818613607965037e+00 3.395193518975754277e+00 6.434177578485634763e-01 6.698979591836736347e+01 8.291429733864815432e+01 4.000000000000000000e+01
2.479980506953562092e+00 1.527823984348099406e+00 2.484620371166905706e+00 6.884750427146284490e-01 6.776041666666667140e+01 8.510930142965412415e+01 4.000000000000000000e+01
3.402564240911784665e+00 1.780791619608447895e+00 3.097922381744485421e+00 7.617332540613580560e-01 5.643939393939394478e+01 6.887467065825637746e+01 4.000000000000000000e+01
3.375437903527044092e+00 1.961893329258141749e+00 3.137613647065448763e+00 6.842438585058980838e-01 6.915384615384616041e+01 8.515559479249591845e+01 4.000000000000000000e+01
3.552343858581806124e+00 1.917246174012340765e+00 3.124517343400193603e+00 7.743739801108420195e-01 5.712500000000000000e+01 7.034518761683983712e+01 4.000000000000000000e+01
2.501653311125224821e+00 1.507543622540167494e+00 2.357958891880964192e+00 7.550759690102313293e-01 6.236842105263158942e+01 7.883572471144212557e+01 4.000000000000000000e+01
3.291665350506605581e+00 1.963213047881026352e+00 3.143654972942124370e+00 7.132418799743418525e-01 6.342105263157894512e+01 8.062615882323379424e+01 4.000000000000000000e+01
3.515112659837269060e+00 1.377200297664968431e+00 3.449898353489802449e+00 8.977299513970078415e-01 5.074494949494949481e+01 6.228865106420905562e+01 4.000000000000000000e+01
6.324555320336766151e+00 4.123105625617651704e+00 4.952717614068649965e+00 7.995316787193093022e-01 5.972222222222222854e+01 7.591704924391383713e+01 4.000000000000000000e+01
3.443857242552258668e+00 1.513331440538912886e+00 3.203898646936054195e+00 8.686602764404438570e-01 5.604166666666667140e+01 6.874484667320150777e+01 4.000000000000000000e+01
6.324555320336762598e+00 4.358898943540664206e+00 4.957715942691862665e+00 8.516617739913187046e-01 6.358585858585858119e+01 8.069212354151967759e+01 4.000000000000000000e+01
3.411189702003358359e+00 2.254225489368447466e+00 2.975967429598326941e+00 8.335981105889486154e-01 5.986842105263157521e+01 7.358769004165166905e+01 4.000000000000000000e+01
6.324555320336762598e+00 4.472135954999574281e+00 4.837354648979130367e+00 8.993540831938731106e-01 5.539999999999999858e+01 6.814795382960808467e+01 4.000000000000000000e+01
3.527919570223205792e+00 2.075717343317887043e+00 2.980420162302412024e+00 6.658979814900403138e-01 6.931122448979594708e+01 8.572242491361164696e+01 4.000000000000000000e+01
3.443857242552258668e+00 1.886749688517131540e+00 2.848851236621266381e+00 7.959497478818488014e-01 5.394736842105262298e+01 6.576946200725944891e+01 4.000000000000000000e+01
3.335914189305273503e+00 1.482929299784438104e+00 3.264517503033019352e+00 8.957191630412809635e-01 5.446524064171123314e+01 6.678818333290712417e+01 4.000000000000000000e+01
3.314454017339988567e+00 1.696841210268572153e+00 2.828705096468382862e+00 1.015041891322857381e+00 5.916666666666667140e+01 7.290024541620205412e+01 4.000000000000000000e+01
3.473953464439375249e+00 1.579471913488153634e+00 3.252127086787723442e+00 7.260265289678571321e-01 7.218750000000000000e+01 8.911682705894230594e+01 4.000000000000000000e+01
3.515112659837269060e+00 2.379160652166032897e+00 3.182148720829693911e+00 8.541030306339084666e-01 6.358585858585858830e+01 7.974655142897546511e+01 4.000000000000000000e+01
3.443857242552258668e+00 1.965511233020563298e+00 2.837503134102341118e+00 8.625039436249796188e-01 5.713541666666667140e+01 7.051546180253950524e+01 4.000000000000000000e+01
3.552343858581806124e+00 1.876028259098332374e+00 3.210476261301722367e+00 6.537755847380344321e-01 6.479166666666667140e+01 8.069797146280261302e+01 4.000000000000000000e+01
3.443857242552258668e+00 1.912010858016572445e+00 3.026613173182229222e+00 6.330558401113411948e-01 7.737179487179484738e+01 9.812430152311225129e+01 4.000000000000000000e+01
3.375437903527044092e+00 1.624504792712470058e+00 2.759335787082267899e+00 7.975811779593726669e-01 6.489583333333335702e+01 7.866597388655465295e+01 4.000000000000000000e+01
3.411189702003358359e+00 1.722853095247564914e+00 3.032367463582804845e+00 7.494233512415099385e-01 5.898717948717947479e+01 7.243933062024493097e+01 4.000000000000000000e+01
3.375437903527041428e+00 1.624504792712470280e+00 3.275451344203342607e+00 8.086175508595939698e-01 5.552631578947368496e+01 6.886391745229629180e+01 4.000000000000000000e+01
3.515112659837269060e+00 1.839280273922696329e+00 3.174029329277623379e+00 8.590706584287691738e-01 5.239999999999999858e+01 6.575017447526202830e+01 4.000000000000000000e+01
3.586363173595479736e+00 1.161072213126829400e+00 3.742687604938078838e+00 8.191079556564564434e-01 5.506613756613757005e+01 6.735665899854961935e+01 4.000000000000000000e+01
2.501653311125224821e+00 1.023636502037103657e+00 2.402248867962862189e+00 7.812184065277304468e-01 5.401041666666667140e+01 6.407530058251728633e+01 4.000000000000000000e+01
3.443857242552258668e+00 1.409562221123510373e+00 3.345138626910490576e+00 9.146581002817715245e-01 5.931122448979593287e+01 7.239438665528908246e+01 4.000000000000000000e+01
3.552343858581806124e+00 1.597137752747577633e+00 3.504781696448700856e+00 7.959903631291679327e-01 6.064171122994652308e+01 7.601140561718993638e+01 4.000000000000000000e+01
3.402564240911784665e+00 2.088584078581227743e+00 3.017080294338748025e+00 6.807098888388507518e-01 7.065384615384616041e+01 8.759207992021268296e+01 4.000000000000000000e+01
3.314454017339988567e+00 1.870264281879726376e+00 2.888769908704771794e+00 6.085951322138092312e-01 6.877551020408164106e+01 8.580048996634032221e+01 4.000000000000000000e+01
3.346195160597230434e+00 1.971982379378248051e+00 3.080857390029970944e+00 8.282956224939785894e-01 5.362500000000000000e+01 6.622847081937501912e+01 4.000000000000000000e+01
3.515112659837269060e+00 1.598185403400500748e+00 3.606013674088466292e+00 7.677967837237312798e-01 6.510416666666667140e+01 8.085203819366040534e+01 4.000000000000000000e+01
3.443857242552258668e+00 2.394150907079332757e+00 2.940301025473521790e+00 8.015129028390716170e-01 6.292328042328043125e+01 7.928107867479967297e+01 4.000000000000000000e+01
3.375437903527041428e+00 1.766594575595409111e+00 3.381560868237241113e+00 6.987159060967852442e-01 6.130050505050506615e+01 7.640636101050280615e+01 4.000000000000000000e+01
3.443857242552258668e+00 1.552287129360026663e+00 3.391483880978293453e+00 6.599931779344343497e-01 6.788265306122450227e+01 8.281742251467687765e+01 4.000000000000000000e+01
3.411189702003358359e+00 1.742413717864787159e+00 2.937113611178711281e+00 7.367083823089964900e-01 6.556122448979593287e+01 8.109369132264927771e+01 4.000000000000000000e+01
3.411189702003358359e+00 2.122804846363002707e+00 3.227152615258597645e+00 7.734757611886934336e-01 5.947089947089948936e+01 7.542031414011593426e+01 4.000000000000000000e+01
3.443857242552258668e+00 1.912010858016573334e+00 3.208247438338282631e+00 6.866713198164361431e-01 6.665384615384616041e+01 8.125116406594663943e+01 4.000000000000000000e+01
3.552343858581806124e+00 2.196440690982277122e+00 2.960314890267705223e+00 8.393009185233510916e-01 6.200000000000000000e+01 7.617593284226327910e+01 4.000000000000000000e+01
3.515112659837269060e+00 1.839695806871924466e+00 3.498258665028854963e+00 8.099941357457413060e-01 6.263157894736842479e+01 7.891428530675648290e+01 4.000000000000000000e+01
3.375437903527041428e+00 1.961893329258139973e+00 3.263585082236987844e+00 7.527902763224039173e-01 6.473684210526316463e+01 8.295741910876375869e+01 4.000000000000000000e+01
3.411189702003358359e+00 1.811778747763777453e+00 3.170724083533893900e+00 7.830464116827361432e-01 5.699494949494952323e+01 7.001875265401091042e+01 4.000000000000000000e+01
3.473953464439375249e+00 2.040239133467530497e+00 3.136027886605644355e+00 7.318334721080733685e-01 6.310606060606062329e+01 7.924267536208080287e+01 4.000000000000000000e+01
3.402564240911784665e+00 1.780791619608447673e+00 2.960717403347694177e+00 7.656958373552029684e-01 6.091836734693879407e+01 7.413774496861759644e+01 4.000000000000000000e+01
3.375437903527041428e+00 1.875680556607219218e+00 2.975969479896132697e+00 7.220214295739323385e-01 6.648717948717948900e+01 8.149084512384126811e+01 4.000000000000000000e+01
3.335914189305273503e+00 2.075960420480118085e+00 3.062634186180865914e+00 8.334402517826949852e-01 5.619565217391303946e+01 7.081513258527088794e+01 4.000000000000000000e+01
3.473953464439375249e+00 1.200035112466062648e+00 3.806956717638594334e+00 9.905575639260839615e-01 4.775000000000000000e+01 5.799750288424647238e+01 4.000000000000000000e+01
3.586363173595479736e+00 1.854543712216394580e+00 3.598390248353659171e+00 7.722884434062579073e-01 6.237500000000000000e+01 7.832069103287405198e+01 4.000000000000000000e+01
3.427873620019257661e+00 1.758957338718774688e+00 3.365806736302241475e+00 7.666704752345546714e-01 5.518518518518519045e+01 6.833588205956728245e+01 4.000000000000000000e+01
3.473953464439375249e+00 1.280497165387821212e+00 3.755857460195982434e+00 7.370042318447781460e-01 5.729166666666667140e+01 7.011740982066919514e+01 4.000000000000000000e+01
3.473953464439375249e+00 2.059374880803065189e+00 3.386822263232512231e+00 7.840639044321778828e-01 5.625000000000000000e+01 6.958397625426601962e+01 4.000000000000000000e+01
3.515112659837269060e+00 1.817699369943604593e+00 3.567918379289735320e+00 8.244577338220158147e-01 6.065789473684211686e+01 7.612182019863794835e+01 4.000000000000000000e+01
3.327479068260029926e+00 1.877613995400559066e+00 2.900362772209899020e+00 7.502263040961163476e-01 6.359693877551022467e+01 7.769530830251554221e+01 4.000000000000000000e+01
3.411189702003358359e+00 2.074882723738735724e+00 3.073626425876663237e+00 6.984115962601740168e-01 6.917112299465240710e+01 8.865261544341318256e+01 4.000000000000000000e+01
3.279716080596871919e+00 1.654188928011892434e+00 3.376330752073314123e+00 7.055835737499459581e-01 5.979166666666667140e+01 7.466661865720510605e+01 4.000000000000000000e+01
3.515112659837269060e+00 2.161069931609576500e+00 3.266050510818555352e+00 7.692600295103632080e-01 6.525000000000000000e+01 8.284708286767539676e+01 4.000000000000000000e+01
3.473953464439375249e+00 1.858463856794972058e+00 2.939406142817844181e+00 6.826111790513270661e-01 5.963541666666667140e+01 7.205058096264500023e+01 4.000000000000000000e+01
3.473953464439375249e+00 1.731177656227773642e+00 3.242307173860667024e+00 6.967281014078922086e-01 6.948717948717947479e+01 8.595896302052307192e+01 4.000000000000000000e+01
3.411189702003358359e+00 2.217886149399631801e+00 3.073931223099354515e+00 7.838396129777133181e-01 5.925000000000000000e+01 7.404265118812716651e+01 4.000000000000000000e+01
3.411189702003358359e+00 2.235072176280949563e+00 3.115667544211819795e+00 7.281110630644296311e-01 7.005347593582888521e+01 8.972062967352196949e+01 4.000000000000000000e+01
3.375437903527041428e+00 1.337245647334834864e+00 3.360921207151520651e+00 9.211763404963074775e-01 6.525641025641024839e+01 7.989699283207457370e+01 4.000000000000000000e+01
3.314454017339988567e+00 1.614054238462063307e+00 3.092552775523047970e+00 8.677480591518643704e-01 6.564102564102563520e+01 8.036933902675762909e+01 4.000000000000000000e+01
3.515112659837269060e+00 2.056405897627703983e+00 2.861978747291971992e+00 7.660469782902349367e-01 5.947368421052631504e+01 7.377309556550888203e+01 4.000000000000000000e+01
3.427873620019257661e+00 2.119479814535984996e+00 2.925612917246274147e+00 8.412456599598446827e-01 6.575000000000000000e+01 8.134618600343452499e+01 4.000000000000000000e+01
3.515112659837269060e+00 1.507837806186592022e+00 3.134696342937293156e+00 8.108140491368831526e-01 5.487500000000000000e+01 6.750167418752488402e+01 4.000000000000000000e+01
3.552343858581806124e+00 2.090087829360724125e+00 3.325998546762746422e+00 7.938914716199773070e-01 5.744708994708994254e+01 7.189253606788864204e+01 4.000000000000000000e+01
3.375437903527041428e+00 1.849265507988583357e+00 3.084829794878111819e+00 7.589530676251696750e-01 6.065789473684211686e+01 7.484399100057848386e+01 4.000000000000000000e+01
3.501871511350209687e+00 2.056635292028815343e+00 3.200587450048420823e+00 7.607554266736784587e-01 5.782828282828284472e+01 6.952601746544037553e+01 4.000000000000000000e+01
3.411189702003358359e+00 2.007037146072965683e+00 3.373905418199643957e+00 7.713781453975286917e-01 6.075000000000000000e+01 7.608138755732308312e+01 4.000000000000000000e+01
3.515112659837269060e+00 1.775340351956355756e+00 3.141993567650323449e+00 6.022028117670203962e-01 6.698979591836736347e+01 8.194699465554036522e+01 4.000000000000000000e+01
3.552343858581806124e+00 2.133113996346074792e+00 2.778603874498184467e+00 8.300546889310245202e-01 5.574494949494948060e+01 6.832160714411152469e+01 4.000000000000000000e+01
3.473953464439375249e+00 1.774473043263515626e+00 3.311947199760561844e+00 7.160402398899754495e-01 6.348717948717947479e+01 7.883001522760096691e+01 4.000000000000000000e+01
3.427873620019257661e+00 1.312468878690845386e+00 3.430424583924332804e+00 8.539331594446227802e-01 5.447368421052631504e+01 6.724749136713305120e+01 4.000000000000000000e+01
3.411189702003358359e+00 1.811778747763778341e+00 3.234634810343716360e+00 6.896958460534337032e-01 5.893939393939395899e+01 7.334245093576731733e+01 4.000000000000000000e+01
3.552343858581806124e+00 1.212627101548795716e+00 3.519428382792504806e+00 9.177223265566618604e-01 5.711229946524063195e+01 6.936655395244071087e+01 4.000000000000000000e+01
3.411189702003358359e+00 2.049731525240527930e+00 2.547682171386065342e+00 7.065985730175182722e-01 6.760416666666667140e+01 8.515001865688196858e+01 4.000000000000000000e+01
3.515112659837269060e+00 1.744934364621253620e+00 3.218210943232937105e+00 6.923291831491885651e-01 5.696524064171123314e+01 6.911814760729529894e+01 4.000000000000000000e+01
3.552343858581806124e+00 2.149769554202884070e+00 3.375106288290555590e+00 7.560037232330117929e-01 6.486842105263157521e+01 8.177195852639069074e+01 4.000000000000000000e+01
3.552343858581806124e+00 1.519728399028968724e+00 3.281009233638029876e+00 9.753063546458172750e-01 4.860000000000000142e+01 5.830475831523766317e+01 4.000000000000000000e+01
3.411189702003358359e+00 1.942522883023684699e+00 3.233326056483637689e+00 7.887194836217540361e-01 5.907894736842105488e+01 7.437985439571443180e+01 4.000000000000000000e+01
3.314454017339988567e+00 1.979648484070675174e+00 3.009261173672260536e+00 6.681246483281846338e-01 6.526041666666667140e+01 8.121267690173668541e+01 4.000000000000000000e+01
3.427873620019257661e+00 1.785169244038617542e+00 3.279308217259004454e+00 6.754621564390567157e-01 7.049465240641710295e+01 9.065704446432422969e+01 4.000000000000000000e+01
3.427873620019257661e+00 1.501729386786691434e+00 3.474630985234137714e+00 7.524213413528165750e-01 5.256613756613757005e+01 6.432926608039547034e+01 4.000000000000000000e+01
3.586363173595479736e+00 1.708200852033286754e+00 3.394239143958501792e+00 5.800279240800498837e-01 7.697916666666665719e+01 9.562714601084019250e+01 4.000000000000000000e+01
3.501871511350209687e+00 2.152929353874384777e+00 3.030199301643015541e+00 7.345692459335919633e-01 6.725935828877004496e+01 8.391351655707012469e+01 4.000000000000000000e+01
3.473953464439375249e+00 1.680843389639488539e+00 3.401103357407685657e+00 6.438530173675238721e-01 6.609693877551022467e+01 8.183676432818738533e+01 4.000000000000000000e+01
3.501871511350209687e+00 1.520688066306035147e+00 3.177557299094667442e+00 8.337545978013840564e-01 6.294871794871795601e+01 7.640921297954146496e+01 4.000000000000000000e+01
3.346195160597230434e+00 1.453085594876451614e+00 3.043697073801494568e+00 9.953584449861264671e-01 5.573979591836735636e+01 6.779489517530218734e+01 4.000000000000000000e+01
3.411189702003358359e+00 2.037426522473833934e+00 3.559289911891133418e+00 8.194409451479811590e-01 5.760869565217390686e+01 7.299337719883888553e+01 4.000000000000000000e+01
3.473953464439375249e+00 1.990265733299813711e+00 3.374846736200160624e+00 6.835461971818220794e-01 6.807291666666667140e+01 8.575773896544146169e+01 4.000000000000000000e+01
3.375437903527041428e+00 2.042907894637643995e+00 3.116654705532906799e+00 7.354006873112591824e-01 5.862500000000000000e+01 7.344801898744412938e+01 4.000000000000000000e+01
3.586363173595479736e+00 2.154990575154205779e+00 3.164251838901020797e+00 8.321404269641028417e-01 6.210858585858585457e+01 7.901041209404456822e+01 4.000000000000000000e+01
3.411189702003358359e+00 1.824887073110960767e+00 3.081649632035029285e+00 7.569286603405448455e-01 5.828947368421052744e+01 7.256929531973754877e+01 4.000000000000000000e+01
3.473953464439375249e+00 1.597137752747576078e+00 3.326865054695077983e+00 9.092639414838609158e-01 5.593750000000000000e+01 6.978129609261405619e+01 4.000000000000000000e+01
6.324555320336764375e+00 4.472135954999575169e+00 4.974937185533100603e+00 9.026383587686025445e-01 5.839999999999999858e+01 7.263555582854671400e+01 4.000000000000000000e+01
3.346195160597230434e+00 1.746539791029849686e+00 2.967647152257059329e+00 5.059518947089535201e-01 7.654040404040404155e+01 9.417371112621466978e+01 4.000000000000000000e+01
3.335914189305273503e+00 2.125544030094712600e+00 3.202968458222378079e+00 7.422671299204453010e-01 6.671052631578946546e+01 8.616163844237995306e+01 4.000000000000000000e+01
3.411189702003358359e+00 1.872710705248172625e+00 3.210077826330943296e+00 6.858897570928488285e-01 6.240641711229945798e+01 7.860710394651371757e+01 4.000000000000000000e+01
3.443857242552258668e+00 2.225407154877130811e+00 2.880793502376654214e+00 7.059564329408360983e-01 7.338541666666667140e+01 9.413031891359115377e+01 4.000000000000000000e+01
3.515112659837269060e+00 2.270589896208237146e+00 3.049342359043539563e+00 7.899762474826409475e-01 6.267676767676767469e+01 7.964713492181085996e+01 4.000000000000000000e+01
3.473953464439375249e+00 2.181815471894439806e+00 3.487893703751040686e+00 8.928322342399448441e-01 5.613756613756613945e+01 7.128548869343758554e+01 4.000000000000000000e+01
3.443857242552258668e+00 1.759100087065504692e+00 3.217583018757474100e+00 7.281105262599357753e-01 6.270053475935829113e+01 7.849946341623555668e+01 4.000000000000000000e+01
3.443857242552258668e+00 1.842363255225079488e+00 3.203608301157039762e+00 7.238838453020695063e-01 6.108288770053476213e+01 7.515449079439892444e+01 4.000000000000000000e+01
3.443857242552258668e+00 1.989603913425654014e+00 2.862867286430969660e+00 6.582727905747868258e-01 7.234693877551022467e+01 9.048826516484642468e+01 4.000000000000000000e+01
3.375437903527041428e+00 1.292392220780831158e+00 3.073960864794104797e+00 1.008411825441206888e+00 4.592105263157895223e+01 5.490890064297427386e+01 4.000000000000000000e+01
3.473953464439375249e+00 1.297648089140807093e+00 3.460868737249176430e+00 7.483341701793557732e-01 5.982051282051282470e+01 7.365989780667833031e+01 4.000000000000000000e+01
3.552343858581806124e+00 1.768294054245834968e+00 3.121494321973130148e+00 7.764240672813752520e-01 5.824494949494950902e+01 7.159721213668900930e+01 4.000000000000000000e+01
3.515112659837269060e+00 2.621113598018832480e+00 3.110725281788663033e+00 8.921475747921967514e-01 6.200000000000000000e+01 7.868121891403953327e+01 4.000000000000000000e+01
3.375437903527044092e+00 1.915675295850276072e+00 2.860998106485267201e+00 6.839672828691550910e-01 6.615384615384616041e+01 8.066168860208523483e+01 4.000000000000000000e+01
3.473953464439375249e+00 2.019153165553771778e+00 3.390664626821548566e+00 7.489764929890441181e-01 5.986842105263157521e+01 7.527550459556452722e+01 4.000000000000000000e+01
3.515112659837269060e+00 2.064411766179052421e+00 3.183468562903926991e+00 8.143262947997912393e-01 5.858585858585858119e+01 7.420266344400656067e+01 4.000000000000000000e+01
3.411189702003358359e+00 1.776480587275395040e+00 3.078865144575851698e+00 6.287500426819505606e-01 6.382051282051281049e+01 7.885033684276127985e+01 4.000000000000000000e+01
3.552343858581806124e+00 2.178785990668596018e+00 2.951311009550265041e+00 8.216466188459792264e-01 6.661375661375662105e+01 8.552966709755898478e+01 4.000000000000000000e+01
3.411189702003358359e+00 1.405115826483644748e+00 3.562806738195877010e+00 6.028443925097823897e-01 6.864583333333334281e+01 8.421607286355155964e+01 4.000000000000000000e+01
3.411189702003358359e+00 1.898255331072270291e+00 3.007665605364044037e+00 7.473476559894411952e-01 5.921717171717171624e+01 7.271893472504922329e+01 4.000000000000000000e+01
6.324555320336762598e+00 3.316624790355395813e+00 4.680714786129455796e+00 7.851968932731864248e-01 5.324494949494950902e+01 6.486486235954814106e+01 4.000000000000000000e+01
3.586363173595479736e+00 1.648817716830679458e+00 3.600181778375612929e+00 8.533927265710885557e-01 6.054232804232805165e+01 7.506989002198017147e+01 4.000000000000000000e+01
3.473953464439375249e+00 1.330111991722527698e+00 3.542707628171246625e+00 8.500703087781273926e-01 5.487500000000000000e+01 6.705684548084757068e+01 4.000000000000000000e+01
3.586363173595479736e+00 2.110103728469561180e+00 3.191277591016180359e+00 8.261760577932292238e-01 5.642676767676767469e+01 7.082269613827922683e+01 4.000000000000000000e+01
3.501871511350209687e+00 2.024403944365167352e+00 3.177103004779621820e+00 7.568854987741352458e-01 6.092105263157894512e+01 7.605081285291689142e+01 4.000000000000000000e+01
3.473953464439375249e+00 1.526556599311596374e+00 3.551895392343335178e+00 7.823567358237952796e-01 6.284759358288770414e+01 7.929891776952702287e+01 4.000000000000000000e+01
6.324555320336762598e+00 4.242640687119281218e+00 5.131601439446884072e+00 8.971957674185349063e-01 5.750000000000000000e+01 7.206855626715595520e+01 4.000000000000000000e+01
3.473953464439375249e+00 1.691726385149355805e+00 3.456086797295600643e+00 8.669998211400399279e-01 5.921052631578947967e+01 7.338926212571900010e+01 4.000000000000000000e+01
3.375437903527041428e+00 2.090912842814905304e+00 2.985430727880858726e+00 7.280916317959653661e-01 6.461229946524063905e+01 8.039701715760517686e+01 4.000000000000000000e+01
3.375437903527041428e+00 2.365600537900694356e+00 3.137684051294689969e+00 8.691602579771890991e-01 6.282608695652174191e+01 7.943154932229704457e+01 4.000000000000000000e+01
3.473953464439375249e+00 1.971554013320436338e+00 3.223604468509981391e+00 7.536109541342558282e-01 7.088383838383840896e+01 9.122852198718415195e+01 4.000000000000000000e+01
3.473953464439375249e+00 2.244855216398032649e+00 3.383564434088364159e+00 8.960355196879763451e-01 6.000000000000000000e+01 7.615270734501567063e+01 4.000000000000000000e+01
3.346195160597230434e+00 1.887161837735730208e+00 3.119045138513777182e+00 7.138015161942842246e-01 6.372994652406417515e+01 7.993155401304643703e+01 4.000000000000000000e+01
3.375437903527041428e+00 1.690449345028847805e+00 2.810035224204395998e+00 6.047853515527455981e-01 6.877551020408164106e+01 8.635697480139376125e+01 4.000000000000000000e+01
3.411189702003358359e+00 2.093878615122128917e+00 3.283828213203241031e+00 8.536391628862444181e-01 6.222222222222221433e+01 7.866561388333512639e+01 4.000000000000000000e+01
3.586363173595479736e+00 2.084488646412946622e+00 3.362536288164215570e+00 7.253692712780588359e-01 6.858288770053475503e+01 8.672635512752545139e+01 4.000000000000000000e+01
3.515112659837269060e+00 2.458414178117933169e+00 3.078806556994388988e+00 8.784113600504113162e-01 6.260416666666667140e+01 7.929301351291563549e+01 4.000000000000000000e+01
3.291665350506605581e+00 1.744934364621254952e+00 3.096047479763778032e+00 8.627416152447885400e-01 5.032608695652173481e+01 6.190332227834826284e+01 4.000000000000000000e+01
3.375437903527041428e+00 1.702468100894255043e+00 3.132986356884272183e+00 7.064124740842133710e-01 6.698979591836736347e+01 8.411994074019587231e+01 4.000000000000000000e+01
3.443857242552258668e+00 1.858694536616171122e+00 3.268863325870178915e+00 6.427951043924151620e-01 6.619791666666667140e+01 8.297075700302070800e+01 4.000000000000000000e+01
6.324555320336764375e+00 4.690415759823421737e+00 4.738622738153509317e+00 9.220214918823681494e-01 5.002873563218390984e+01 6.211197403498137959e+01 4.000000000000000000e+01
3.402564240911784665e+00 1.890754258170906921e+00 3.135566009536271626e+00 6.723513298583806419e-01 6.598717948717948900e+01 8.141241086790162740e+01 4.000000000000000000e+01
3.411189702003358359e+00 1.481309481210083545e+00 3.199921068523444490e+00 9.675211642761203379e-01 4.921717171717171624e+01 5.914903725616470354e+01 4.000000000000000000e+01
3.411189702003358359e+00 2.457550487550851592e+00 3.037235609526088176e+00 8.786916989268301892e-01 6.108695652173913260e+01 7.744018795054115856e+01 4.000000000000000000e+01
2.456456052231581921e+00 1.174618943088018952e+00 2.694229017193594977e+00 7.602605027544664384e-01 5.872994652406417515e+01 7.169139462598660373e+01 4.000000000000000000e+01
3.314454017339988567e+00 1.898886764844517128e+00 3.149750358360858815e+00 6.906847592540805714e-01 6.916666666666667140e+01 8.850534445414614027e+01 4.000000000000000000e+01
3.443857242552258668e+00 1.939865771538743955e+00 3.157131818918215593e+00 7.138042618933184702e-01 6.338541666666667140e+01 7.739968144584466359e+01 4.000000000000000000e+01
3.443857242552258668e+00 2.271700506862488478e+00 2.976443760126902482e+00 7.820009295411506356e-01 6.078042328042328535e+01 7.694115648415255748e+01 4.000000000000000000e+01
3.443857242552258668e+00 1.349282847673562102e+00 3.216826458010923595e+00 7.598301961588966869e-01 6.621794871794871540e+01 8.072171481917713720e+01 4.000000000000000000e+01
6.324555320336762598e+00 4.358898943540673976e+00 4.790341159150631967e+00 8.645300107330260442e-01 6.006313131313130782e+01 7.480499855397049203e+01 4.000000000000000000e+01
3.443857242552258668e+00 1.318588709661506764e+00 3.244073743354423112e+00 7.964652019612832312e-01 6.410256410256410220e+01 7.823331372978459797e+01 4.000000000000000000e+01
3.473953464439375249e+00 1.561893344288868946e+00 3.319251537003620189e+00 8.988894133513898321e-01 5.898717948717947479e+01 7.237832456599737441e+01 4.000000000000000000e+01
3.501871511350209687e+00 2.165233262410561021e+00 2.801421982148811551e+00 8.151245565324134468e-01 5.825000000000000000e+01 7.186073152204735948e+01 4.000000000000000000e+01
3.314454017339988567e+00 1.931683736018539488e+00 2.872674172124335179e+00 6.733019929855601493e-01 6.901041666666667140e+01 8.762379849819191691e+01 4.000000000000000000e+01
2.501653311125224821e+00 1.029186008964761090e+00 2.663957245832889509e+00 7.799173209449078437e-01 5.681122448979593287e+01 6.833847310927573915e+01 4.000000000000000000e+01
3.346195160597230434e+00 1.971982379378247607e+00 3.055689104955155333e+00 7.335585507914602621e-01 6.093582887700535622e+01 7.562615481534857054e+01 4.000000000000000000e+01
3.375437903527041428e+00 2.013176623041762703e+00 3.059547369306381270e+00 9.208162908313745065e-01 5.109693877551021046e+01 6.365787777184857532e+01 4.000000000000000000e+01
3.443857242552258668e+00 1.666281583866928262e+00 3.388122895783570954e+00 8.404077022558571475e-01 5.608288770053476213e+01 6.897405100436861858e+01 4.000000000000000000e+01
3.552343858581806124e+00 1.881363653306588057e+00 3.259471025917459741e+00 8.811032556314029041e-01 5.597826086956521152e+01 6.765396216129227014e+01 4.000000000000000000e+01
3.473953464439375249e+00 1.729272700066628587e+00 3.556956177544462250e+00 7.776107906666368530e-01 5.894736842105262298e+01 7.371262845422172916e+01 4.000000000000000000e+01
3.473953464439375249e+00 1.834629509284803284e+00 3.303636825036400104e+00 6.379257668758868682e-01 6.498717948717947479e+01 8.105524332587985725e+01 4.000000000000000000e+01
3.552343858581806124e+00 2.309661710466099915e+00 3.050287292458360611e+00 8.479524709357956214e-01 5.994949494949494095e+01 7.605405838257064488e+01 4.000000000000000000e+01
3.501871511350209687e+00 1.665145830737714050e+00 3.082835910683496383e+00 7.590763062408122375e-01 5.565384615384614619e+01 6.727601071630283514e+01 4.000000000000000000e+01
3.427873620019257661e+00 1.834629509284802840e+00 3.414909784047783781e+00 7.249111389436319053e-01 6.089947089947090575e+01 7.768690088012689898e+01 4.000000000000000000e+01
3.402564240911784665e+00 2.088584078581227743e+00 2.942157094209016055e+00 7.042390625741606902e-01 6.632051282051283181e+01 8.084661762779296623e+01 4.000000000000000000e+01
3.617704769439423096e+00 2.272098437560115869e+00 3.056691983819531444e+00 8.062760826330220842e-01 6.394736842105262298e+01 7.978570314473772385e+01 4.000000000000000000e+01
3.279716080596871919e+00 1.738599974737295106e+00 3.043771423210558158e+00 6.846655420428889860e-01 6.729166666666667140e+01 8.358585973411132386e+01 4.000000000000000000e+01
2.501653311125224821e+00 1.050480468452381633e+00 2.374120429383760555e+00 7.246382323485561772e-01 6.718750000000000000e+01 8.143718364596752224e+01 4.000000000000000000e+01
3.515112659837269060e+00 1.690779962349644228e+00 3.507276264263447185e+00 8.944337079538030588e-01 5.750000000000000000e+01 7.116038760369113447e+01 4.000000000000000000e+01
3.443857242552258668e+00 2.169670776338977536e+00 3.068661941777790947e+00 7.456933275074445477e-01 6.473684210526316463e+01 8.203500187083560036e+01 4.000000000000000000e+01
3.501871511350209687e+00 1.922494156175979407e+00 3.188785036011236862e+00 7.732040307887084740e-01 5.574494949494950902e+01 6.783887913822108828e+01 4.000000000000000000e+01
6.324555320336766151e+00 4.242640687119281218e+00 4.836206042848968600e+00 7.838410841058151002e-01 6.280423280423281795e+01 8.011084878506882490e+01 4.000000000000000000e+01
6.324555320336767927e+00 3.464101615137753054e+00 4.881939505292270276e+00 8.656056346812153190e-01 5.110000000000000142e+01 6.406845388349040604e+01 4.000000000000000000e+01
3.552343858581806124e+00 1.937816619902344106e+00 3.093863666876384588e+00 8.136442671386127090e-01 6.287500000000000000e+01 7.896032028930105184e+01 4.000000000000000000e+01
3.375437903527041428e+00 2.090912842814905304e+00 3.004497986110795882e+00 7.950430392073921659e-01 6.284759358288770414e+01 7.768643120791054457e+01 4.000000000000000000e+01
6.324555320336764375e+00 4.358898943540664206e+00 4.605488716280767392e+00 7.713001091833124878e-01 6.199494949494949481e+01 7.835925615675934353e+01 4.000000000000000000e+01
3.552343858581806124e+00 1.972777916481185612e+00 3.732049383593765590e+00 9.144194287212376038e-01 6.050824175824175910e+01 7.551075799763324881e+01 4.000000000000000000e+01
3.515112659837269060e+00 1.075826013155565031e+00 3.686433410736690508e+00 7.407312273529863544e-01 6.064171122994652308e+01 7.380634679340155913e+01 4.000000000000000000e+01
3.586363173595479736e+00 2.295761793439567988e+00 3.216753154045182139e+00 8.670112023405023294e-01 5.847222222222221433e+01 7.243961347305356924e+01 4.000000000000000000e+01
3.473953464439375249e+00 2.019153165553774443e+00 2.924157055945661554e+00 7.071609107657860216e-01 6.034759358288770414e+01 7.464717001221930559e+01 4.000000000000000000e+01
3.515112659837269060e+00 1.799568794360745905e+00 2.897299308258636685e+00 6.087567252930394801e-01 6.832051282051283181e+01 8.600630272599654802e+01 4.000000000000000000e+01
3.515112659837269060e+00 2.354418252102261633e+00 3.283720426309740148e+00 8.406516467626021782e-01 6.302083333333333570e+01 8.141919393045101572e+01 4.000000000000000000e+01
3.515112659837269060e+00 2.043075972963262377e+00 3.292140810894955472e+00 7.137577961173463548e-01 7.093582887700534911e+01 9.007569855511528090e+01 4.000000000000000000e+01
3.411189702003358359e+00 1.425367709987946707e+00 3.157798606108342288e+00 7.942498458281601614e-01 5.449494949494950902e+01 6.616412061455807248e+01 4.000000000000000000e+01
3.335914189305273503e+00 2.096244778937915054e+00 2.975874349199509883e+00 8.709751909297793748e-01 6.195652173913043015e+01 7.824774814748796814e+01 4.000000000000000000e+01
3.443857242552258668e+00 1.937490689859083126e+00 3.325989434961973856e+00 7.730286315655942042e-01 5.657894736842105488e+01 6.949533868321566388e+01 4.000000000000000000e+01
3.411189702003358359e+00 1.982673215289042279e+00 3.014685058781803040e+00 7.391216703985000747e-01 6.018939393939394478e+01 7.496057578348593609e+01 4.000000000000000000e+01
3.402564240911784665e+00 2.005201850385497586e+00 3.038272760218802215e+00 7.268738310062411445e-01 6.137700534759357396e+01 7.606136228734817450e+01 4.000000000000000000e+01
3.411189702003358359e+00 1.801483339695154395e+00 3.195771718380608917e+00 7.080145663956258772e-01 5.796717171717171624e+01 7.132980383955374748e+01 4.000000000000000000e+01
3.443857242552258668e+00 2.113930817004603391e+00 2.951779250744557714e+00 7.770867938973480271e-01 5.921717171717174466e+01 7.093959482518098980e+01 4.000000000000000000e+01
3.552343858581806124e+00 2.068327698719720331e+00 3.299521191809424270e+00 8.153914303804308261e-01 6.637500000000000000e+01 8.435567917026658336e+01 4.000000000000000000e+01
3.375437903527044092e+00 2.364715397206820668e+00 2.889653009576879317e+00 8.512424164243177493e-01 6.665404040404040131e+01 8.416884027291308712e+01 4.000000000000000000e+01
3.501871511350209687e+00 1.719301677402367945e+00 3.302333160837851445e+00 6.784743062389032575e-01 6.794871794871795601e+01 8.350397625077552277e+01 4.000000000000000000e+01
3.473953464439375249e+00 1.671917604155872983e+00 3.285910009709590351e+00 8.010746581851484471e-01 5.839947089947090575e+01 7.299101367369688376e+01 4.000000000000000000e+01
3.473953464439375249e+00 1.796415544706094991e+00 3.214144885700434884e+00 7.412359751227024507e-01 6.088383838383839475e+01 7.538906483955274496e+01 4.000000000000000000e+01
3.375437903527041428e+00 2.136029550856034742e+00 3.057165595556932569e+00 7.758563501319126754e-01 6.012500000000000000e+01 7.504905486711911067e+01 4.000000000000000000e+01
3.375437903527041428e+00 1.849265507988583801e+00 3.131498531089808690e+00 8.010570130323744209e-01 5.649470899470900065e+01 7.084018440675924921e+01 4.000000000000000000e+01
3.346195160597230434e+00 1.591121462464751168e+00 2.913814839713073646e+00 7.338848361354728400e-01 6.790404040404040131e+01 8.256939303268075037e+01 4.000000000000000000e+01
3.346195160597230434e+00 2.271700506862489366e+00 2.811753904292953798e+00 8.557682999771140109e-01 6.401041666666667140e+01 7.862097076577623511e+01 4.000000000000000000e+01
3.443857242552258668e+00 2.053983243642192758e+00 3.355226711303529008e+00 7.343161555754381675e-01 6.741161616161618042e+01 8.595701163902671738e+01 4.000000000000000000e+01
3.375437903527044092e+00 2.000974423345060593e+00 2.892226065058787654e+00 9.689272297737773210e-01 5.725935828877005207e+01 7.008670704118240735e+01 4.000000000000000000e+01
3.617704769439423096e+00 1.171218942358652981e+00 3.488163820388044289e+00 8.463304476362182305e-01 5.696524064171123314e+01 6.979080734340750780e+01 4.000000000000000000e+01
2.456456052231581921e+00 1.231144413344916533e+00 2.534131942196103715e+00 7.170880109991997209e-01 6.332051282051282470e+01 7.822730807605884706e+01 4.000000000000000000e+01
3.473953464439375249e+00 1.933182044931761823e+00 3.038065727587120346e+00 7.751218191865678619e-01 5.750000000000000000e+01 7.054554837068943129e+01 4.000000000000000000e+01
6.324555320336764375e+00 3.872983346207408584e+00 5.112077203381549140e+00 8.745268520997725448e-01 5.824494949494949481e+01 7.131992961347737037e+01 4.000000000000000000e+01
3.443857242552258668e+00 2.311579248730031289e+00 2.787823240194144070e+00 7.208259662463406547e-01 7.005050505050508036e+01 9.054171601748186049e+01 4.000000000000000000e+01
