3.346195160597230434e+00 1.697266976849926001e+00 3.928052804970631584e+00 5.297290600277433370e-01 4.120980331499028182e+01 5.053269456616428812e+01 4.000000000000000000e+01
3.515112659837269060e+00 1.810341636517549757e+00 4.701400381705072462e+00 6.975785193325240163e-01 6.655346717140349710e+01 8.021683884931012187e+01 4.000000000000000000e+01
3.586363173595479736e+00 2.188095506837739013e+00 3.644341069833923363e+00 7.570077293782341288e-01 7.700379149731490713e+01 8.846218098677579178e+01 4.000000000000000000e+01
3.586363173595479736e+00 1.985558789221687936e+00 3.572525313971593786e+00 6.053090015498918675e-01 6.019672111886946908e+01 7.515618458479018216e+01 4.000000000000000000e+01
3.335914189305273503e+00 1.942478228074271396e+00 3.482171911263741038e+00 6.594678278291000728e-01 6.783312544551431245e+01 8.529488666257820739e+01 4.000000000000000000e+01
3.335914189305273503e+00 1.422482856130587781e+00 5.731198016930999728e+00 7.348370052152866094e-01 4.473350542036077115e+01 5.296298377228432486e+01 4.000000000000000000e+01
3.375437903527044092e+00 2.014447069796560630e+00 3.243769006720190973e+00 5.858283421354194553e-01 5.072657839605789576e+01 6.125337870670824714e+01 4.000000000000000000e+01
3.586363173595479736e+00 1.501297797277329149e+00 3.406295009483116587e+00 5.356128975391397651e-01 4.555453461899707435e+01 5.470570932787577334e+01 4.000000000000000000e+01
3.411189702003358359e+00 1.881647660489012885e+00 3.298479754670627262e+00 6.067537015732502592e-01 5.685920878026644232e+01 7.003390260256671240e+01 4.000000000000000000e+01
3.473953464439375249e+00 2.369279971906459892e+00 5.446640229727868210e+00 6.933608294941111527e-01 6.531280604188012262e+01 7.363005963417244004e+01 4.000000000000000000e+01
3.473953464439375249e+00 1.957876901619428844e+00 6.000294926990239475e+00 6.704715672083189082e-01 5.160589673026733948e+01 5.939473331535743483e+01 4.000000000000000000e+01
3.552343858581806124e+00 2.139223532174066911e+00 4.687442055651796835e+00 6.375923571759122277e-01 6.018995305378366822e+01 7.640051502781034287e+01 4.000000000000000000e+01
3.473953464439375249e+00 2.134577694504259160e+00 3.454873567396969491e+00 6.212058885721287727e-01 6.501503188589143178e+01 7.563789240446475048e+01 4.000000000000000000e+01
3.411189702003358359e+00 2.085189373006324676e+00 3.303905794249001548e+00 6.387826959576525798e-01 7.562972778294945897e+01 8.939851187209113448e+01 4.000000000000000000e+01
3.501871511350209687e+00 2.236302000539929224e+00 4.120229564528342436e+00 6.228298036958586081e-01 6.591165682356933075e+01 7.946504381194613131e+01 4.000000000000000000e+01
3.552343858581806124e+00 1.527449944593032294e+00 5.302360244497808850e+00 6.168680712343158623e-01 5.932781945652273947e+01 7.284507606762517185e+01 4.000000000000000000e+01
6.324555320336764375e+00 3.839605085632523007e+00 8.624149612319680358e+00 6.538081810030790253e-01 5.908540155907429181e+01 7.908884206922125770e+01 4.000000000000000000e+01
3.443857242552258668e+00 1.821657804557158533e+00 5.087383888120371900e+00 5.449654173551802261e-01 5.071485448001626395e+01 6.175154672974443315e+01 4.000000000000000000e+01
3.375437903527041428e+00 1.743400498438774981e+00 3.939829297758450810e+00 5.279815505290207378e-01 5.612158267249350985e+01 7.920135443076671322e+01 4.000000000000000000e+01
3.617704769439423096e+00 2.026073829310158558e+00 3.956822171652233600e+00 6.367321929640745726e-01 6.179844109257533091e+01 7.172131687799225119e+01 4.000000000000000000e+01
3.314454017339988567e+00 1.597407542220123489e+00 3.757739173771029062e+00 7.467816420996655769e-01 4.476154550048114800e+01 5.880078556598086692e+01 4.000000000000000000e+01
3.300951334040937990e+00 2.152065513899098725e+00 2.861606126570908515e+00 5.795741775645117944e-01 6.184069677889036853e+01 7.102922278249235433e+01 4.000000000000000000e+01
3.515112659837269060e+00 2.060532157975243361e+00 3.722067505586186709e+00 6.801373991192304347e-01 6.830159304943165921e+01 8.417919076227180142e+01 4.000000000000000000e+01
3.473953464439375249e+00 1.595649655770976505e+00 4.403398609097305183e+00 6.385452273705950477e-01 5.536346878821313311e+01 7.403834688655084051e+01 4.000000000000000000e+01
2.501653311125224821e+00 1.100257149802133405e+00 3.027985746659492161e+00 6.428063906026834085e-01 5.050516393015109173e+01 5.837642866540900854e+01 4.000000000000000000e+01
6.324555320336762598e+00 5.426412696372408639e+00 9.363427698040993619e+00 7.919286788290590406e-01 8.135737643598460522e+01 9.095412658395980543e+01 4.000000000000000000e+01
3.473953464439375249e+00 2.073710340731689250e+00 5.122158737369652215e+00 6.181236008778976387e-01 5.364588001265322248e+01 6.431810394528932306e+01 4.000000000000000000e+01
3.515112659837269060e+00 1.760248677180880517e+00 4.388917062858215701e+00 6.159780408447075306e-01 5.973962211182726634e+01 7.468823758427700454e+01 4.000000000000000000e+01
3.501871511350209687e+00 2.365951678893572385e+00 3.357535398215847344e+00 6.708230960039025526e-01 7.065906067514474387e+01 8.216879035557916211e+01 4.000000000000000000e+01
3.335914189305273503e+00 1.705717783206719185e+00 7.963698483309983089e+00 6.124420996976601694e-01 5.438137460561350878e+01 6.639371523818140020e+01 4.000000000000000000e+01
3.411189702003358359e+00 2.017075185312956709e+00 5.110419009534418855e+00 6.892894440824213209e-01 5.889046206616990276e+01 7.377576167220837533e+01 4.000000000000000000e+01
3.375437903527041428e+00 1.677336779481508389e+00 4.788677958433291693e+00 5.350450139086441181e-01 5.291984911671581671e+01 6.618254950266785386e+01 4.000000000000000000e+01
3.335914189305273503e+00 2.357969164256987327e+00 5.106598397292154701e+00 7.700216672891192493e-01 9.369417663866177293e+01 1.015940631596265433e+02 4.000000000000000000e+01
3.411189702003358359e+00 1.959165772517958981e+00 3.517460719482274456e+00 5.771123531672917029e-01 6.494224900666323208e+01 7.699213175839368262e+01 4.000000000000000000e+01
3.411189702003358359e+00 1.975311052373462717e+00 5.577654767890842358e+00 7.104338979690306699e-01 5.344612322509479441e+01 6.826795961027362125e+01 4.000000000000000000e+01
3.501871511350209687e+00 2.258197062532142585e+00 3.854115894336259007e+00 5.683618943086586883e-01 5.862913844871156499e+01 7.180447971845370603e+01 4.000000000000000000e+01
3.586363173595479736e+00 2.145142220068033900e+00 3.919833453032524062e+00 6.812695932151673350e-01 6.928249138478825842e+01 8.294224454176918471e+01 4.000000000000000000e+01
3.411189702003358359e+00 2.059762926147927331e+00 4.746859363857639735e+00 6.940240211736800058e-01 5.177220824246857234e+01 6.815810586324748499e+01 4.000000000000000000e+01
3.375437903527041428e+00 2.192345969500172576e+00 6.366262474583846753e+00 7.238070388463540006e-01 9.057869699447982725e+01 1.107237230495630911e+02 4.000000000000000000e+01
3.335914189305273503e+00 1.950478471024489568e+00 4.061928152766147271e+00 6.531313452592069080e-01 7.667047298515421971e+01 9.332553531221788035e+01 4.000000000000000000e+01
6.324555320336766151e+00 4.651292699200169523e+00 9.280656406685166004e+00 8.227339717305897082e-01 9.902344748491218240e+01 1.149097317091162580e+02 4.000000000000000000e+01
6.324555320336766151e+00 3.836113168052338374e+00 5.151069581629649008e+00 6.468762832712208199e-01 6.425836434927573748e+01 8.145625400542536454e+01 4.000000000000000000e+01
3.411189702003358359e+00 2.062405967144296692e+00 4.388103697958228189e+00 5.965163741730246105e-01 7.097068363864053708e+01 8.652037598927216777e+01 4.000000000000000000e+01
3.427873620019257661e+00 1.750434159418799540e+00 3.885309477376326814e+00 6.574130347468898350e-01 7.419058430588475517e+01 8.710733469318756761e+01 4.000000000000000000e+01
3.443857242552258668e+00 1.861118391141420636e+00 4.178577506574888467e+00 5.636748807821262419e-01 6.509289429083790424e+01 7.966316491836384728e+01 4.000000000000000000e+01
3.586363173595479736e+00 1.072726223509642418e+00 4.158500902373727826e+00 8.272925839606141141e-01 6.238612265836519555e+01 6.478596193990676966e+01 4.000000000000000000e+01
3.501871511350209687e+00 1.931835754617490908e+00 4.433097672435076575e+00 6.491905281396970206e-01 6.266119588337961233e+01 7.694394626551014937e+01 4.000000000000000000e+01
3.473953464439375249e+00 2.077284908529129392e+00 3.611407465883858858e+00 6.052236345167429921e-01 7.688362111924507758e+01 8.801434793304103721e+01 4.000000000000000000e+01
3.473953464439375249e+00 1.610119527673977258e+00 3.710347741640256825e+00 5.334173618442039633e-01 4.260870450328739878e+01 5.696336389508638121e+01 4.000000000000000000e+01
3.352229939440702022e+00 1.922677349486504372e+00 4.917531120488210838e+00 4.747658458010256544e-01 4.898378104819731504e+01 5.940993531884258516e+01 4.000000000000000000e+01
3.411189702003358359e+00 2.933872858018833796e+00 5.194651093560543664e+00 8.375290322976330915e-01 8.240656354960788121e+01 9.444070880003920365e+01 4.000000000000000000e+01
3.443857242552258668e+00 1.641259471843624418e+00 3.494050272875973473e+00 5.437798157793551912e-01 4.470559016429680810e+01 5.210476332836798008e+01 4.000000000000000000e+01
3.617704769439423096e+00 7.350820454434705553e-01 5.770169673142490296e+00 6.383225580228649720e-01 3.618570309149721709e+01 4.073651328806325012e+01 4.000000000000000000e+01
3.646778057984198629e+00 1.196898387016724685e+00 3.984549155148985111e+00 5.663640108866099254e-01 4.715869310594182195e+01 5.365982903521323522e+01 4.000000000000000000e+01
3.427873620019257661e+00 1.947333380262834979e+00 3.106649298550013150e+00 5.898802969382204164e-01 6.669810967749346275e+01 8.585228415464830221e+01 4.000000000000000000e+01
3.473953464439375249e+00 2.007453417061898726e+00 4.891440641873353812e+00 6.801065918830955237e-01 7.627150456502343445e+01 9.737558880038181996e+01 4.000000000000000000e+01
6.324555320336764375e+00 4.589007688832611898e+00 1.194959841955760105e+01 5.902606548985174229e-01 7.094605495753113189e+01 8.732876436031298795e+01 4.000000000000000000e+01
6.324555320336762598e+00 4.021468591127669967e+00 9.850324012370808902e+00 7.397313066620212485e-01 7.277669190694854251e+01 8.456277853197593686e+01 4.000000000000000000e+01
3.314454017339988567e+00 1.535649423057456442e+00 3.861505556131076489e+00 7.585233857735739216e-01 4.568001627518869867e+01 5.133258246971044514e+01 4.000000000000000000e+01
3.473953464439375249e+00 1.448642454102523569e+00 3.669512873822476262e+00 6.874848681352090374e-01 6.739329902032469022e+01 7.204801871245761902e+01 4.000000000000000000e+01
3.314454017339988567e+00 2.436511139342441012e+00 3.517942760323327978e+00 6.846463272116117826e-01 8.009520399888420172e+01 9.864873347190169284e+01 4.000000000000000000e+01
3.515112659837269060e+00 1.857199657338500787e+00 3.963436405389802353e+00 7.637906455667680117e-01 7.555860709546379894e+01 9.224394036121819340e+01 4.000000000000000000e+01
3.427873620019257661e+00 1.894011814308578456e+00 5.958015356574296817e+00 5.935863321507179879e-01 5.815985093972865627e+01 7.367010036090645997e+01 4.000000000000000000e+01
3.375437903527041428e+00 2.431545109526898507e+00 4.222626029299067163e+00 7.269233042600368178e-01 8.242226968246967544e+01 1.011034012742374983e+02 4.000000000000000000e+01
6.324555320336766151e+00 4.043086074038137134e+00 5.894832823887043105e+00 7.448658801436647270e-01 7.486422045257189950e+01 8.626592903597305906e+01 4.000000000000000000e+01
3.443857242552258668e+00 1.725847470367308789e+00 2.967050267497289617e+00 4.823535667394911464e-01 4.352928419230930501e+01 5.155751605842597485e+01 4.000000000000000000e+01
3.411189702003358359e+00 1.844154770751711192e+00 3.275519976111916698e+00 5.783955988533631132e-01 6.614974452349143519e+01 7.726459274628288654e+01 4.000000000000000000e+01
3.473953464439375249e+00 1.301322584672104155e+00 2.792660772996274687e+00 7.466456503080796114e-01 4.865503556486292780e+01 4.970244435774678493e+01 4.000000000000000000e+01
3.402564240911784665e+00 1.621231956821777009e+00 4.071905029001185561e+00 4.889508121238600458e-01 3.986592084384523105e+01 5.283301343847012532e+01 4.000000000000000000e+01
3.473953464439375249e+00 1.306269425155867303e+00 7.051460381180251424e+00 5.752812185547161450e-01 5.246748081379709561e+01 6.681902863468776843e+01 4.000000000000000000e+01
3.586363173595479736e+00 1.394139357188851625e+00 3.256979924801302495e+00 4.823107472617477187e-01 5.158934559383103391e+01 6.224380552702940150e+01 4.000000000000000000e+01
3.586363173595479736e+00 2.022986061380966483e+00 3.222105315966474759e+00 6.049439966659158063e-01 5.621175034635754031e+01 6.976916637809709698e+01 4.000000000000000000e+01
3.335914189305273503e+00 1.601962607330466914e+00 3.704287446569611841e+00 5.538982597387358542e-01 4.661807247155349643e+01 5.782883491318629154e+01 4.000000000000000000e+01
3.375437903527041428e+00 1.542629734710785350e+00 5.256830979014089245e+00 8.503674956365487869e-01 4.991091848813994147e+01 5.838742346335912003e+01 4.000000000000000000e+01
3.375437903527041428e+00 1.700315069434634951e+00 5.444834271041951723e+00 5.734955064679111425e-01 5.392956864905274017e+01 6.605805540457879488e+01 4.000000000000000000e+01
3.411189702003358359e+00 1.951070521810304825e+00 4.270655318785603782e+00 5.502227653834348420e-01 5.524917462917118627e+01 7.174054746000561522e+01 4.000000000000000000e+01
2.456456052231581921e+00 1.246662526455125430e+00 3.561543147868714954e+00 4.077800124875841092e-01 4.479044718558110105e+01 5.873659188914075457e+01 4.000000000000000000e+01
3.335914189305273503e+00 1.632203699562265964e+00 4.144211229818561826e+00 5.802678212927960821e-01 5.069918049973103535e+01 6.325512244716740895e+01 4.000000000000000000e+01
3.335914189305273503e+00 2.168128362688783728e+00 2.935736014609767519e+00 6.538705568914193744e-01 7.597825668876792804e+01 9.099114415277975354e+01 4.000000000000000000e+01
3.501871511350209687e+00 2.088943835512972136e+00 4.343120996709680881e+00 6.853719394427560951e-01 6.814109725828596709e+01 8.861906356789005201e+01 4.000000000000000000e+01
3.411189702003358359e+00 1.762026376554379992e+00 4.097044711278272189e+00 6.195276800853841692e-01 5.572261306716409734e+01 6.610479188940290385e+01 4.000000000000000000e+01
3.473953464439375249e+00 1.767131556675425985e+00 5.274190778464623364e+00 6.206861649357285904e-01 7.006903768042961644e+01 8.881555866528336196e+01 4.000000000000000000e+01
2.501653311125224821e+00 8.996475634188692005e-01 2.453025553810149528e+00 6.937211166564987153e-01 4.293313342669650012e+01 5.140369939658538101e+01 4.000000000000000000e+01
2.479980506953562092e+00 1.161521147037220203e+00 4.078099833752036218e+00 6.825352973244622756e-01 5.014197866532559544e+01 6.046178782502499161e+01 4.000000000000000000e+01
3.473953464439375249e+00 2.403850485472398546e+00 4.071766875701298360e+00 6.321557691494040787e-01 7.758172907450143896e+01 9.477653745677045549e+01 4.000000000000000000e+01
3.375437903527041428e+00 1.331451208796208485e+00 4.739768804398700297e+00 7.293337500809812246e-01 4.022421271492937933e+01 4.948266010246305058e+01 4.000000000000000000e+01
6.324555320336764375e+00 3.709710076979212179e+00 5.149004816056645062e+00 6.575229495325934925e-01 7.797811906983383778e+01 9.654932671552658974e+01 4.000000000000000000e+01
3.291665350506605581e+00 1.836214778184685148e+00 4.098953499864318673e+00 7.148536414250716842e-01 7.467672015260723128e+01 9.533287824561598711e+01 4.000000000000000000e+01
3.272353897487798591e+00 1.924862197927311502e+00 4.822991776620984439e+00 5.397563543934830177e-01 4.262726469963339326e+01 5.345695181571182530e+01 4.000000000000000000e+01
3.375437903527041428e+00 1.418872054628215196e+00 3.550653489871472335e+00 4.158611022947761304e-01 4.482757630805237170e+01 5.087907754752000500e+01 4.000000000000000000e+01
3.552343858581806124e+00 1.792151921977273243e+00 5.297734163764491022e+00 5.009212377415100947e-01 6.601984596350972367e+01 8.492819101455928887e+01 4.000000000000000000e+01
3.443857242552258668e+00 2.142874694034395233e+00 6.945886190125370341e+00 6.126588498551195361e-01 6.938874762595052914e+01 8.524960418356003800e+01 4.000000000000000000e+01
3.443857242552258668e+00 2.094154086254770064e+00 4.919661889783777831e+00 5.470610180244008802e-01 6.236951769237875709e+01 7.764634559298679051e+01 4.000000000000000000e+01
3.552343858581806124e+00 2.133920954308193174e+00 2.914997617417954601e+00 7.265653244126299981e-01 7.718269694308200712e+01 9.878734099933338086e+01 4.000000000000000000e+01
3.346195160597230434e+00 2.038899944087121607e+00 4.098247229308892514e+00 6.291453580999037953e-01 4.583626759607954426e+01 5.513365389548543050e+01 4.000000000000000000e+01
3.443857242552258668e+00 1.965678154302674674e+00 3.366942421980509970e+00 5.778633760519757967e-01 5.615300619653348946e+01 6.501653095577162844e+01 4.000000000000000000e+01
3.411189702003358359e+00 1.533728625567635229e+00 3.565572039419589334e+00 4.056909718377381679e-01 4.364230955776952214e+01 5.486095728140072225e+01 4.000000000000000000e+01
3.617704769439423096e+00 1.670267862863496156e+00 5.851033768587188710e+00 7.441249063146719855e-01 7.802444315570799915e+01 9.739945489483623930e+01 4.000000000000000000e+01
3.473953464439375249e+00 1.666774224177774322e+00 3.475483795922718055e+00 5.814915186673275116e-01 4.533652228483971669e+01 5.088310606136060699e+01 4.000000000000000000e+01
3.501871511350209687e+00 1.718911565988068491e+00 3.728754735537615161e+00 5.300375249025549573e-01 3.928163463889392659e+01 5.493925822664281355e+01 4.000000000000000000e+01
3.473953464439375249e+00 2.194780499074623137e+00 5.301763612825604710e+00 7.585890951498277524e-01 8.010047048418894633e+01 9.842770538235116362e+01 4.000000000000000000e+01
3.314454017339988567e+00 1.952450683206280013e+00 3.140126721373444063e+00 5.240804856228206132e-01 5.803615200648078343e+01 6.475281298719879430e+01 4.000000000000000000e+01
3.375437903527041428e+00 1.987329471169724027e+00 3.623851562467179654e+00 6.387291224345000851e-01 7.666117122004540363e+01 9.793367648512470680e+01 4.000000000000000000e+01
2.501653311125224821e+00 9.462413786775163427e-01 3.211433896827611711e+00 5.151484896606868258e-01 3.717473628000566066e+01 4.680468090079202881e+01 4.000000000000000000e+01
3.527919570223205792e+00 2.521782063107110616e+00 5.292761246107638762e+00 7.244692641530993127e-01 8.798684491567730959e+01 9.831548338646034324e+01 4.000000000000000000e+01
3.375437903527041428e+00 2.310493355837723417e+00 3.447890203157839561e+00 6.336020233824771752e-01 5.891540843658690818e+01 6.869641675708517425e+01 4.000000000000000000e+01
3.375437903527041428e+00 1.780538785554394821e+00 3.531402892853294340e+00 6.391584351887320548e-01 6.400207082415192872e+01 7.646414567402794660e+01 4.000000000000000000e+01
3.375437903527041428e+00 2.126430048917883120e+00 3.424820835136781039e+00 7.018855784765907213e-01 7.864017973237947956e+01 9.784751492801218831e+01 4.000000000000000000e+01
3.473953464439375249e+00 1.743139875398991290e+00 4.149139231845555109e+00 7.451407686339306391e-01 6.668928947407583507e+01 8.027106044394614059e+01 4.000000000000000000e+01
3.346195160597230434e+00 2.389390408920160080e+00 4.417893692276794404e+00 7.242553526763262361e-01 7.511070677869926726e+01 8.490188130070798422e+01 4.000000000000000000e+01
3.473953464439375249e+00 1.475054032841678131e+00 3.585291137616266610e+00 6.036284352263703301e-01 5.860192768622802362e+01 7.058084221590374341e+01 4.000000000000000000e+01
3.515112659837269060e+00 2.304015989157937483e+00 4.383165088250680519e+00 7.039993442919811883e-01 8.555211105798422011e+01 1.046852818604806004e+02 4.000000000000000000e+01
3.346195160597230434e+00 1.819012312017227462e+00 4.246070393904513018e+00 5.405333855267282495e-01 5.606963143322799681e+01 6.712012350459225729e+01 4.000000000000000000e+01
3.314454017339988567e+00 1.908279391205974562e+00 4.230319627305538788e+00 5.690723941657672702e-01 5.448566018967194680e+01 6.410648019381773111e+01 4.000000000000000000e+01
3.375437903527041428e+00 1.589354984882727972e+00 3.280518427921245816e+00 7.666366738046388463e-01 6.321026886789486809e+01 7.307820147574733483e+01 4.000000000000000000e+01
3.335914189305273503e+00 9.678485764473633290e-01 4.723690260338082147e+00 7.246482724460890923e-01 5.967290726419410163e+01 7.013881293534811334e+01 4.000000000000000000e+01
3.473953464439375249e+00 1.707939767090376204e+00 4.206075188510372875e+00 6.225640318043225152e-01 6.010737703898071516e+01 7.440081317148883500e+01 4.000000000000000000e+01
3.443857242552258668e+00 1.845602600918474945e+00 4.010807239771233768e+00 6.013139316743771889e-01 5.017205328661614772e+01 6.211097914555436006e+01 4.000000000000000000e+01
3.411189702003358359e+00 1.737481091947991052e+00 3.464900230211362064e+00 5.599575987257782161e-01 4.907582806481378412e+01 5.245485143501533543e+01 4.000000000000000000e+01
3.515112659837269060e+00 1.524970423678133402e+00 4.194380705068764037e+00 5.687313343074650307e-01 5.140048957877768032e+01 6.247846807629941424e+01 4.000000000000000000e+01
6.324555320336762598e+00 4.915201223717089007e+00 1.103559368455600520e+01 6.810704365827802143e-01 6.412940746216840182e+01 7.796745864399929360e+01 4.000000000000000000e+01
3.411189702003358359e+00 2.390075040987476918e+00 3.943344397480731178e+00 7.794432951224110617e-01 8.114953912147902315e+01 9.383199053363837550e+01 4.000000000000000000e+01
3.473953464439375249e+00 1.747136061624702918e+00 6.337639094092034853e+00 7.096481175098203753e-01 6.463233615233714602e+01 7.950010985817081632e+01 4.000000000000000000e+01
3.515112659837269060e+00 1.276270908965596584e+00 5.068417318654888426e+00 5.036585422202906059e-01 4.527930776546286040e+01 5.928365927538326474e+01 4.000000000000000000e+01
3.300951334040937990e+00 2.144475343216070584e+00 3.815861256290470571e+00 6.074731063810786535e-01 5.974247249932982839e+01 7.682243556763465619e+01 4.000000000000000000e+01
3.375437903527041428e+00 2.667020292018927208e+00 4.073893303170637026e+00 7.737108002130694828e-01 7.311023725564095344e+01 9.145531761825584738e+01 4.000000000000000000e+01
3.473953464439375249e+00 1.495768543392247851e+00 4.312342141032731391e+00 4.692719083390118895e-01 4.650474463834020611e+01 5.602609327817295792e+01 4.000000000000000000e+01
6.324555320336762598e+00 4.694536421415040017e+00 9.717511039411688145e+00 7.995197868732728530e-01 6.700210818605714280e+01 8.532043194186128687e+01 4.000000000000000000e+01
3.375437903527044092e+00 2.108431552484231197e+00 3.413131840170096076e+00 6.537493553848912065e-01 5.998403707191730660e+01 7.307383316962341269e+01 4.000000000000000000e+01
3.552343858581806124e+00 1.407489854877292279e+00 4.809293772604107176e+00 5.165696601546423405e-01 5.019670507617663446e+01 6.037383910802850551e+01 4.000000000000000000e+01
3.443857242552258668e+00 1.601975550073676757e+00 5.055864408706329804e+00 4.681399214045268153e-01 4.197340822361884705e+01 5.761930668909650421e+01 4.000000000000000000e+01
3.443857242552258668e+00 1.822536950683458334e+00 3.179656187707064596e+00 5.336414699040065157e-01 6.038606638095581758e+01 7.446296278958529058e+01 4.000000000000000000e+01
3.515112659837269060e+00 2.223684397175754501e+00 7.597498720903095304e+00 6.810224961638581265e-01 6.390828484368050511e+01 8.419656336367532390e+01 4.000000000000000000e+01
3.473953464439375249e+00 1.812313268038470815e+00 5.143699283613059059e+00 7.249195273352809776e-01 5.566799730330614437e+01 7.068016473799610822e+01 4.000000000000000000e+01
3.515112659837269060e+00 1.580774241729451024e+00 4.917817307163155682e+00 5.718527695074263617e-01 6.170436872866856959e+01 7.012978744032656664e+01 4.000000000000000000e+01
3.443857242552258668e+00 2.031033529906081547e+00 4.840882934021422557e+00 5.693779670144342164e-01 6.023170306955571363e+01 7.413118736519167840e+01 4.000000000000000000e+01
3.375437903527044092e+00 1.265403420563835368e+00 6.932258911313456728e+00 4.077619264594345427e-01 3.717237089598311428e+01 4.596037497605710342e+01 4.000000000000000000e+01
3.552343858581806124e+00 1.047225388149948699e+00 5.019336053320849089e+00 6.942489057861881419e-01 4.668168710003023847e+01 5.200103936789374615e+01 4.000000000000000000e+01
3.411189702003358359e+00 1.561056566063375284e+00 4.322200497244417683e+00 5.284573240245643566e-01 5.443988442486176638e+01 6.427934992482656185e+01 4.000000000000000000e+01
3.335914189305273503e+00 1.474582306355211703e+00 5.498484085412302491e+00 4.546493722202459287e-01 3.961578877516874542e+01 4.988757762383090721e+01 4.000000000000000000e+01
3.586363173595479736e+00 1.471645100836366238e+00 3.885393050232537338e+00 6.190912139406344883e-01 5.803981597181937957e+01 6.569768849921942433e+01 4.000000000000000000e+01
3.473953464439375249e+00 2.192818699481041467e+00 8.496483653593447372e+00 6.299337933029031111e-01 5.685268787666894497e+01 7.133996549623552141e+01 4.000000000000000000e+01
3.515112659837269060e+00 1.361199906013893512e+00 5.696127450210885179e+00 5.987169641770284656e-01 5.498176764717199916e+01 6.870965459248050422e+01 4.000000000000000000e+01
3.515112659837269060e+00 1.130353798092284645e+00 7.269882223462306392e+00 6.123616039568906544e-01 5.066825248469096721e+01 6.394216762171805613e+01 4.000000000000000000e+01
3.411189702003358359e+00 1.717067280083949266e+00 3.337429070371789042e+00 6.342871325474489508e-01 5.670950199423446492e+01 6.606200066929596915e+01 4.000000000000000000e+01
3.473953464439375249e+00 1.970886188016222285e+00 2.921955141925983046e+00 5.144177994773572182e-01 4.686800407413421254e+01 5.504276894850172397e+01 4.000000000000000000e+01
3.411189702003358359e+00 1.751276896340821621e+00 4.216154970554375936e+00 5.998129370059245291e-01 4.620899966995555985e+01 5.600849924023559367e+01 4.000000000000000000e+01
3.411189702003358359e+00 1.857786699069489567e+00 2.750043964551757369e+00 5.395636756243945564e-01 5.210253223089209484e+01 6.266469689642997309e+01 4.000000000000000000e+01
2.501653311125224821e+00 9.596823055873228148e-01 3.518814188763151662e+00 5.458969519804338644e-01 3.746548844144289347e+01 4.501063906488644051e+01 4.000000000000000000e+01
3.473953464439375249e+00 2.429621031128544661e+00 3.598802084486846464e+00 7.302209663911604087e-01 7.645189844391819634e+01 8.808149268521155761e+01 4.000000000000000000e+01
3.552343858581806124e+00 1.275474404410522622e+00 5.192106867998653286e+00 7.822956237466719420e-01 5.552777911319013526e+01 6.562221527417739253e+01 4.000000000000000000e+01
3.552343858581806124e+00 1.707419177647321984e+00 4.297209157378880207e+00 5.875140638068374610e-01 5.907393651963791825e+01 7.010213405782874929e+01 4.000000000000000000e+01
3.473953464439375249e+00 2.202639469842633702e+00 7.873484228861347134e+00 6.400470530748468834e-01 8.686789451558146880e+01 1.105486182278784497e+02 4.000000000000000000e+01
3.552343858581806124e+00 1.243517535411085451e+00 4.624109158983444878e+00 6.705166570940800375e-01 6.039275888213173005e+01 7.133173277107074739e+01 4.000000000000000000e+01
3.586363173595479736e+00 2.351816003412588341e+00 4.885209563280869638e+00 7.170006217554306671e-01 6.280838169303776652e+01 7.772376620601119157e+01 4.000000000000000000e+01
3.427873620019257661e+00 1.948248800170724992e+00 5.615951849924754491e+00 6.234407963451056300e-01 7.962699710981128476e+01 1.037663537988273532e+02 4.000000000000000000e+01
3.473953464439375249e+00 2.289406069769357455e+00 4.397295962894010479e+00 6.292304258272992668e-01 6.791196950909052532e+01 8.519123355028831668e+01 4.000000000000000000e+01
3.443857242552258668e+00 1.725572847298057821e+00 5.096347261798056749e+00 5.482570521102295702e-01 5.057408474709345825e+01 6.383508252813355455e+01 4.000000000000000000e+01
3.515112659837269060e+00 1.268568168579557787e+00 5.036262602098441121e+00 7.212553846361425824e-01 4.947180050915116567e+01 6.372823360646449231e+01 4.000000000000000000e+01
3.375437903527041428e+00 1.842106116813542194e+00 3.145982359764852632e+00 6.844134038617465388e-01 5.867145135449534621e+01 7.274322228274110103e+01 4.000000000000000000e+01
6.324555320336762598e+00 4.647812081408434715e+00 1.187441156516108975e+01 7.599153514715066837e-01 6.866796383869876763e+01 8.475540060491526617e+01 4.000000000000000000e+01
3.617704769439423096e+00 2.223504233525998242e+00 3.969308262960006939e+00 6.433174170760763699e-01 5.848941916953105391e+01 6.976645081496414491e+01 4.000000000000000000e+01
3.552343858581806124e+00 1.617400167005329292e+00 4.374793712797804268e+00 5.845938098074009437e-01 5.878158986979203604e+01 6.965073510009696633e+01 4.000000000000000000e+01
3.617704769439423096e+00 1.702181850658661233e+00 5.332869950704578699e+00 5.777961859570702741e-01 6.560234061822356466e+01 7.912620966627206087e+01 4.000000000000000000e+01
3.586363173595479736e+00 2.631348373151453757e+00 4.239300723117246150e+00 8.091818350058418430e-01 8.474151695891212910e+01 1.039324864860851534e+02 4.000000000000000000e+01
3.552343858581806124e+00 2.502268061404315347e+00 3.345153961646910368e+00 7.919407584450225412e-01 7.915790896860644921e+01 9.264950312628916151e+01 4.000000000000000000e+01
3.515112659837269060e+00 1.684601740060204689e+00 4.150424749710212247e+00 5.866567822925072839e-01 6.160028020906832324e+01 7.527310163997525194e+01 4.000000000000000000e+01
3.586363173595479736e+00 1.082676709986092556e+00 6.261888688986218199e+00 7.258389025637113079e-01 6.807331095118311737e+01 7.852084752607675000e+01 4.000000000000000000e+01
3.443857242552258668e+00 1.870212891357631246e+00 4.030985382459809863e+00 7.003104831624722415e-01 6.041064183130641396e+01 7.467006032776674829e+01 4.000000000000000000e+01
3.473953464439375249e+00 1.753282352548694689e+00 4.697424932878139892e+00 4.631869628150020457e-01 5.560300133318351357e+01 6.640543119127730165e+01 4.000000000000000000e+01
3.411189702003358359e+00 2.660449023558620674e+00 5.547335514208454832e+00 8.676252982287051552e-01 1.016368250161977187e+02 1.169720002625761026e+02 4.000000000000000000e+01
3.411189702003358359e+00 1.630978922783979268e+00 3.448232369781557338e+00 7.577167873531958087e-01 4.427882470222447608e+01 5.475407680691253631e+01 4.000000000000000000e+01
2.456456052231581921e+00 1.325554882563222181e+00 3.283210442285607211e+00 6.503938637922243027e-01 6.719022390531937106e+01 8.170744938989219008e+01 4.000000000000000000e+01
3.443857242552258668e+00 1.731420601900193645e+00 3.373979767473359814e+00 5.373143111160469942e-01 4.601373056026303487e+01 5.703254784749614714e+01 4.000000000000000000e+01
3.443857242552258668e+00 1.832050645666350785e+00 3.786567023614316074e+00 5.846507984157307547e-01 4.647888186498839502e+01 5.805279044380203146e+01 4.000000000000000000e+01
3.552343858581806124e+00 2.220248775176637324e+00 3.931863552691940100e+00 8.065564740247296305e-01 9.331228872113693740e+01 1.176771593302685659e+02 4.000000000000000000e+01
3.473953464439375249e+00 1.340914837047525010e+00 5.611393099899496306e+00 7.821626615038119734e-01 5.810361831638134333e+01 7.576820087574934348e+01 4.000000000000000000e+01
3.346195160597230434e+00 2.031279033456816485e+00 4.168871883823369373e+00 6.832660482649722811e-01 6.481047096628651616e+01 8.258896969082344697e+01 4.000000000000000000e+01
3.443857242552258668e+00 1.496816674101828282e+00 4.517943192071320446e+00 6.379059287507604648e-01 5.000411429995442347e+01 5.894431816339194086e+01 4.000000000000000000e+01
3.552343858581806124e+00 2.048293797527554361e+00 7.790643924037182089e+00 5.374210436357873544e-01 7.106024076988971672e+01 9.014755174490279899e+01 4.000000000000000000e+01
6.324555320336762598e+00 4.646553578258600936e+00 8.979780220789949752e+00 6.543877294302242742e-01 6.899612699455686027e+01 8.477146488406536662e+01 4.000000000000000000e+01
3.375437903527044092e+00 1.895174961876197495e+00 3.649157432703138859e+00 5.803807937348635093e-01 5.341441303435155419e+01 6.152568127868649839e+01 4.000000000000000000e+01
3.515112659837269060e+00 1.721166609379843448e+00 3.273438343818489304e+00 5.370510141930427972e-01 5.581373361045376669e+01 6.816218368082591894e+01 4.000000000000000000e+01
3.501871511350209687e+00 1.303550474489177269e+00 4.475493154172084154e+00 7.002154694084007369e-01 4.214739587090216588e+01 5.376920615241613177e+01 4.000000000000000000e+01
3.375437903527041428e+00 1.230362129296034501e+00 4.240275282064142282e+00 5.267167073201081129e-01 4.594194244412345540e+01 6.341348870266178750e+01 4.000000000000000000e+01
3.552343858581806124e+00 1.919948921351080973e+00 4.507991027978990317e+00 6.316184189957424477e-01 6.138758575569602982e+01 7.321013771620060595e+01 4.000000000000000000e+01
6.324555320336764375e+00 3.978874976592485346e+00 6.995490974742678780e+00 6.594577374015591076e-01 7.083343297446080555e+01 8.188868738215968790e+01 4.000000000000000000e+01
3.501871511350209687e+00 1.955951233352918761e+00 4.512893012246912861e+00 5.663935976754510548e-01 5.728644810296641765e+01 7.101312401356787518e+01 4.000000000000000000e+01
3.272353897487798591e+00 2.223549264459037111e+00 3.806458852824657235e+00 6.529175941949297846e-01 7.662664496612157450e+01 9.758372300051266279e+01 4.000000000000000000e+01
3.427873620019257661e+00 2.251993778658415657e+00 5.233013969735470283e+00 7.316735408838985766e-01 7.484284779861907566e+01 9.905609938309704887e+01 4.000000000000000000e+01
6.324555320336764375e+00 4.743239659362626703e+00 6.733768171769882294e+00 7.599457560283012780e-01 7.846900944599617844e+01 9.386638634214310173e+01 4.000000000000000000e+01
3.443857242552258668e+00 1.627923495725348113e+00 7.111308290339756866e+00 6.346209174941979114e-01 5.576922743378347036e+01 6.381538747721656080e+01 4.000000000000000000e+01
2.479980506953562092e+00 1.190515334258870128e+00 3.588873851646810831e+00 6.078844583578109084e-01 4.127774659479008790e+01 5.488582942280287114e+01 4.000000000000000000e+01
6.324555320336764375e+00 4.828985613462100090e+00 7.290597210146111173e+00 8.515147250254795352e-01 9.237015377709580832e+01 1.133676748805020367e+02 4.000000000000000000e+01
3.375437903527041428e+00 2.028115688911719339e+00 3.630955945914443372e+00 6.492370237118059162e-01 7.428538270901240992e+01 8.749778435886052819e+01 4.000000000000000000e+01
3.443857242552258668e+00 1.340626267243306469e+00 3.656332326690426182e+00 7.451151791126847668e-01 6.247786673038792316e+01 7.422208895728039124e+01 4.000000000000000000e+01
3.552343858581806124e+00 1.853936874377056787e+00 3.173718370107522446e+00 7.213301001903505982e-01 6.224379996453742336e+01 7.714547367835146474e+01 4.000000000000000000e+01
3.411189702003358359e+00 1.967506136329648658e+00 5.158806873220773248e+00 6.293275039320804787e-01 6.617821040307413227e+01 7.577953705626281078e+01 4.000000000000000000e+01
3.443857242552258668e+00 1.470594829489659805e+00 4.200169786445445474e+00 7.949581004135704010e-01 4.771247024522403990e+01 5.276153295361070406e+01 4.000000000000000000e+01
3.473953464439375249e+00 1.626809526387078542e+00 6.448765668597656209e+00 6.811315513256772647e-01 6.784882663723507790e+01 8.372861845170962170e+01 4.000000000000000000e+01
3.473953464439375249e+00 1.804828119408100173e+00 3.441001085011260674e+00 5.085615649908626912e-01 5.486903303664773546e+01 6.311223758665522610e+01 4.000000000000000000e+01
3.552343858581806124e+00 1.722727814877470953e+00 5.473053917159579562e+00 5.504855881027522768e-01 4.339325433700079770e+01 4.822941521220847250e+01 4.000000000000000000e+01
3.515112659837269060e+00 1.569523413330574435e+00 4.056281015727936534e+00 5.452227221137880830e-01 5.449787654492047295e+01 6.924222428340145541e+01 4.000000000000000000e+01
3.501871511350209687e+00 2.146398367285515807e+00 3.468028550992460879e+00 5.565012600010633692e-01 6.690600472000517129e+01 8.236054268150650159e+01 4.000000000000000000e+01
3.411189702003358359e+00 1.366747157480274755e+00 4.814953021777376385e+00 5.861805898285067373e-01 4.237256124671939261e+01 5.537670268583245559e+01 4.000000000000000000e+01
3.291665350506605581e+00 2.155248550839358845e+00 5.113854498802498760e+00 6.457351458529141386e-01 7.677875481872511898e+01 9.207177656934787535e+01 4.000000000000000000e+01
3.314454017339988567e+00 1.801526707282283368e+00 7.969275462245685837e+00 5.264209744362674526e-01 5.076648520197775127e+01 6.433142984625239080e+01 4.000000000000000000e+01
3.443857242552258668e+00 2.310400089051167338e+00 2.799009282453784664e+00 6.660070454500608417e-01 6.961564058338201733e+01 7.935251608371279985e+01 4.000000000000000000e+01
3.375437903527044092e+00 1.703078531945398044e+00 3.642330360937852340e+00 5.467171650248738857e-01 4.531933192534545185e+01 5.964666132671473520e+01 4.000000000000000000e+01
3.515112659837269060e+00 1.861280130045482650e+00 3.015245433466072988e+00 5.769941159768836592e-01 5.358581176167265170e+01 6.408106037613461581e+01 4.000000000000000000e+01
3.411189702003358359e+00 1.701245797895950762e+00 3.423272767342816714e+00 5.061695927785955229e-01 5.029850933559288961e+01 6.014803105229452740e+01 4.000000000000000000e+01
3.346195160597230434e+00 1.832704361579076791e+00 4.770212961212071612e+00 4.563672052158001535e-01 4.338400822845573401e+01 5.271120127203211325e+01 4.000000000000000000e+01
3.375437903527044092e+00 2.377422148215433406e+00 4.345724105918592706e+00 6.691752381454504350e-01 7.559958693851258715e+01 9.038552113823429579e+01 4.000000000000000000e+01
3.411189702003358359e+00 1.775846391452036821e+00 3.572216881345802175e+00 5.344467037602400605e-01 5.642857421456149325e+01 6.967188410416119382e+01 4.000000000000000000e+01
3.402564240911784665e+00 2.058574790730662407e+00 3.265853378874360224e+00 7.693213499989532966e-01 6.273421814136447239e+01 6.999768494430985299e+01 4.000000000000000000e+01
3.473953464439375249e+00 2.031136535894689565e+00 5.622037916543189517e+00 7.488984356864515357e-01 8.191833349713807877e+01 1.049212398126274195e+02 4.000000000000000000e+01
3.314454017339988567e+00 1.732119168824457711e+00 4.327329374614556912e+00 5.145454487097680385e-01 4.716705399485504557e+01 5.764581654105828790e+01 4.000000000000000000e+01
3.443857242552258668e+00 1.168116253047448261e+00 4.859281828016455584e+00 7.399412124181511397e-01 4.364964517911507613e+01 4.841534735572611936e+01 4.000000000000000000e+01
3.402564240911784665e+00 1.702697341950237142e+00 3.470187638093544802e+00 5.202752540565764861e-01 4.990394153685062406e+01 6.019889827646044012e+01 4.000000000000000000e+01
3.515112659837269060e+00 8.661786402443797384e-01 5.640163466891372934e+00 7.415955227373377534e-01 4.179830244378233317e+01 4.652992882057857571e+01 4.000000000000000000e+01
3.411189702003358359e+00 1.752261610717826823e+00 3.886543566747459710e+00 7.316994723685104063e-01 4.991983401111266971e+01 5.988758563016725134e+01 4.000000000000000000e+01
3.443857242552258668e+00 1.905691043452415911e+00 3.071194237908503322e+00 6.583057212904503963e-01 6.190655267573157516e+01 7.932356827348125705e+01 4.000000000000000000e+01
3.375437903527041428e+00 1.513621617643797101e+00 3.905513617058536280e+00 8.074709396058267208e-01 7.192839945446419847e+01 8.081861357817581393e+01 4.000000000000000000e+01
3.443857242552258668e+00 1.825800359252569338e+00 6.480185370087164998e+00 4.723676507060571850e-01 4.861660189786929465e+01 5.679998020562155148e+01 4.000000000000000000e+01
3.443857242552258668e+00 2.045451865721799045e+00 2.847614368264867135e+00 6.564814871586598377e-01 6.573751630426131953e+01 7.652954209598041757e+01 4.000000000000000000e+01
2.521757574239155808e+00 1.386607056173039920e+00 2.871124772476158160e+00 5.347382318656458411e-01 6.077534555602920108e+01 7.458089989854013879e+01 4.000000000000000000e+01
3.552343858581806124e+00 2.248662932093932643e+00 4.401609607319808326e+00 7.385800645288684851e-01 8.525985149122563200e+01 1.076296952240815727e+02 4.000000000000000000e+01
3.515112659837269060e+00 1.533634338277797715e+00 6.447627643093286842e+00 4.945056031211599312e-01 5.225705025402577064e+01 6.535881964357466245e+01 4.000000000000000000e+01
3.411189702003358359e+00 2.389405370941703577e+00 5.129129057650445134e+00 6.821117331479070733e-01 7.383289602441698207e+01 8.487871093890569796e+01 4.000000000000000000e+01
6.324555320336762598e+00 3.678245937847971270e+00 6.884430536002613010e+00 5.247130592318364206e-01 6.329167897426454914e+01 7.752279391607675052e+01 4.000000000000000000e+01
2.479980506953562092e+00 1.388650111856630565e+00 3.093448749017786437e+00 6.510016907524810437e-01 6.000087180332270975e+01 7.457227773106758661e+01 4.000000000000000000e+01
3.375437903527044092e+00 2.246344186983658897e+00 3.505272171865481567e+00 6.354642814967088604e-01 6.206792541626640514e+01 7.803868450162175918e+01 4.000000000000000000e+01
3.515112659837269060e+00 1.441203996117879749e+00 6.449447096007558500e+00 7.778565438796725129e-01 5.002367218701090934e+01 6.126795885731333868e+01 4.000000000000000000e+01
3.443857242552258668e+00 1.182919955294221115e+00 6.194016285769259333e+00 7.073740070653203871e-01 4.059668909694316596e+01 4.966749016369318781e+01 4.000000000000000000e+01
3.411189702003358359e+00 1.655617186633582261e+00 3.870068882517613940e+00 8.084024964143219361e-01 6.027881913724054641e+01 7.403092488192811516e+01 4.000000000000000000e+01
3.617704769439423096e+00 1.649680784566022851e+00 4.556252928764035204e+00 6.635199024349860419e-01 5.681171505857570025e+01 7.518341019521160717e+01 4.000000000000000000e+01
3.402564240911784665e+00 2.131057315276083219e+00 4.695672304265047892e+00 6.371283839810393257e-01 5.678109258939747406e+01 6.900735480388264875e+01 4.000000000000000000e+01
3.411189702003358359e+00 1.930093456668811935e+00 4.206092211943535553e+00 5.013131107409993792e-01 6.164294966990277658e+01 7.546764631935313616e+01 4.000000000000000000e+01
3.515112659837269060e+00 1.571943049656706615e+00 3.308065867589783604e+00 6.573797077443245263e-01 6.447032081149964711e+01 8.129661561687272808e+01 4.000000000000000000e+01
2.501653311125224821e+00 1.225461286052407450e+00 2.950873328056617062e+00 4.643727841825963654e-01 4.184345193293054876e+01 5.095838475281748003e+01 4.000000000000000000e+01
3.552343858581806124e+00 2.676499583033185470e+00 4.408696784005204705e+00 7.961450796990928724e-01 1.004161497032286690e+02 1.246000290855137820e+02 4.000000000000000000e+01
2.501653311125224821e+00 9.346262627244514842e-01 3.097185883721259803e+00 6.604588506505442158e-01 4.580347356168978479e+01 5.496873936551494921e+01 4.000000000000000000e+01
3.443857242552258668e+00 1.732769129855965096e+00 4.522972150260437196e+00 4.940754085469043488e-01 4.047509746958660060e+01 5.152685640233327291e+01 4.000000000000000000e+01
3.586363173595479736e+00 1.918483843165900815e+00 4.368929878974028291e+00 5.437350897183715892e-01 5.768045190785134224e+01 6.761550628226048332e+01 4.000000000000000000e+01
3.443857242552258668e+00 2.072190806509488503e+00 3.403201444202784476e+00 6.695833518979860122e-01 5.533627399516671375e+01 6.453051688808595543e+01 4.000000000000000000e+01
3.473953464439375249e+00 2.170995013218232295e+00 3.884083825857013839e+00 6.925885816506525128e-01 6.595746505377330493e+01 7.744797795816050723e+01 4.000000000000000000e+01
3.552343858581806124e+00 1.583372265255047262e+00 4.375503185025422681e+00 7.376452045559068749e-01 7.092747763399518135e+01 9.227022987885318628e+01 4.000000000000000000e+01
3.346195160597230434e+00 2.001934165604737359e+00 2.949819570171632765e+00 6.430411381865617226e-01 6.522434988081413110e+01 7.717331595881954343e+01 4.000000000000000000e+01
3.402564240911784665e+00 2.117344058872144608e+00 7.061270269818283651e+00 5.755948405088621156e-01 7.170739547149263160e+01 8.758788467685661772e+01 4.000000000000000000e+01
3.515112659837269060e+00 1.868958736367609896e+00 6.140610023983784416e+00 7.191345053911208929e-01 6.660617204111309775e+01 7.453941655027971080e+01 4.000000000000000000e+01
3.375437903527041428e+00 1.530069449791744196e+00 6.492236700705654506e+00 6.130905383582506696e-01 5.011469888390063687e+01 6.328198444156113567e+01 4.000000000000000000e+01
3.515112659837269060e+00 1.639902028194582861e+00 4.730879525615335979e+00 6.789613291719481802e-01 6.254822860494287085e+01 7.509753930250234077e+01 4.000000000000000000e+01
3.375437903527044092e+00 1.930035116476415125e+00 4.542415271420640721e+00 6.584266790783734891e-01 6.074816432687217116e+01 7.597085483910160519e+01 4.000000000000000000e+01
6.324555320336764375e+00 4.480477899251685159e+00 8.002541569172736402e+00 6.221860955900120338e-01 7.871226949416136165e+01 9.264426920332707027e+01 4.000000000000000000e+01
3.346195160597230434e+00 1.727850504524796493e+00 3.832144500332856474e+00 5.017454839417625490e-01 4.806797529645364619e+01 6.075568649683351197e+01 4.000000000000000000e+01
3.375437903527044092e+00 2.197181487070170025e+00 3.056218668038244601e+00 6.444274384958400548e-01 7.314739538556507625e+01 9.061312240363852766e+01 4.000000000000000000e+01
3.473953464439375249e+00 1.675190437626840056e+00 2.597107690030948213e+00 5.781590476362554742e-01 5.522338765645184111e+01 6.555004630926497100e+01 4.000000000000000000e+01
3.586363173595479736e+00 1.140940514874441147e+00 3.458820770038409265e+00 7.020707481290290319e-01 5.316942664017270204e+01 6.529275064116161786e+01 4.000000000000000000e+01
3.346195160597230434e+00 2.085850876585095381e+00 5.057649654067466471e+00 5.116693937622976973e-01 5.806660836747810350e+01 6.912002639357626776e+01 4.000000000000000000e+01
6.324555320336764375e+00 5.159435560337946924e+00 8.208664570739948374e+00 7.501229347940636671e-01 1.115236158981523005e+02 1.301078995731812142e+02 4.000000000000000000e+01
3.411189702003358359e+00 1.552295332730140087e+00 3.766588034573972177e+00 8.657591695383611841e-01 4.801756694772385714e+01 5.665388120366707625e+01 4.000000000000000000e+01
3.473953464439375249e+00 2.111639040509224685e+00 4.166660970527576779e+00 6.196288027490868267e-01 6.070003923224368947e+01 7.104765148040543465e+01 4.000000000000000000e+01
3.375437903527041428e+00 1.924620259790576826e+00 3.145035472829728729e+00 5.550697528613647291e-01 5.905632270602944800e+01 7.373878769380534948e+01 4.000000000000000000e+01
3.552343858581806124e+00 1.568798921861809692e+00 4.828826426564922336e+00 5.499591189163350879e-01 4.597824142791300517e+01 6.013839131735628740e+01 4.000000000000000000e+01
3.443857242552258668e+00 1.700810704120666594e+00 4.016419161471871391e+00 5.625095936195354529e-01 5.575946559502160937e+01 6.709336868828252420e+01 4.000000000000000000e+01
3.473953464439375249e+00 1.975435718507485561e+00 3.503048352010892597e+00 6.289488310761123246e-01 5.474783358359201202e+01 6.357165168511481568e+01 4.000000000000000000e+01
3.443857242552258668e+00 2.456804746787371485e+00 3.990671660947564092e+00 7.351689601416977471e-01 6.635977412005510701e+01 8.663195867283600649e+01 4.000000000000000000e+01
3.291665350506605581e+00 2.044818748160608379e+00 3.764226617908723149e+00 6.938479397593265707e-01 7.144558545106851000e+01 8.781516050584647815e+01 4.000000000000000000e+01
3.411189702003358359e+00 1.209428582778128813e+00 4.711206158237088992e+00 6.930601610461734063e-01 4.410812225259201824e+01 5.055370934772713554e+01 4.000000000000000000e+01
3.552343858581806124e+00 2.124096531893391315e+00 8.500533457681783034e+00 6.443634220127134604e-01 7.820675015596673063e+01 9.689344959229144649e+01 4.000000000000000000e+01
3.427873620019257661e+00 1.331996681123637227e+00 3.233302473880651284e+00 5.288776449400544033e-01 4.005006675726396281e+01 4.694689451421468362e+01 4.000000000000000000e+01
3.552343858581806124e+00 1.329006041692674112e+00 8.293227237770992133e+00 5.868749909631788553e-01 4.966909335672707471e+01 6.207776082657095884e+01 4.000000000000000000e+01
3.427873620019257661e+00 1.932426740614201499e+00 6.019685032095476451e+00 6.273750645324539521e-01 7.042125529875626455e+01 8.332095147610490926e+01 4.000000000000000000e+01
3.501871511350209687e+00 1.889372205896422185e+00 5.346597333211446923e+00 4.336311215036474653e-01 4.574785643330128693e+01 5.536746990210910013e+01 4.000000000000000000e+01
3.646778057984198629e+00 7.734849812469893893e-01 5.246000010358228494e+00 7.340387374410211052e-01 5.468556464397777006e+01 6.744363302935384752e+01 4.000000000000000000e+01
3.501871511350209687e+00 1.339358912481309227e+00 3.864611805628213048e+00 3.979682915147672029e-01 3.088368454625578607e+01 3.804301038584843297e+01 4.000000000000000000e+01
3.375437903527044092e+00 1.723318009814624574e+00 4.695697547013368833e+00 5.369633871386026991e-01 5.118315686359343886e+01 6.382464598601646344e+01 4.000000000000000000e+01
3.411189702003358359e+00 2.037791137497159788e+00 4.067918123253352114e+00 6.399686087206966079e-01 7.230337193230728587e+01 8.650706964965088730e+01 4.000000000000000000e+01
3.586363173595479736e+00 1.700352824732467960e+00 4.087932571545350946e+00 6.429992252308219802e-01 7.082203219401442595e+01 8.686807547211955693e+01 4.000000000000000000e+01
3.375437903527041428e+00 2.031024265587945354e+00 5.051904068646783763e+00 5.889099528162611286e-01 5.198019990733503448e+01 6.670805912644740943e+01 4.000000000000000000e+01
6.324555320336760822e+00 4.499806543301287043e+00 1.941395630564728592e+01 5.758278003049980276e-01 8.362348226467175039e+01 1.036452012948196995e+02 4.000000000000000000e+01
3.411189702003358359e+00 1.284969156577822513e+00 3.328575899023866302e+00 6.102791484502052555e-01 5.800492382344980768e+01 6.344622362403856641e+01 4.000000000000000000e+01
3.586363173595479736e+00 1.526292502303599585e+00 6.823966025973029481e+00 6.255622984357459559e-01 5.918046768302016147e+01 7.499736185459340732e+01 4.000000000000000000e+01
3.443857242552258668e+00 1.468082594521972650e+00 3.642593687943123992e+00 2.990213478673412473e-01 4.020201669049942694e+01 4.882607978496280765e+01 4.000000000000000000e+01
3.515112659837269060e+00 2.018865393604108771e+00 4.342936212647735772e+00 6.131624327843081534e-01 5.745039590084962100e+01 6.857013623505743283e+01 4.000000000000000000e+01
3.552343858581806124e+00 1.775870985533141377e+00 4.143183008039063253e+00 4.464967124088654038e-01 4.835137419241647905e+01 5.837078362710000334e+01 4.000000000000000000e+01
3.473953464439375249e+00 1.686503949487289100e+00 5.048477019672455768e+00 5.759283667139390994e-01 4.248766872490819679e+01 5.382688860899666849e+01 4.000000000000000000e+01
3.335914189305273503e+00 1.642616456084365462e+00 3.350505206700038929e+00 5.970261776197908210e-01 6.366639969001600008e+01 7.481929898777953269e+01 4.000000000000000000e+01
3.411189702003358359e+00 1.679201096479771671e+00 4.276772419397178560e+00 7.030612153969119094e-01 4.506624589533549141e+01 5.473887296209861120e+01 4.000000000000000000e+01
3.375437903527041428e+00 1.975490208697947336e+00 5.667522214251433432e+00 6.571029439992462917e-01 8.530824866916050553e+01 1.031673908737053296e+02 4.000000000000000000e+01
3.375437903527041428e+00 1.684462276781393042e+00 4.236717379531912187e+00 5.070666193846166125e-01 4.331478596936332082e+01 5.583163027770865483e+01 4.000000000000000000e+01
3.501871511350209687e+00 1.949309522000456818e+00 2.882147511878499380e+00 5.515361964984600851e-01 5.242658568684499443e+01 6.152690911372821603e+01 4.000000000000000000e+01
2.479980506953562092e+00 8.782051211525193635e-01 2.716368486671028037e+00 5.980304786190736577e-01 4.387501330024596058e+01 4.880514429462552073e+01 4.000000000000000000e+01
3.443857242552258668e+00 2.180108985103569541e+00 3.516607195492370774e+00 6.054906389654720611e-01 6.872991156992610229e+01 7.968720557992341469e+01 4.000000000000000000e+01
6.324555320336766151e+00 4.325289910379155778e+00 5.246029434842977679e+00 7.176874602044304163e-01 8.225646146817945237e+01 1.002715290327336959e+02 4.000000000000000000e+01
3.411189702003358359e+00 1.686954340374867023e+00 2.943605738276080963e+00 4.163719028487309903e-01 5.264244071100485201e+01 5.736723436980783219e+01 4.000000000000000000e+01
3.314454017339988567e+00 1.752659989454895095e+00 4.635255074729466962e+00 5.934677667157565173e-01 4.048679665796561977e+01 5.081045251226794335e+01 4.000000000000000000e+01
3.375437903527041428e+00 7.982722881496847611e-01 4.207358043340482467e+00 7.210007372161809647e-01 5.464482474654410282e+01 6.929288431820891958e+01 4.000000000000000000e+01
3.443857242552258668e+00 2.197294273070277359e+00 5.165044420936030889e+00 6.094771912363619037e-01 6.258563304089813073e+01 7.875163173817057327e+01 4.000000000000000000e+01
3.473953464439375249e+00 2.077374435984612244e+00 3.737732371111419649e+00 6.474830009660381691e-01 7.066317954662636680e+01 8.928722026123202227e+01 4.000000000000000000e+01
3.291665350506605581e+00 1.895167813113019850e+00 4.696994125853857227e+00 6.481471310290221055e-01 6.064878223338505592e+01 7.411268074980735321e+01 4.000000000000000000e+01
3.501871511350209687e+00 2.245916344648516194e+00 4.029810099094516040e+00 6.396038402916442989e-01 7.253054654428633796e+01 8.823895812260978744e+01 4.000000000000000000e+01
3.443857242552258668e+00 2.253146454091442319e+00 4.086493700982249067e+00 6.227255692899412720e-01 6.585302119552052602e+01 8.243913005617216072e+01 4.000000000000000000e+01
3.375437903527041428e+00 1.802096973262249158e+00 5.341361715814104016e+00 5.602943410210985409e-01 5.478751130042694939e+01 6.935849553860404626e+01 4.000000000000000000e+01
6.324555320336760822e+00 4.535901839090618282e+00 6.006727530939721227e+00 6.835770770914451067e-01 8.168525468256036959e+01 9.363388065198147103e+01 4.000000000000000000e+01
3.375437903527044092e+00 1.727728900428255665e+00 5.409049759929261292e+00 4.710274487484181760e-01 4.010867503519465771e+01 5.035235133064996660e+01 4.000000000000000000e+01
2.540515226981212127e+00 1.173580019871560687e+00 2.898881250408815280e+00 6.583509971089158697e-01 4.399804486526446112e+01 5.397730335896371656e+01 4.000000000000000000e+01
3.617704769439423096e+00 2.566553754204590199e+00 3.885142164015725985e+00 7.692737304305321544e-01 9.243433137341810379e+01 1.134410251758630181e+02 4.000000000000000000e+01
3.552343858581806124e+00 2.424620496039764372e+00 3.109691039016288183e+00 7.068963945065952492e-01 7.352431136065320061e+01 9.456477449219055131e+01 4.000000000000000000e+01
3.617704769439423096e+00 2.055112809320943423e+00 3.361729608830066329e+00 6.429758332084062333e-01 6.339886467994607955e+01 7.585375527055471423e+01 4.000000000000000000e+01
2.456456052231581921e+00 1.213278928183973093e+00 3.286911042050239651e+00 6.518893380865878884e-01 5.732239711186978326e+01 7.230939662959787029e+01 4.000000000000000000e+01
3.617704769439423096e+00 2.001759346306000609e+00 4.534491364062311902e+00 6.807463386485351764e-01 6.824087397789229215e+01 7.972230005949218423e+01 4.000000000000000000e+01
3.375437903527041428e+00 1.711354094716418306e+00 3.498198874647547196e+00 6.487195956905492666e-01 6.273080074344873935e+01 7.957202224712196426e+01 4.000000000000000000e+01
3.375437903527041428e+00 1.604918125084700886e+00 3.533785543124587480e+00 4.679827996989498473e-01 5.258089936880781323e+01 6.314513433615280746e+01 4.000000000000000000e+01
3.411189702003358359e+00 2.202308569665177185e+00 4.662582365062152512e+00 6.726973547959659294e-01 5.885269105238067766e+01 6.991114369410325935e+01 4.000000000000000000e+01
3.411189702003358359e+00 2.318006898809200411e+00 5.289377740843664633e+00 7.689561057389160403e-01 7.470678188216706417e+01 9.294908655764058381e+01 4.000000000000000000e+01
3.515112659837269060e+00 1.275025240699299012e+00 6.533654185228932931e+00 5.692150301427748582e-01 4.823335395446162011e+01 5.840627468654766830e+01 4.000000000000000000e+01
3.411189702003358359e+00 1.714365503818065850e+00 7.432457456238222626e+00 5.362142835931577034e-01 5.688699927462121764e+01 6.913650869447306491e+01 4.000000000000000000e+01
3.646778057984198629e+00 1.528667884217368433e+00 4.245886630988695565e+00 6.381361882199683144e-01 5.838993586129006275e+01 7.004112034371999584e+01 4.000000000000000000e+01
3.515112659837269060e+00 2.421891971445571112e+00 4.768501531360378465e+00 7.322366462793362674e-01 7.376227986933146497e+01 9.576243902553648013e+01 4.000000000000000000e+01
3.646778057984198629e+00 2.008641342630432369e+00 5.230585773798117621e+00 6.912087628266528894e-01 5.838048400145119388e+01 7.335470652101118105e+01 4.000000000000000000e+01
3.411189702003358359e+00 2.439164277655220925e+00 4.494313646236829385e+00 7.716003930667594268e-01 5.915316053525301498e+01 6.957081744108148769e+01 4.000000000000000000e+01
3.473953464439375249e+00 2.180518448882400318e+00 9.319283081263771251e+00 7.168026593669043489e-01 7.766418328881505317e+01 1.041606319595282315e+02 4.000000000000000000e+01
3.375437903527041428e+00 1.815187010632093090e+00 3.110075990405839708e+00 5.758062212806976943e-01 4.301858277231295347e+01 5.588637917440258462e+01 4.000000000000000000e+01
3.527919570223205792e+00 1.468548035673234775e+00 4.790022732730669475e+00 4.134185919828913813e-01 3.939752473787165599e+01 4.994442951043561152e+01 4.000000000000000000e+01
3.552343858581806124e+00 1.353923085780239788e+00 7.583554441175920147e+00 4.766189592069234315e-01 4.305810398809767037e+01 5.553604311168290764e+01 4.000000000000000000e+01
3.443857242552258668e+00 2.308058931211152576e+00 7.644470678055871105e+00 6.421021414009813189e-01 6.227125540046444740e+01 7.580080794954493228e+01 4.000000000000000000e+01
3.552343858581806124e+00 2.288606953839086522e+00 4.205495754428040023e+00 5.535070578334313485e-01 7.209440353462386497e+01 8.613684225521913618e+01 4.000000000000000000e+01
3.515112659837269060e+00 1.701762715474369969e+00 7.876370074139764199e+00 5.922862109106427075e-01 6.538205182390208847e+01 7.983565221348167995e+01 4.000000000000000000e+01
3.346195160597230434e+00 1.856474787434894136e+00 5.367678336004183315e+00 5.364066820942350322e-01 5.470121178355555003e+01 7.182268545819236749e+01 4.000000000000000000e+01
3.314454017339988567e+00 2.015834047348348701e+00 3.748994190195406695e+00 6.308064478442658718e-01 5.242756543162984428e+01 6.640603880863228881e+01 4.000000000000000000e+01
3.586363173595479736e+00 2.208543026602723724e+00 5.795890892997831223e+00 7.310305933829374103e-01 8.537017248187463281e+01 1.029242152367647094e+02 4.000000000000000000e+01
3.375437903527044092e+00 2.071711850084694717e+00 4.455741518012263036e+00 5.988448024580630413e-01 6.254486415323177084e+01 7.763069716100855544e+01 4.000000000000000000e+01
3.411189702003358359e+00 1.983332530747712763e+00 5.833358705585523829e+00 5.917155603793217145e-01 5.169235367981046636e+01 6.479870443583381245e+01 4.000000000000000000e+01
3.443857242552258668e+00 2.046999393404050682e+00 6.457734639106712748e+00 6.324986298195484080e-01 6.822418706013533551e+01 8.344732478956008492e+01 4.000000000000000000e+01
6.324555320336764375e+00 4.563377941348293554e+00 7.167655486635082340e+00 7.176589268738683414e-01 6.603400469103064552e+01 8.450833930996276422e+01 4.000000000000000000e+01
3.473953464439375249e+00 1.977680599634620728e+00 5.617565747888806804e+00 6.254487037097159474e-01 5.593283098976944956e+01 7.217460516160913642e+01 4.000000000000000000e+01
3.443857242552258668e+00 1.566278134145528966e+00 3.329594462223855800e+00 6.823590023175831742e-01 5.514538791290072339e+01 6.291993287204719820e+01 4.000000000000000000e+01
3.443857242552258668e+00 1.801653805643896655e+00 3.769565539954795597e+00 5.198261064748265214e-01 4.874770763596911394e+01 6.244759068408550462e+01 4.000000000000000000e+01
3.375437903527041428e+00 1.585247072591325024e+00 5.838193637870057628e+00 6.076993441069145074e-01 4.402040518765822696e+01 5.193602536425439098e+01 4.000000000000000000e+01
3.552343858581806124e+00 1.756257574363769836e+00 5.032074670904757241e+00 6.086102388605982849e-01 5.874925264700979710e+01 7.141890394607429471e+01 4.000000000000000000e+01
3.473953464439375249e+00 8.092728342073151060e-01 3.536228327122754145e+00 7.094883510551144301e-01 4.667223759794017468e+01 5.528615714388246971e+01 4.000000000000000000e+01
6.324555320336764375e+00 4.654324828187599294e+00 7.069847757287027967e+00 8.044111198446821653e-01 9.225947064805352227e+01 1.086044189898495915e+02 4.000000000000000000e+01
3.411189702003358359e+00 2.057975342774118754e+00 5.143130762903401099e+00 5.514815348401042039e-01 5.812018867255127930e+01 7.377799997876229554e+01 4.000000000000000000e+01
3.515112659837269060e+00 1.729804642380536217e+00 3.498281915326463931e+00 5.469175429784552955e-01 5.186943752640144112e+01 6.428936070783646528e+01 4.000000000000000000e+01
3.473953464439375249e+00 1.366342712119199332e+00 4.822169265576749630e+00 5.861022325726522597e-01 5.341242100099604784e+01 6.309110756439046952e+01 4.000000000000000000e+01
3.411189702003358359e+00 2.346931523960058108e+00 6.458378176130639581e+00 7.419364300018470582e-01 8.121059590195673650e+01 1.012802240161735341e+02 4.000000000000000000e+01
3.515112659837269060e+00 1.505994966919338429e+00 4.498447357078408260e+00 6.840469942911929779e-01 5.458681845402286825e+01 6.678587700905904967e+01 4.000000000000000000e+01
3.411189702003358359e+00 1.936906855318125453e+00 5.471710242010057179e+00 5.017114691076786093e-01 4.956183403862983283e+01 6.124797656372615506e+01 4.000000000000000000e+01
6.324555320336762598e+00 4.122910378649867980e+00 8.819775830160587304e+00 7.892575312649108277e-01 6.728184711941274543e+01 8.116618283581075843e+01 4.000000000000000000e+01
3.473953464439375249e+00 1.937542143692426944e+00 5.734166861894951950e+00 6.726123804178891774e-01 6.991987585446025832e+01 9.115686643277580004e+01 4.000000000000000000e+01
3.346195160597230434e+00 1.481724408503933832e+00 3.625591048882138345e+00 5.989964930752876837e-01 3.814965638271058879e+01 4.655251652890272140e+01 4.000000000000000000e+01
3.617704769439423096e+00 2.009386703295479748e+00 4.037844190686529444e+00 6.863729053171806482e-01 7.939851371983218087e+01 9.242656206582002199e+01 4.000000000000000000e+01
3.443857242552258668e+00 1.532811416099711277e+00 3.663829299843055942e+00 5.507392627529700269e-01 4.962364283629116812e+01 6.228358409650458327e+01 4.000000000000000000e+01
3.375437903527041428e+00 1.897380546843507210e+00 3.459566366693077377e+00 5.687230482813853127e-01 6.250815450240266102e+01 7.444122720509230362e+01 4.000000000000000000e+01
3.411189702003358359e+00 1.490298197193472118e+00 5.842267892620971459e+00 4.502345826787540473e-01 4.288899449737009206e+01 5.238463079226743702e+01 4.000000000000000000e+01
3.314454017339988567e+00 1.518961645144628614e+00 4.392381870069560712e+00 6.773486803785769839e-01 5.797310347319664459e+01 7.162210005987918748e+01 4.000000000000000000e+01
3.552343858581806124e+00 1.953271526077504650e+00 2.528142885404657925e+00 6.095198073513257153e-01 6.391495792989704938e+01 7.835701117811551342e+01 4.000000000000000000e+01
3.515112659837269060e+00 2.021733252300412342e+00 4.277412054415401066e+00 7.205065801283638827e-01 7.808638313306559553e+01 8.655640430989669198e+01 4.000000000000000000e+01
3.515112659837269060e+00 1.878205144039512220e+00 4.401801942031804415e+00 6.222883272552920397e-01 4.285946203763992912e+01 5.209719863590284916e+01 4.000000000000000000e+01
3.375437903527044092e+00 1.946632045260917820e+00 4.144923366191588521e+00 5.092184351340647286e-01 5.666564485886421920e+01 7.085527598585646558e+01 4.000000000000000000e+01
3.375437903527044092e+00 1.771437277624819950e+00 4.211956378549525759e+00 5.262287775418337255e-01 5.084248137170681758e+01 6.141003650430757688e+01 4.000000000000000000e+01
3.375437903527041428e+00 1.811058697903781489e+00 3.398453370877240864e+00 6.308174225072724628e-01 6.810521627461039884e+01 8.205467221629709229e+01 4.000000000000000000e+01
3.617704769439423096e+00 2.032648875757536278e+00 3.324528461122990386e+00 6.204213649339388459e-01 5.868776381435289835e+01 6.944312414950432810e+01 4.000000000000000000e+01
3.375437903527041428e+00 1.839125219793638522e+00 4.477705929018545028e+00 7.260112511244082301e-01 4.370883058113355446e+01 5.775449406895826598e+01 4.000000000000000000e+01
3.411189702003358359e+00 1.847244864825562161e+00 4.085989515623709600e+00 4.916761793094953648e-01 5.329944430058468896e+01 6.594872379161367348e+01 4.000000000000000000e+01
3.473953464439375249e+00 1.529666630590502674e+00 4.027237207586727763e+00 4.663084070631009492e-01 4.949520069669667777e+01 6.557060262243911097e+01 4.000000000000000000e+01
3.473953464439375249e+00 1.724447282161397865e+00 4.867805383306730072e+00 5.403273120144982400e-01 3.988077815288713168e+01 5.073408205502752111e+01 4.000000000000000000e+01
3.473953464439375249e+00 2.230774642301030841e+00 3.157527227711873330e+00 6.816743986794193688e-01 7.163577388450050876e+01 8.406390713207180454e+01 4.000000000000000000e+01
3.411189702003358359e+00 1.859827462317789282e+00 3.381199729763957329e+00 5.290109992355949142e-01 4.586807021546010077e+01 5.819178095702941533e+01 4.000000000000000000e+01
3.411189702003358359e+00 1.801911675084227449e+00 4.196298729743935141e+00 5.839594962423972913e-01 5.377986431361878061e+01 6.453818418322316575e+01 4.000000000000000000e+01
3.335914189305273503e+00 1.862675552362341280e+00 6.092396690929324343e+00 5.936260813622284971e-01 7.006682850797908202e+01 7.995099190546395107e+01 4.000000000000000000e+01
3.335914189305273503e+00 2.227160950055230071e+00 4.214040804926241002e+00 6.922566806918613036e-01 6.249680458679380735e+01 7.774833754663444552e+01 4.000000000000000000e+01
3.411189702003358359e+00 2.347778283862005377e+00 4.112600926941087032e+00 6.046666979084920346e-01 5.518995409697058108e+01 6.738531140062200109e+01 4.000000000000000000e+01
3.515112659837269060e+00 2.701524060555283491e+00 3.558484850207138006e+00 7.320024093429479128e-01 9.982637945190298012e+01 1.143163106316649902e+02 4.000000000000000000e+01
3.427873620019257661e+00 1.544578138426345282e+00 3.526580888413507697e+00 7.138572599040070576e-01 5.452761967632032736e+01 6.280773884701326892e+01 4.000000000000000000e+01
3.375437903527044092e+00 1.746696905342352890e+00 3.746738518089073100e+00 6.463354375296299636e-01 5.159100149460256546e+01 6.783613767581786647e+01 4.000000000000000000e+01
3.552343858581806124e+00 1.890873658483686492e+00 4.037950515293338150e+00 6.528960092278950356e-01 6.491668580007836908e+01 7.859357727220574930e+01 4.000000000000000000e+01
3.586363173595479736e+00 1.666036292440484123e+00 6.932281883508601972e+00 6.781038060474804396e-01 6.787536187531866005e+01 9.093611367633457121e+01 4.000000000000000000e+01
3.375437903527041428e+00 1.947204701174499286e+00 3.784868776409055613e+00 6.618838532547662856e-01 5.902888750669309559e+01 7.280363629942216619e+01 4.000000000000000000e+01
3.552343858581806124e+00 1.638581424324845548e+00 5.038636379241495433e+00 6.263188550364200413e-01 6.270981494123537203e+01 7.579192533528201636e+01 4.000000000000000000e+01
3.473953464439375249e+00 2.039322864922607170e+00 5.094987106451700498e+00 6.443879092008842902e-01 6.377439907644690464e+01 8.538921478359266359e+01 4.000000000000000000e+01
3.552343858581806124e+00 1.614437084610686357e+00 8.329192915504025407e+00 6.423747546413483001e-01 6.102816941798317885e+01 7.691029669939017310e+01 4.000000000000000000e+01
3.335914189305273503e+00 1.419678469834515955e+00 5.282868475005413345e+00 5.405253674446365286e-01 4.006914573461047269e+01 4.837520691086221802e+01 4.000000000000000000e+01
3.501871511350209687e+00 2.049055756420323782e+00 5.675786377324826937e+00 6.026701601832736843e-01 5.192032490965267044e+01 6.685468900791927638e+01 4.000000000000000000e+01
3.411189702003358359e+00 2.219110302400657098e+00 4.769471620685071578e+00 6.666260535669396026e-01 7.410355625723798312e+01 9.165109876083151619e+01 4.000000000000000000e+01
6.324555320336764375e+00 3.897946376082155773e+00 6.321645887386474705e+00 7.438004995082468929e-01 5.776375272733987742e+01 7.738807002779321920e+01 4.000000000000000000e+01
6.324555320336766151e+00 4.444362030531238794e+00 8.724555936111594079e+00 7.106732279041899636e-01 7.583748292970408045e+01 8.639825399711754983e+01 4.000000000000000000e+01
3.451605276052132520e+00 2.160388685812777876e+00 4.345649869913478902e+00 5.710106839577313576e-01 6.008244724286296901e+01 6.913851540637270432e+01 4.000000000000000000e+01
3.335914189305273503e+00 1.989609871075365577e+00 5.901809840921908190e+00 6.243199238490503289e-01 6.946750358943411641e+01 8.999227977237934795e+01 4.000000000000000000e+01
3.515112659837269060e+00 1.914878332644058379e+00 5.243154197905749214e+00 6.300975996835816995e-01 5.287056459512347573e+01 6.392253598453652330e+01 4.000000000000000000e+01
3.443857242552258668e+00 2.576898321201511965e+00 4.657875010830387907e+00 6.906954812506902464e-01 6.692601122837393746e+01 7.611967713059655694e+01 4.000000000000000000e+01
3.411189702003358359e+00 1.765350075772493810e+00 4.531918500001649974e+00 5.540431397886603770e-01 5.179380512489502308e+01 6.475421852827786040e+01 4.000000000000000000e+01
2.521757574239155808e+00 9.589670589737757656e-01 3.479100355925548893e+00 4.894389416736183995e-01 3.856260548076951977e+01 4.733099520475914801e+01 4.000000000000000000e+01
3.515112659837269060e+00 1.336113605792485171e+00 5.714336460776218374e+00 6.919579125870325420e-01 6.983256959505453665e+01 8.318673427482202953e+01 4.000000000000000000e+01
3.279716080596871919e+00 1.978978876597738301e+00 3.961929815871684468e+00 5.585608011391920424e-01 5.365011429574410329e+01 6.720386357638828656e+01 4.000000000000000000e+01
3.473953464439375249e+00 1.631709916456043130e+00 6.981656648147683164e+00 5.064598752847098151e-01 4.178109486858302546e+01 5.078922797410670142e+01 4.000000000000000000e+01
3.515112659837269060e+00 2.119472529757846058e+00 5.323287529637460658e+00 6.747449884864690217e-01 7.421347884104707759e+01 9.400788106449027737e+01 4.000000000000000000e+01
3.375437903527041428e+00 1.779566002559590521e+00 4.552651667831085547e+00 6.654621926428410106e-01 6.152141329857364838e+01 7.469462028452338132e+01 4.000000000000000000e+01
3.443857242552258668e+00 1.510675828591573344e+00 4.226285235789550399e+00 3.530848499347396530e-01 4.780666340417975135e+01 5.768166035825229443e+01 4.000000000000000000e+01
3.552343858581806124e+00 1.423518713755878462e+00 4.099774463591883134e+00 5.747356772951172088e-01 5.502112466928390688e+01 6.673240262628996788e+01 4.000000000000000000e+01
3.411189702003358359e+00 2.116132645671158663e+00 2.988531054524279806e+00 6.190924592450023356e-01 7.666369164479863230e+01 9.577068846735404861e+01 4.000000000000000000e+01
3.515112659837269060e+00 2.191363029960242237e+00 3.220973115111367413e+00 7.578427988962934680e-01 7.775103304833876905e+01 9.312309561343002429e+01 4.000000000000000000e+01
3.646778057984198629e+00 1.648977256101866518e+00 4.374966966737323659e+00 4.716717133212300905e-01 4.742427367574341446e+01 5.806222949602322103e+01 4.000000000000000000e+01
3.552343858581806124e+00 7.134872681191470889e-01 5.462305248948521097e+00 7.230311067894570343e-01 4.892513965995823355e+01 5.894113571951289998e+01 4.000000000000000000e+01
3.586363173595479736e+00 1.258587729293330293e+00 5.330128732219924892e+00 5.666472758153683342e-01 4.999708779291199789e+01 6.235903292226608841e+01 4.000000000000000000e+01
3.411189702003358359e+00 2.466418129024493755e+00 4.913972348275540192e+00 7.484164218881009800e-01 8.232919719406643821e+01 1.069692737423368243e+02 4.000000000000000000e+01
3.443857242552258668e+00 1.714585528041383533e+00 4.498348602939034713e+00 5.691013658139745246e-01 5.063411435688276896e+01 6.384424010704096020e+01 4.000000000000000000e+01
3.586363173595479736e+00 7.171599790410574382e-01 4.409267720202220353e+00 6.382225562236577554e-01 4.781079112091804717e+01 5.319031993501465649e+01 4.000000000000000000e+01
3.411189702003358359e+00 1.630430261848783813e+00 5.822477084848951989e+00 6.945673712536861721e-01 4.738875423220273575e+01 5.417843808653447013e+01 4.000000000000000000e+01
3.411189702003358359e+00 1.750852431970172374e+00 5.901699044484151280e+00 7.054851535034309951e-01 6.858883504997545799e+01 8.618486731987151472e+01 4.000000000000000000e+01
3.443857242552258668e+00 2.149575415189683536e+00 4.395127907164939174e+00 6.864535723956911584e-01 6.397194601249275792e+01 7.595312537333930436e+01 4.000000000000000000e+01
3.617704769439423096e+00 1.675208172983584820e+00 6.538277182258889653e+00 6.420683094384509459e-01 5.774832519643769757e+01 7.161293614865827806e+01 4.000000000000000000e+01
3.375437903527041428e+00 1.414320791487037932e+00 3.586883234316843971e+00 7.433074430610897565e-01 5.904425820329494456e+01 6.765215983578099213e+01 4.000000000000000000e+01
3.473953464439375249e+00 1.988017660209608906e+00 4.090324058723043166e+00 7.033059340336242915e-01 7.064700143624391160e+01 8.916529161518046465e+01 4.000000000000000000e+01
3.375437903527041428e+00 1.852152927208604360e+00 5.382172958048939471e+00 5.557039507939094403e-01 5.541364319557262519e+01 7.499740702726553820e+01 4.000000000000000000e+01
3.515112659837269060e+00 2.232872724336894432e+00 7.630660416406653823e+00 6.499398803175364669e-01 8.192052006080837145e+01 9.645965563776546503e+01 4.000000000000000000e+01
3.411189702003358359e+00 1.771407807593015304e+00 5.000622307399904543e+00 6.011327611963797057e-01 5.261797971884998049e+01 6.344616019945838303e+01 4.000000000000000000e+01
3.586363173595479736e+00 1.239269731318950685e+00 4.040533017365389057e+00 6.058078706092224763e-01 4.933279607407403944e+01 5.935651849685525860e+01 4.000000000000000000e+01
3.552343858581806124e+00 6.624716805604238257e-01 5.162342052075286070e+00 5.362389407527323737e-01 3.332120362396289437e+01 4.217180592490286273e+01 4.000000000000000000e+01
6.324555320336764375e+00 3.427960387828633326e+00 4.321718307593279462e+00 6.587121041395365140e-01 5.517007358913325277e+01 6.876242747473351358e+01 4.000000000000000000e+01
3.552343858581806124e+00 2.367502614416772122e+00 4.366269333264281904e+00 6.875097097367132148e-01 9.392162554194374025e+01 1.194242965221187802e+02 4.000000000000000000e+01
3.473953464439375249e+00 1.545753489456931584e+00 3.418617891816224663e+00 4.717534289734417463e-01 4.564280140243329242e+01 5.572863519849465064e+01 4.000000000000000000e+01
3.427873620019257661e+00 1.325896717413429071e+00 4.602717110770494280e+00 8.525543668734015812e-01 4.855410885751796002e+01 5.620871022019606755e+01 4.000000000000000000e+01
3.335914189305273503e+00 1.818891278571691084e+00 3.951394651851872997e+00 7.351073255325835110e-01 5.473723747216515534e+01 6.881719815403160112e+01 4.000000000000000000e+01
3.473953464439375249e+00 1.879047979040525451e+00 4.364320459128824936e+00 5.645909085528325599e-01 5.739152332616508545e+01 6.979521020040142787e+01 4.000000000000000000e+01
3.346195160597230434e+00 1.844268974706332331e+00 5.175277973070076420e+00 5.334074709030750538e-01 5.796892721049489694e+01 7.482645191338434643e+01 4.000000000000000000e+01
3.346195160597230434e+00 2.383288857118152748e+00 3.978935085750731737e+00 6.438680541076327035e-01 6.359801073980061403e+01 7.909000945199801436e+01 4.000000000000000000e+01
3.375437903527041428e+00 1.716394314144851219e+00 3.791094581513005934e+00 6.564369990967046098e-01 5.411981453071012993e+01 6.589858184497772697e+01 4.000000000000000000e+01
2.430710570620360222e+00 8.826371958388528061e-01 2.615083236819729873e+00 6.676342959190281201e-01 5.174613464039571653e+01 6.197707726996102195e+01 4.000000000000000000e+01
3.346195160597230434e+00 2.325751930865413986e+00 6.766358742221921574e+00 5.146410924561614086e-01 5.468952758405855974e+01 6.992117981101208102e+01 4.000000000000000000e+01
3.443857242552258668e+00 1.868667662841941857e+00 4.505119731613302925e+00 5.941434199956082685e-01 5.615733607656904525e+01 6.971261581934561491e+01 4.000000000000000000e+01
3.586363173595479736e+00 2.033382765234732936e+00 3.869561696083774205e+00 5.820186620306857517e-01 7.300775553081993507e+01 9.037454775235444515e+01 4.000000000000000000e+01
3.552343858581806124e+00 2.124394088903336364e+00 3.812501300099389479e+00 7.646120716746583890e-01 7.985949249851276477e+01 9.566776438157415896e+01 4.000000000000000000e+01
3.515112659837269060e+00 1.745328315339194525e+00 3.849272624798215414e+00 5.531427750571973334e-01 5.950969885238022528e+01 7.051231857251663371e+01 4.000000000000000000e+01
3.473953464439375249e+00 2.185230000360337765e+00 3.674893815680194020e+00 7.039360653241580890e-01 6.831609491781328813e+01 8.257287310994097140e+01 4.000000000000000000e+01
3.473953464439375249e+00 2.139396056057283779e+00 3.303595011829645323e+00 6.943557939238939047e-01 6.051555025857417291e+01 7.415517779582414448e+01 4.000000000000000000e+01
2.456456052231581921e+00 9.032273376992947522e-01 2.945338504118323542e+00 5.732487280808533647e-01 4.240502202684952948e+01 5.047614956267265995e+01 4.000000000000000000e+01
3.375437903527041428e+00 1.533501193517972983e+00 3.325677632339471668e+00 7.578295434316841828e-01 4.272499452268188236e+01 5.047441114058935341e+01 4.000000000000000000e+01
3.443857242552258668e+00 1.940293390371944593e+00 4.693361681025055354e+00 6.691101405677190028e-01 6.693281014721797817e+01 8.356683723413858900e+01 4.000000000000000000e+01
3.473953464439375249e+00 1.673037150047836041e+00 4.286673335611194346e+00 9.290018224498638455e-01 8.947980081359476401e+01 1.109503131043217934e+02 4.000000000000000000e+01
3.375437903527041428e+00 1.367862132590804913e+00 3.863260423766626594e+00 5.990522107897783277e-01 3.490953461255965351e+01 4.196304950383799337e+01 4.000000000000000000e+01
3.411189702003358359e+00 2.624483020279976486e+00 6.531652716009350712e+00 7.965907281255858452e-01 8.888601235573328552e+01 1.071191684385703269e+02 4.000000000000000000e+01
3.375437903527041428e+00 1.951366632903129616e+00 5.545561177293269139e+00 5.348719042421254954e-01 6.805975254709241540e+01 8.586374237921208419e+01 4.000000000000000000e+01
3.335914189305273503e+00 2.043204360214149418e+00 4.230774264882872338e+00 6.964575351941781900e-01 5.697677373494453690e+01 6.935585617367287625e+01 4.000000000000000000e+01
3.314454017339988567e+00 1.444161803695065860e+00 3.767143602943564318e+00 4.007765754698545124e-01 3.514742478913934320e+01 4.344366415256182989e+01 4.000000000000000000e+01
3.473953464439375249e+00 2.388226009248750614e+00 4.021574637561332821e+00 7.183554957835455168e-01 7.827024210239046909e+01 9.818450390070826472e+01 4.000000000000000000e+01
3.300951334040937990e+00 2.057289738628024889e+00 3.741953949625700826e+00 4.922455068913455523e-01 4.349972170703786389e+01 5.215590752449458734e+01 4.000000000000000000e+01
3.552343858581806124e+00 2.368316928185854930e+00 3.648506040128263184e+00 7.010373479424502063e-01 9.465735938736624178e+01 1.033951718249525698e+02 4.000000000000000000e+01
6.324555320336766151e+00 4.082795231531506808e+00 5.758244235747634221e+00 6.800200774380706914e-01 8.529514200963211579e+01 1.027334102266708129e+02 4.000000000000000000e+01
3.402564240911784665e+00 1.982956609831673545e+00 5.118431095705399336e+00 6.257782217236866895e-01 5.261262073870990719e+01 6.761853410671402287e+01 4.000000000000000000e+01
3.515112659837269060e+00 2.395449653174873905e+00 4.033930241155847085e+00 7.030940899217968942e-01 6.250333737171519033e+01 8.180874177145042836e+01 4.000000000000000000e+01
3.515112659837269060e+00 2.309885989531555772e+00 4.279888520283357423e+00 7.406445097544829270e-01 9.382576447219678073e+01 1.167339305778087493e+02 4.000000000000000000e+01
3.427873620019257661e+00 1.974436744304846059e+00 3.019577524839365701e+00 5.655486493637080780e-01 5.795544155085168114e+01 7.537095808214736792e+01 4.000000000000000000e+01
3.515112659837269060e+00 1.449275672370903489e+00 3.160953492592878611e+00 4.870744692882728599e-01 5.507779962839677523e+01 6.406873488569044639e+01 4.000000000000000000e+01
3.515112659837269060e+00 2.469414671116904714e+00 4.545784109477220447e+00 8.105903338042962369e-01 6.526866217656733227e+01 8.104995101600826501e+01 4.000000000000000000e+01
3.617704769439423096e+00 1.234482103620086368e+00 4.388488863615562785e+00 8.078922848601379769e-01 7.115097399520621479e+01 8.128218490420107400e+01 4.000000000000000000e+01
3.272353897487798591e+00 1.719181891303653176e+00 3.530907860721306246e+00 4.370591937062057730e-01 4.827253048922549539e+01 5.929664209923336671e+01 4.000000000000000000e+01
3.617704769439423096e+00 2.428503026154848587e+00 5.073600065722760455e+00 6.921718512358114861e-01 8.386930816436520786e+01 1.070463334243553675e+02 4.000000000000000000e+01
3.375437903527044092e+00 1.529125534433409372e+00 3.969098494319924786e+00 4.406256180507130971e-01 4.550257685064417501e+01 5.690201927842706198e+01 4.000000000000000000e+01
3.279716080596871919e+00 1.942109046973765407e+00 5.207796190093139543e+00 5.988257860078470829e-01 5.014266163620045091e+01 6.120662876524342266e+01 4.000000000000000000e+01
3.411189702003358359e+00 1.589907904080887002e+00 3.227177068920195957e+00 6.765151503299432489e-01 5.214589124200691828e+01 6.106773203989326504e+01 4.000000000000000000e+01
3.617704769439423096e+00 1.851168222526047513e+00 4.815549284615706860e+00 7.127126297335859562e-01 6.048052857093854584e+01 7.499699176026226155e+01 4.000000000000000000e+01
6.324555320336762598e+00 3.349186169512321509e+00 7.344981449616835967e+00 5.457890890194129208e-01 5.233628437266754219e+01 6.039513921861937717e+01 4.000000000000000000e+01
3.335914189305273503e+00 1.567265771249748418e+00 3.515832305300242488e+00 7.217068872128767909e-01 5.177174055297648891e+01 5.844192347405711985e+01 4.000000000000000000e+01
3.552343858581806124e+00 2.451913522318690752e+00 3.243169963996306748e+00 7.993801804484439444e-01 8.799106156685454039e+01 1.007828666645648923e+02 4.000000000000000000e+01
3.473953464439375249e+00 1.944799953075057708e+00 4.972117825452418316e+00 6.015439477163762039e-01 6.349464341276026857e+01 7.327216112447192131e+01 4.000000000000000000e+01
2.479980506953562092e+00 8.907145178747523095e-01 4.353174668391987190e+00 8.101536991608851990e-01 5.886000293307609610e+01 6.648441473592497175e+01 4.000000000000000000e+01
3.346195160597230434e+00 1.988901718205293268e+00 4.028639592859855512e+00 6.035897109295240703e-01 5.845488368118783029e+01 7.169222653295722125e+01 4.000000000000000000e+01
3.473953464439375249e+00 2.345903863164831904e+00 5.317075329904091596e+00 6.951388052252054361e-01 7.390345977671137234e+01 9.075898470889771374e+01 4.000000000000000000e+01
3.617704769439423096e+00 1.794911173931221127e+00 5.657007498283342706e+00 7.115925697846504638e-01 5.436640646020170209e+01 6.261712430950813513e+01 4.000000000000000000e+01
3.402564240911784665e+00 2.255316165141571183e+00 5.648578569900275959e+00 7.399907376256568137e-01 7.090127297127634165e+01 8.680644274504612667e+01 4.000000000000000000e+01
3.346195160597230434e+00 1.938978104856259321e+00 3.412648406951685143e+00 6.101622125885669545e-01 6.603651395721281858e+01 8.049656462762439446e+01 4.000000000000000000e+01
3.552343858581806124e+00 1.315079651802784078e+00 4.879372158096097145e+00 7.164779510630496784e-01 6.634663858972115236e+01 7.209575371357394147e+01 4.000000000000000000e+01
3.515112659837269060e+00 2.079900691320954120e+00 3.051663580685579635e+00 7.259349817460968302e-01 6.838548749192105447e+01 7.938427302699352595e+01 4.000000000000000000e+01
3.375437903527041428e+00 1.031033235698507466e+00 3.963240309440089426e+00 6.664949970710108973e-01 3.875703831356258888e+01 4.857215004016140369e+01 4.000000000000000000e+01
3.586363173595479736e+00 2.027593841609799608e+00 4.433773027684408063e+00 7.020021008146640762e-01 5.685270410950278119e+01 7.172970579592077911e+01 4.000000000000000000e+01
3.443857242552258668e+00 1.957465141688355503e+00 4.723268893774442923e+00 4.839995814225688808e-01 6.369167513650469203e+01 7.831878477371016345e+01 4.000000000000000000e+01
3.443857242552258668e+00 1.202710213556803076e+00 4.816798850376261321e+00 6.126769178549043016e-01 3.585636155138888626e+01 4.469988977461868984e+01 4.000000000000000000e+01
3.552343858581806124e+00 1.324246366937736674e+00 5.062904925556999558e+00 6.027620402367078745e-01 4.007143581793891940e+01 4.953649876392845641e+01 4.000000000000000000e+01
3.443857242552258668e+00 2.281273245172301234e+00 4.900899538653551879e+00 6.169646506514835371e-01 5.343970387212313256e+01 6.842904015570385923e+01 4.000000000000000000e+01
6.324555320336766151e+00 4.839478938750835901e+00 7.540251422497975753e+00 7.459451319238654676e-01 9.695936382768702799e+01 1.229577386685451046e+02 4.000000000000000000e+01
3.473953464439375249e+00 1.132297009301862722e+00 5.545652284235601748e+00 6.283849780289401110e-01 4.833440679854694366e+01 6.097617195547441327e+01 4.000000000000000000e+01
6.324555320336766151e+00 4.546203473803705819e+00 7.564628109393838784e+00 7.842789297119004965e-01 8.071876566898610861e+01 9.948704009072346821e+01 4.000000000000000000e+01
3.515112659837269060e+00 2.682398425100725348e+00 4.364977209582508344e+00 7.996204543275334808e-01 8.651941220857663950e+01 1.037926952633938669e+02 4.000000000000000000e+01
3.427873620019257661e+00 2.145858492470051448e+00 3.267612912482094512e+00 7.933033211636949522e-01 6.540282866469516421e+01 8.250878569362647852e+01 4.000000000000000000e+01
