3.411189702003358359e+00 2.368743114435721608e+00 3.718814530936624063e+00 7.005604225333541546e-01 6.756619496671159197e+01 7.722114610289411019e+01 5.790018807829017078e+01 4.000000000000000000e+01
3.443857242552258668e+00 1.658621533457552477e+00 4.164006988942140275e+00 5.613843645805431937e-01 5.675565743501868354e+01 5.761119386089921335e+01 4.907848401320372744e+01 4.000000000000000000e+01
3.473953464439375249e+00 1.609914991674556317e+00 5.967709602678661795e+00 7.937495000602738937e-01 5.101439286861305078e+01 5.432600345234503436e+01 4.438664794948406467e+01 4.000000000000000000e+01
3.515112659837269060e+00 1.765181031597849115e+00 3.583291429293492314e+00 6.181092006327759680e-01 5.909645918652810792e+01 5.635944451594065896e+01 5.482871497022541263e+01 4.000000000000000000e+01
3.515112659837269060e+00 2.292094828387016392e+00 4.360826939558801740e+00 6.769737383614512494e-01 6.514013872860923016e+01 7.045432995435400869e+01 5.746938426650827125e+01 4.000000000000000000e+01
3.411189702003358359e+00 2.274924101069656590e+00 4.844716408363833438e+00 7.637124217302683205e-01 6.329135451590978079e+01 7.444125730501814076e+01 5.820328686332700840e+01 4.000000000000000000e+01
3.427873620019257661e+00 1.942304403390738399e+00 5.185159114989784435e+00 7.749977186148088171e-01 4.981161981691004570e+01 3.844355150786060449e+01 4.880237613199335556e+01 4.000000000000000000e+01
2.456456052231581921e+00 7.277620716060827499e-01 2.781343741606219666e+00 5.894008839055596694e-01 5.846907503382531246e+01 5.882624170063431990e+01 4.866644870090737385e+01 4.000000000000000000e+01
3.443857242552258668e+00 1.901663837454779848e+00 3.316434893194723621e+00 4.967354225854347938e-01 6.421677704132019926e+01 6.836964775753935442e+01 5.437570519684635428e+01 4.000000000000000000e+01
3.411189702003358359e+00 2.275018748990878414e+00 3.323373724885672065e+00 6.607373087845704873e-01 6.321952508881932431e+01 6.822287989727323065e+01 5.398150594993681040e+01 4.000000000000000000e+01
3.411189702003358359e+00 1.786730937442270850e+00 4.164743975587585467e+00 5.872828576210574747e-01 6.203141404003761750e+01 6.144902912285088803e+01 5.356768719123861189e+01 4.000000000000000000e+01
3.279716080596871919e+00 2.587588789105190745e+00 4.184931599591019236e+00 8.862432116759140222e-01 6.235072835377648914e+01 6.890777753164712749e+01 5.594045549462857281e+01 4.000000000000000000e+01
3.443857242552258668e+00 1.944512790072709496e+00 4.337900870109395512e+00 6.433472943376143949e-01 5.757745351890172003e+01 6.410267011271788817e+01 4.904305956450318860e+01 4.000000000000000000e+01
3.586363173595479736e+00 1.684486665621312662e+00 4.972745181295749717e+00 4.906832930685474659e-01 6.162668256253692789e+01 6.192522369544835925e+01 5.009151450509354220e+01 4.000000000000000000e+01
3.617704769439423096e+00 1.761857247728740195e+00 4.797005337315139784e+00 6.630530696649100664e-01 5.997371805301487768e+01 5.826695736061232367e+01 5.256296164734965970e+01 4.000000000000000000e+01
3.375437903527041428e+00 2.313087902513095262e+00 5.263264611491923262e+00 5.881878963649589398e-01 6.588959108317654056e+01 6.724340756711160338e+01 5.353837029178951923e+01 4.000000000000000000e+01
2.501653311125224821e+00 1.077350431634028993e+00 3.846438345820561988e+00 4.841655096514464462e-01 6.343941696252363727e+01 6.114717798367633605e+01 5.214881814511719682e+01 4.000000000000000000e+01
3.411189702003358359e+00 1.308273897309421008e+00 3.797250988871182731e+00 4.862050473564092923e-01 5.438765188371103676e+01 5.142196060562925908e+01 4.353135788193682743e+01 4.000000000000000000e+01
3.346195160597230434e+00 2.040634007679207329e+00 3.963115717815344219e+00 6.280095120774258355e-01 5.718189414903344669e+01 5.865454199951203407e+01 4.894779955464267829e+01 4.000000000000000000e+01
2.521757574239154476e+00 1.160911354577817578e+00 2.921794835285559166e+00 4.330470114135974713e-01 6.297693368084037502e+01 6.056346111391253118e+01 5.298211260018930346e+01 4.000000000000000000e+01
3.552343858581806124e+00 2.174308630778501339e+00 6.244130475421751036e+00 6.237119271283239064e-01 5.685582458822442931e+01 6.098836537497540178e+01 5.195842925513445465e+01 4.000000000000000000e+01
3.552343858581806124e+00 2.057892655003051630e+00 3.395956321192397542e+00 6.063598569103954006e-01 6.223230193547769318e+01 6.703703400416137015e+01 5.298067134957348401e+01 4.000000000000000000e+01
3.375437903527044092e+00 1.853113885221765900e+00 3.258860402726618588e+00 5.426428548699508969e-01 5.871349556112820522e+01 5.740998538446426380e+01 5.010090989447451193e+01 4.000000000000000000e+01
3.586363173595479736e+00 3.048560270692767249e-01 6.059622799971075224e+00 6.313258535257816328e-01 4.914828195744271255e+01 4.621510863805539060e+01 4.828195554602312711e+01 4.000000000000000000e+01
3.473953464439375249e+00 1.838228262776562039e+00 3.475801145919737323e+00 6.309348687235581954e-01 4.604743530428710585e+01 4.286098287362075610e+01 4.224541676933267098e+01 4.000000000000000000e+01
3.586363173595479736e+00 2.148217020167238811e+00 4.666750294184986991e+00 6.644947767961499885e-01 5.393541963684636187e+01 5.734445513678967643e+01 5.010678046246604112e+01 4.000000000000000000e+01
3.552343858581806124e+00 1.978562117021068989e+00 3.620785403105784006e+00 6.579634275672655574e-01 6.215283606578264397e+01 6.144425170876420594e+01 4.900956589829542054e+01 4.000000000000000000e+01
3.473953464439375249e+00 1.942483973066527536e+00 6.822111731234057785e+00 5.774072353414717584e-01 5.753665411385141226e+01 6.069330959880912246e+01 4.841809198055803876e+01 4.000000000000000000e+01
3.279716080596871919e+00 1.899493623298594835e+00 2.986976445270528302e+00 4.831749368692137558e-01 5.863699062510021065e+01 6.569218296305390936e+01 5.147401860409897978e+01 4.000000000000000000e+01
3.552343858581806124e+00 2.674767730604401095e+00 4.499406156962150405e+00 8.086043865318448542e-01 5.612089484337894163e+01 5.873630040460281521e+01 4.988157916068427511e+01 4.000000000000000000e+01
2.501653311125224821e+00 8.991752585296429734e-01 2.500056024918517750e+00 5.747711563412266633e-01 4.890505618650853137e+01 4.727703385890076504e+01 4.190808786806249486e+01 4.000000000000000000e+01
3.411189702003358359e+00 1.741835859964476541e+00 4.356979046558187463e+00 4.949592566468619115e-01 6.309306139248913325e+01 6.758930388316613858e+01 5.108564157982939236e+01 4.000000000000000000e+01
3.346195160597230434e+00 1.793334905956261549e+00 6.028253532302499273e+00 5.489211982481100316e-01 5.316604014324261840e+01 5.151933320186350329e+01 4.309192289741702098e+01 4.000000000000000000e+01
3.411189702003358359e+00 1.847413956588698669e+00 5.522387120726565790e+00 5.979773885138282008e-01 6.728941130073209820e+01 7.097163485947685047e+01 5.301897992740232013e+01 4.000000000000000000e+01
3.552343858581806124e+00 2.016223462087525675e+00 3.851295467940424988e+00 5.876734490153144863e-01 6.945245008107376350e+01 7.741195489575001432e+01 5.798487490539612565e+01 4.000000000000000000e+01
3.501871511350209687e+00 2.253091979140805723e+00 3.606377871088001452e+00 6.525052218646780755e-01 6.319276172788834600e+01 7.277947116969755825e+01 5.398835035292120210e+01 4.000000000000000000e+01
3.335914189305273503e+00 1.972417447905559174e+00 5.085435431787615812e+00 7.073006253463930415e-01 5.261712879836704815e+01 4.765211397277907679e+01 4.879474730117892278e+01 4.000000000000000000e+01
3.552343858581806124e+00 1.208882216866877579e+00 5.234655783186795475e+00 6.896498138981929094e-01 4.368082632304719226e+01 3.503197187893287889e+01 4.254107717954701684e+01 4.000000000000000000e+01
6.324555320336766151e+00 4.411095639926268852e+00 6.942659793132630597e+00 7.596991687715428654e-01 5.380579134945318742e+01 5.723950635343676652e+01 5.045109374242807831e+01 4.000000000000000000e+01
3.411189702003358359e+00 1.422004584994577714e+00 4.094329504602460368e+00 7.431505008036810578e-01 4.946251641614332328e+01 4.534886921308847718e+01 4.064743709569056307e+01 4.000000000000000000e+01
3.501871511350209687e+00 2.153085803680139687e+00 3.830303925768243190e+00 7.184078309413582941e-01 6.407983185945522564e+01 7.165035438107926780e+01 5.717899305444935010e+01 4.000000000000000000e+01
3.346195160597230434e+00 1.427282278241400304e+00 4.300146360693768877e+00 5.844849149236682750e-01 4.962474652748611703e+01 4.786427492979030518e+01 4.365255901890841983e+01 4.000000000000000000e+01
2.521757574239155808e+00 1.193060100711011540e+00 3.275889017618968335e+00 7.765190409622135803e-01 4.556225476480261705e+01 3.829571853203972864e+01 3.930344152065257646e+01 4.000000000000000000e+01
3.501871511350209687e+00 2.088839707805091539e+00 3.084349775911988889e+00 6.338687222082369788e-01 5.506220652273437111e+01 5.104749097352647880e+01 4.515764575481407661e+01 4.000000000000000000e+01
3.617704769439423096e+00 1.573897504612809417e+00 3.410090410863379606e+00 5.626590204310144561e-01 5.977370079875667841e+01 6.415199665507542193e+01 5.081521419702231412e+01 4.000000000000000000e+01
3.443857242552258668e+00 1.183252861473173878e+00 4.195192610735372085e+00 6.805818589679357711e-01 4.967671651538689304e+01 4.555991403049067401e+01 4.168249022863364672e+01 4.000000000000000000e+01
6.324555320336762598e+00 4.419632972796638803e+00 7.861494030926392540e+00 6.928433381052635509e-01 5.989929546900615520e+01 5.957052322602847028e+01 5.082564783149587839e+01 4.000000000000000000e+01
3.346195160597230434e+00 1.872830045886744399e+00 3.178647716315108340e+00 5.496714459230807037e-01 6.488025654532152942e+01 6.940366568595545971e+01 5.467874534901406491e+01 4.000000000000000000e+01
3.473953464439375249e+00 2.244003020812081139e+00 4.316928737599151411e+00 7.287888020955842761e-01 6.157281765208756497e+01 6.593713961802571077e+01 5.640428093528282716e+01 4.000000000000000000e+01
3.411189702003358359e+00 1.880516233247857105e+00 3.159587024117982423e+00 5.687806545341048681e-01 6.011075338639677312e+01 6.400976988957884828e+01 5.226812052940498887e+01 4.000000000000000000e+01
3.241313193385525260e+00 1.819173552334331312e+00 3.599540601430252007e+00 6.200471722441708300e-01 5.822725337891940001e+01 5.836209017189094794e+01 4.942416916931883719e+01 4.000000000000000000e+01
3.646778057984198629e+00 2.446808634109408409e+00 5.733477709841833914e+00 6.816201869702590566e-01 6.706174222698204801e+01 7.440414323883406666e+01 5.741568527560340840e+01 4.000000000000000000e+01
3.552343858581806124e+00 1.265796659474009767e+00 5.148077045125842410e+00 7.465528131120057198e-01 5.148670074141693931e+01 5.327716059972708251e+01 4.565112211691544530e+01 4.000000000000000000e+01
3.673903978864857756e+00 1.934288982605974594e+00 5.420843881653235385e+00 6.113030788675357652e-01 5.141875068195439979e+01 4.884976283523463536e+01 4.740744860767431135e+01 4.000000000000000000e+01
3.586363173595479736e+00 2.062410321376612288e+00 4.425780425891852943e+00 6.207262044786033828e-01 6.568524797203846788e+01 6.643812489004871225e+01 5.458719358034717573e+01 4.000000000000000000e+01
3.473953464439375249e+00 2.146728887659746121e+00 3.859075277895540168e+00 5.862333005595566915e-01 6.318672688787933112e+01 6.752712040799623594e+01 5.449205806507082883e+01 4.000000000000000000e+01
3.375437903527041428e+00 1.230939107522651899e+00 5.079432650840238317e+00 5.182886266423156751e-01 5.584634209931336812e+01 5.850337103071097289e+01 4.765169509709126316e+01 4.000000000000000000e+01
3.501871511350209687e+00 1.921762496769973128e+00 3.067390129923853070e+00 5.364310560134141204e-01 6.405376438306723230e+01 7.048698937364466133e+01 4.962998603833519695e+01 4.000000000000000000e+01
2.540515226981211239e+00 1.207198880493152826e+00 2.679468048729881868e+00 4.988213145878404031e-01 6.007392931909626554e+01 6.012641575452161646e+01 4.826009751067967102e+01 4.000000000000000000e+01
3.473953464439375249e+00 1.527525126158454372e+00 3.785521613319504208e+00 5.934998445270059930e-01 5.589524094500031737e+01 6.057293677376723195e+01 4.943232752674450126e+01 4.000000000000000000e+01
3.473953464439375249e+00 1.945768936570279051e+00 4.031868186857866299e+00 6.022728019577158198e-01 5.832514103966234131e+01 5.673135758551915586e+01 4.709338535366270406e+01 4.000000000000000000e+01
3.443857242552258668e+00 1.747630386910179023e+00 5.016074217850914785e+00 5.999557012822621660e-01 4.863706238131493365e+01 4.623115229322096553e+01 4.543561715168468140e+01 4.000000000000000000e+01
3.443857242552258668e+00 1.918931186856957849e+00 4.468766152361975941e+00 6.197692823043516874e-01 5.802888479661456955e+01 6.108564791127160021e+01 4.784714863076216318e+01 4.000000000000000000e+01
3.515112659837269060e+00 1.734567492999461669e+00 3.710642860555669387e+00 6.906135003941362704e-01 5.408555837088874085e+01 4.624466384948724595e+01 4.672321903604833437e+01 4.000000000000000000e+01
3.335914189305273503e+00 1.979405855668825875e+00 4.486088895204553673e+00 7.309200257109349508e-01 4.527390712593661704e+01 4.065799433459837786e+01 3.856814460545733425e+01 4.000000000000000000e+01
3.501871511350209687e+00 2.041958959476436242e+00 4.893558249139687177e+00 5.940959374485919042e-01 5.394876276523794445e+01 5.350649254920476494e+01 4.995167790969455979e+01 4.000000000000000000e+01
3.473953464439375249e+00 1.799292663492233268e+00 3.287456100220977451e+00 6.224657200836422044e-01 5.448406970616232314e+01 5.812496562778497378e+01 4.663209839717136163e+01 4.000000000000000000e+01
3.443857242552258668e+00 1.819338554319529289e+00 4.745510278841527096e+00 5.688117370467619116e-01 5.513403546169271863e+01 5.434501913935402939e+01 4.851843821488522224e+01 4.000000000000000000e+01
3.427873620019257661e+00 9.121120297933893450e-01 3.237187635051727241e+00 7.146973331368465798e-01 5.168537533122574246e+01 5.169328805032716190e+01 4.714725011244554764e+01 4.000000000000000000e+01
3.375437903527041428e+00 1.999469346543837567e+00 3.502866470501735385e+00 6.990307607215611174e-01 5.235816120792372175e+01 5.718764551508326832e+01 4.687456444342053175e+01 4.000000000000000000e+01
3.443857242552258668e+00 1.992687343784862009e+00 4.026756684319539481e+00 6.054967192585898328e-01 6.412834273661299278e+01 6.449231195473745970e+01 5.200664978843326480e+01 4.000000000000000000e+01
3.375437903527044092e+00 1.614030773940929642e+00 4.621496670480079949e+00 4.760891885018179170e-01 6.281629198526129443e+01 6.437643919290434269e+01 5.312592765031578068e+01 4.000000000000000000e+01
3.552343858581806124e+00 1.352334990645296386e+00 4.054543274401742003e+00 8.289398972739532301e-01 4.466841218255392931e+01 4.156976344200679563e+01 3.989414801998186277e+01 4.000000000000000000e+01
3.515112659837269060e+00 1.600054242827605888e+00 3.149628912486299281e+00 4.980761738336487165e-01 5.528188143646280395e+01 6.211911930205890542e+01 4.504795258036841687e+01 4.000000000000000000e+01
3.411189702003358359e+00 1.367321432258172154e+00 3.802935753058617863e+00 5.319135155429000061e-01 4.657279761644352334e+01 4.074848147904778273e+01 3.960367016791519745e+01 4.000000000000000000e+01
3.402564240911784665e+00 2.080750896620030321e+00 5.047278829912318798e+00 5.602697140388978037e-01 6.759117695986779495e+01 7.651140064798059370e+01 5.756696055183130056e+01 4.000000000000000000e+01
3.443857242552258668e+00 2.195996602962425381e+00 4.881488869835131084e+00 7.115345917030524436e-01 5.435971709810038988e+01 5.493559052445115043e+01 4.748544892363765513e+01 4.000000000000000000e+01
3.473953464439375249e+00 1.579292661411755727e+00 3.445153052214257716e+00 5.960972365282851682e-01 4.875825200183101060e+01 4.564577987273149517e+01 4.145610242558696257e+01 4.000000000000000000e+01
3.473953464439375249e+00 2.078126563135165306e+00 4.830404471070058214e+00 8.023476198605087317e-01 5.446120115307324738e+01 5.014088077616879247e+01 5.233910014193185845e+01 4.000000000000000000e+01
2.430710570620360222e+00 1.171564812733406846e+00 3.597099922625659918e+00 4.396459723380345408e-01 5.573027281144606349e+01 5.767420250847693097e+01 4.789527807788285685e+01 4.000000000000000000e+01
3.375437903527041428e+00 1.760757266295500445e+00 4.641076240162807842e+00 7.805567774082824428e-01 5.806391948255438962e+01 5.761484097145498851e+01 4.689167370963372150e+01 4.000000000000000000e+01
3.411189702003358359e+00 1.487399221415397710e+00 3.705147256616796891e+00 6.415157464393284048e-01 5.155688818885993641e+01 5.002396640945428175e+01 4.199359326929170066e+01 4.000000000000000000e+01
3.552343858581806124e+00 1.588954767775550003e+00 7.987400137912388232e+00 6.108634566004076394e-01 5.627375655113933561e+01 5.590787600997094842e+01 4.967084256206589288e+01 4.000000000000000000e+01
3.552343858581806124e+00 1.191161369417922833e+00 4.876293674482329088e+00 5.293670165501020985e-01 5.712759368008860150e+01 5.242297426514651448e+01 4.666158620155987080e+01 4.000000000000000000e+01
3.473953464439375249e+00 2.118643378786626119e+00 3.967438122321623961e+00 6.169653558247029101e-01 6.165674135740277251e+01 6.619431626749673114e+01 5.335692633056075351e+01 4.000000000000000000e+01
3.586363173595479736e+00 1.841386079175584500e+00 3.471430270868024692e+00 7.246401536922246756e-01 4.992724826385694570e+01 3.795634977405016031e+01 4.249708348732055896e+01 4.000000000000000000e+01
3.586363173595479736e+00 2.138739823714753019e+00 5.185619684835822696e+00 6.749878466439575009e-01 6.510804551068439139e+01 7.467058851315043455e+01 5.567499949071304144e+01 4.000000000000000000e+01
3.515112659837269060e+00 1.865913941078176208e+00 3.293018561082774909e+00 5.790157308591082908e-01 6.015509144100114014e+01 6.625387172212550979e+01 4.788252743684859780e+01 4.000000000000000000e+01
3.443857242552258668e+00 1.686869048826621587e+00 4.319665338038557678e+00 5.265195329310641270e-01 6.025802847093861914e+01 5.735010457510414028e+01 4.960341133428942584e+01 4.000000000000000000e+01
3.501871511350209687e+00 1.848770499827513847e+00 6.918591821173265544e+00 6.076399018519695883e-01 5.618058102505557372e+01 6.110085785630057842e+01 4.923420832568226757e+01 4.000000000000000000e+01
3.527919570223205792e+00 1.765832188027338212e+00 4.880841092245237434e+00 5.686887708519161588e-01 5.776355693668136837e+01 5.900757966761424456e+01 4.741596742392024311e+01 4.000000000000000000e+01
3.427873620019257661e+00 1.055899500260768509e+00 4.239026077761918643e+00 8.956639074006008672e-01 3.482128213758590363e+01 2.898875011714821426e+01 3.258455165914747909e+01 4.000000000000000000e+01
3.335914189305273503e+00 1.763606485495117671e+00 4.439544760859755357e+00 5.089696494986598596e-01 6.547486707826358554e+01 6.817850603385682007e+01 5.279089089390200229e+01 4.000000000000000000e+01
3.314454017339988567e+00 1.617942952682582813e+00 5.523059128513457594e+00 5.863029900767382507e-01 5.072424282738034407e+01 4.675855101461520746e+01 4.268220614544740243e+01 4.000000000000000000e+01
3.443857242552258668e+00 1.869041574629658031e+00 4.576147477836035371e+00 5.570343669525338326e-01 5.953492600214355690e+01 5.869075405424618452e+01 4.897360959899431521e+01 4.000000000000000000e+01
3.411189702003358359e+00 1.664755127326656092e+00 4.174271318471707737e+00 6.101674276873150227e-01 5.742879559961508562e+01 5.061101255176807001e+01 4.964355000771416115e+01 4.000000000000000000e+01
3.335914189305273503e+00 1.577051158195826641e+00 3.521911121415187917e+00 7.501672748859971041e-01 5.266022832437246137e+01 5.514828882832635060e+01 4.423915297906165023e+01 4.000000000000000000e+01
3.300951334040937990e+00 1.957678399807991632e+00 3.086400485459631859e+00 6.964469190096225226e-01 4.629167468122998486e+01 3.964844390784539030e+01 3.882919658538828855e+01 4.000000000000000000e+01
3.346195160597230434e+00 2.206908205183767624e+00 4.647095018337017436e+00 7.136192470313836855e-01 5.716622771720133045e+01 5.524688135739922501e+01 5.353336466479135680e+01 4.000000000000000000e+01
3.473953464439375249e+00 1.883995226735932338e+00 4.005511408387940619e+00 5.902455387035236978e-01 6.838697687221853982e+01 7.053502462670347484e+01 5.710144603520469531e+01 4.000000000000000000e+01
3.515112659837269060e+00 1.289206802103192606e+00 4.241627047839044984e+00 5.887678144926267176e-01 5.651117296691363379e+01 6.153005372365504400e+01 4.679770487208781304e+01 4.000000000000000000e+01
3.552343858581806124e+00 1.426912616326860839e+00 3.563903449020288328e+00 5.081667834932286354e-01 5.909325257021126987e+01 5.718779387992735508e+01 5.159498575083991767e+01 4.000000000000000000e+01
6.324555320336762598e+00 4.796754149042325999e+00 5.544583953086043238e+00 5.707220513270817586e-01 4.589849028609048531e+01 4.361532205687703367e+01 4.089099341531455423e+01 4.000000000000000000e+01
3.375437903527041428e+00 2.084803036854546932e+00 3.845655626420727558e+00 6.446019688311853679e-01 6.340434886567001627e+01 7.089152047413148239e+01 5.194115412378504715e+01 4.000000000000000000e+01
3.473953464439375249e+00 1.932642409748945633e+00 4.592347656457437033e+00 6.377741552515148182e-01 5.588648103009573731e+01 6.468105462095060432e+01 5.447919854297085607e+01 4.000000000000000000e+01
3.586363173595479736e+00 2.002507963389918100e+00 3.167665195521912835e+00 6.092038050621819689e-01 5.659420575174431178e+01 5.876479488136491369e+01 4.700098796719329641e+01 4.000000000000000000e+01
3.443857242552258668e+00 1.908294873590602014e+00 3.187420626003079072e+00 5.154359049984317265e-01 7.128048925038730488e+01 7.589825878292808170e+01 5.666473127555547507e+01 4.000000000000000000e+01
3.473953464439375249e+00 2.154866467137930286e+00 4.907876674022269015e+00 6.428417106192302333e-01 6.229891888162344316e+01 6.544390456312994786e+01 5.413597644305045264e+01 4.000000000000000000e+01
3.552343858581806124e+00 1.134077558375807149e+00 3.303975771419729313e+00 6.806506269636036777e-01 4.723737757280883898e+01 4.044547071232985758e+01 4.098828330675112142e+01 4.000000000000000000e+01
6.324555320336764375e+00 4.193244515356493451e+00 9.020530913450139465e+00 7.683759114948609525e-01 6.252159551218417732e+01 7.304242787542936810e+01 5.945594259929816872e+01 4.000000000000000000e+01
3.552343858581806124e+00 2.043100892966540183e+00 4.201317694477934239e+00 6.421748220685754571e-01 5.075429149880589108e+01 5.130127710187517920e+01 4.563682506116734316e+01 4.000000000000000000e+01
3.552343858581806124e+00 1.365329342591120154e+00 5.516629501062878305e+00 4.303076051267404889e-01 5.251525239915495291e+01 5.141627924636522806e+01 4.530682093229787455e+01 4.000000000000000000e+01
3.346195160597230434e+00 1.431266254505119573e+00 3.716291178303309906e+00 5.200345800811559949e-01 4.917903997702867258e+01 4.800148639240640591e+01 4.215965147130589941e+01 4.000000000000000000e+01
6.324555320336766151e+00 3.558601247590951644e+00 6.400673399622162307e+00 5.986223204272201892e-01 4.543176859518248278e+01 4.168465260572565256e+01 4.142642739444122668e+01 4.000000000000000000e+01
3.515112659837269060e+00 2.608385057128708606e+00 3.907617196309047358e+00 8.405083037131529933e-01 6.115462681886532437e+01 6.971217882997370907e+01 5.080044418349587687e+01 4.000000000000000000e+01
3.375437903527044092e+00 2.079942328514514216e+00 4.802949099496082397e+00 6.210351563768868877e-01 5.599206322109627365e+01 5.466860701838998438e+01 5.089766334190066743e+01 4.000000000000000000e+01
2.456456052231581921e+00 9.747871580760026911e-01 2.502842533983071771e+00 7.385542034767592634e-01 5.266684924425710790e+01 5.007517101654214287e+01 4.146764514449750294e+01 4.000000000000000000e+01
6.324555320336762598e+00 5.138998709901923867e+00 1.105143426256763384e+01 7.993406198210385449e-01 5.214988644705142207e+01 4.410052484526917738e+01 5.067227608776138226e+01 4.000000000000000000e+01
3.314454017339988567e+00 2.044360182130205761e+00 3.382222872896616828e+00 6.126724903108792253e-01 5.428796261233228648e+01 5.075132395351276671e+01 4.792231846462324540e+01 4.000000000000000000e+01
3.515112659837269060e+00 1.911080486485825292e+00 5.030602960830589332e+00 7.941329200421538559e-01 6.568911520337219656e+01 6.888800205032306678e+01 5.455176876138764186e+01 4.000000000000000000e+01
3.515112659837269060e+00 1.674801569647690114e+00 4.271022576008717486e+00 6.958252994187208440e-01 5.457258798164907887e+01 5.333342123508796107e+01 4.745907545928142213e+01 4.000000000000000000e+01
3.443857242552258668e+00 1.897684703257853434e+00 3.367083936479625894e+00 6.143708195426167418e-01 5.918380411645915729e+01 5.402335357287002182e+01 4.904711851270182876e+01 4.000000000000000000e+01
3.402564240911784665e+00 1.926789471216175720e+00 3.146260464363903164e+00 5.915175855886826151e-01 5.460222502562979940e+01 5.332992352084557552e+01 4.575447955487789642e+01 4.000000000000000000e+01
3.515112659837269060e+00 2.035233263788072566e+00 4.997937287344397461e+00 6.501470949993350956e-01 5.840997627340057363e+01 5.485910096604973774e+01 5.059300283293141121e+01 4.000000000000000000e+01
3.411189702003358359e+00 1.485408200595196959e+00 5.537163140374680381e+00 7.408409770296179309e-01 5.223058440941703395e+01 5.006552648000192107e+01 4.335788219913752073e+01 4.000000000000000000e+01
2.479980506953562092e+00 1.648573554457540835e+00 2.320170623315278569e+00 7.198879866784803072e-01 5.935437926450181578e+01 6.099622526177832071e+01 5.059327841021057282e+01 4.000000000000000000e+01
3.375437903527041428e+00 1.378878107613810133e+00 4.505376880436234188e+00 6.167017391027965756e-01 5.280384981533239142e+01 5.129022377921663889e+01 4.582996115711061691e+01 4.000000000000000000e+01
3.346195160597230434e+00 2.248776954540175232e+00 5.258662235798725604e+00 6.774545441862547257e-01 5.337895454827808805e+01 4.840833081011883365e+01 4.779682518381257239e+01 4.000000000000000000e+01
3.443857242552258668e+00 2.097979767198335121e+00 4.540385942125148233e+00 5.686551219430580062e-01 5.102203074662453730e+01 4.815108933862170915e+01 4.668454813987090546e+01 4.000000000000000000e+01
3.375437903527041428e+00 2.049332464022277200e+00 4.689332489290382711e+00 6.700419994555490977e-01 5.111246308146871087e+01 4.951692244466558179e+01 4.379368775326025798e+01 4.000000000000000000e+01
3.515112659837269060e+00 1.329248344914623736e+00 4.115683162368354964e+00 6.610946840436556782e-01 5.391937747760988486e+01 5.481857231956625753e+01 4.573481612228130899e+01 4.000000000000000000e+01
3.552343858581806124e+00 1.552277472499649313e+00 6.355712176635788246e+00 5.287458453992992524e-01 5.974810754940138224e+01 5.889898784321527359e+01 5.052511260866986476e+01 4.000000000000000000e+01
3.473953464439375249e+00 1.408744764006373051e+00 3.601529436272619566e+00 7.136233536987343085e-01 5.662478576415686149e+01 5.375753578319386605e+01 4.768522280869049013e+01 4.000000000000000000e+01
3.335914189305273503e+00 1.317377648279046243e+00 4.332231917671445665e+00 6.523893234180444534e-01 5.238290934573601731e+01 5.346824497803437737e+01 4.667396120974913742e+01 4.000000000000000000e+01
2.501653311125224821e+00 1.190468796229245063e+00 2.646709416492963651e+00 6.828755153265010369e-01 5.020429817305495845e+01 4.798482286676625108e+01 4.275209717235129148e+01 4.000000000000000000e+01
3.346195160597230434e+00 1.621137446002569593e+00 4.425859573491602639e+00 8.949135231457933104e-01 4.444464136221571948e+01 3.408656529288948178e+01 3.503215018799596692e+01 4.000000000000000000e+01
3.552343858581806124e+00 1.555378535775627791e+00 5.188441355845972325e+00 5.212823289105212865e-01 5.288611873586611978e+01 5.043047012173256149e+01 4.572076071377362894e+01 4.000000000000000000e+01
3.411189702003358359e+00 1.099735724369065082e+00 3.166491285400211630e+00 7.227615050413119802e-01 4.211848985438687976e+01 3.398925018423734912e+01 3.674218577701334709e+01 4.000000000000000000e+01
3.501871511350209687e+00 1.973741871130223036e+00 3.657575277600843222e+00 6.481069773569745340e-01 5.814765473147617314e+01 5.948702377609409098e+01 4.973826615046195343e+01 4.000000000000000000e+01
3.375437903527041428e+00 2.381407201599174073e+00 4.895938105727537071e+00 6.601945393405416196e-01 6.683791706844488090e+01 6.954692762605333201e+01 5.482055102758162946e+01 4.000000000000000000e+01
3.515112659837269060e+00 1.599599867171937806e+00 6.310754753410081186e+00 6.940070618916432954e-01 4.619930958212304972e+01 4.288923873502341877e+01 3.796406784748786833e+01 4.000000000000000000e+01
3.473953464439375249e+00 1.675977983030229490e+00 3.857738535592933893e+00 5.843003960251839102e-01 6.217260685012423238e+01 6.753253197376838557e+01 5.210543095447749806e+01 4.000000000000000000e+01
3.617704769439423096e+00 1.792306369103263020e+00 4.374036095005235047e+00 6.177192870021401827e-01 5.707414392936227188e+01 5.016605027726256338e+01 4.735726836194955069e+01 4.000000000000000000e+01
3.552343858581806124e+00 1.029930813741210871e+00 4.863132923972314003e+00 6.570973326668915204e-01 5.662507719232344527e+01 6.053833334933889887e+01 4.633034218157587958e+01 4.000000000000000000e+01
3.646778057984198629e+00 2.128013261890633334e+00 4.579101325497420660e+00 6.022348858351250778e-01 6.980638550108659501e+01 7.578140038269111756e+01 5.821221241321184436e+01 4.000000000000000000e+01
3.515112659837269060e+00 1.682114178594846576e+00 7.943966025408476739e+00 4.780332886389606073e-01 4.300127687378584085e+01 3.609395972488890436e+01 3.658405832954611014e+01 4.000000000000000000e+01
3.473953464439375249e+00 2.016064493585429052e+00 3.945161744271312720e+00 5.399512996841455692e-01 5.598047406091496470e+01 5.418454941594577434e+01 4.625670946317691801e+01 4.000000000000000000e+01
6.324555320336762598e+00 4.744211107088859514e+00 4.791917384315944162e+00 7.059278633704657580e-01 5.883199751675664402e+01 6.095028178201914670e+01 5.148512418272589031e+01 4.000000000000000000e+01
3.314454017339988567e+00 2.000057270842170887e+00 3.493194143999129864e+00 5.580052514210802617e-01 6.707391217771700553e+01 7.630069487875967127e+01 5.663950060540656750e+01 4.000000000000000000e+01
3.586363173595479736e+00 1.618341992023222042e+00 3.494730688292118970e+00 5.220349419174556971e-01 5.150077003949492394e+01 5.428132727487972886e+01 4.408842280083202780e+01 4.000000000000000000e+01
3.515112659837269060e+00 2.214326657175025304e+00 5.360566308164954386e+00 7.330411451716958293e-01 5.526919130778054523e+01 6.460664839633462009e+01 5.231358086618220682e+01 4.000000000000000000e+01
3.586363173595479736e+00 1.236551299894001588e+00 3.896899408918194307e+00 6.550743595171124589e-01 5.455278039244135613e+01 4.469224071286654976e+01 4.793056027599057956e+01 4.000000000000000000e+01
6.324555320336762598e+00 3.670325670832084164e+00 6.008472431746200826e+00 6.887266639946068025e-01 5.910981277310049364e+01 5.999133581694874096e+01 5.278753735366527877e+01 4.000000000000000000e+01
3.411189702003358359e+00 1.305554810861771609e+00 5.396805610492322991e+00 5.433881430768383591e-01 4.681789906461126094e+01 4.099305303453041205e+01 3.983397965923632711e+01 4.000000000000000000e+01
3.375437903527041428e+00 2.551655604211305217e+00 4.287180943573347669e+00 6.696370612381962184e-01 5.481234459860053931e+01 4.918647781467857527e+01 4.969588412945756062e+01 4.000000000000000000e+01
6.324555320336767927e+00 4.357645124263751946e+00 8.515247833483327256e+00 6.786019675051182531e-01 5.077434456285310205e+01 4.904491193447634600e+01 4.682251884542858988e+01 4.000000000000000000e+01
2.521757574239155808e+00 6.106922843822223390e-01 2.875464464016379118e+00 7.172581181724378974e-01 5.081817875507960736e+01 5.447303394366962692e+01 4.214196493456417869e+01 4.000000000000000000e+01
3.473953464439375249e+00 1.885766349197579128e+00 4.350334115998462536e+00 5.963747208348156859e-01 4.638457797938247751e+01 4.442140526428998015e+01 4.294934216362115365e+01 4.000000000000000000e+01
3.443857242552258668e+00 1.937488335673946516e+00 3.350798189315246756e+00 6.593526554178835708e-01 5.786833151109765794e+01 6.968641386793355252e+01 5.245341011575840184e+01 4.000000000000000000e+01
3.411189702003358359e+00 1.952768009132749727e+00 3.300251942793321902e+00 5.675328702449590201e-01 6.190173800979612651e+01 6.465961626958019792e+01 4.951216548305628606e+01 4.000000000000000000e+01
3.473953464439375249e+00 1.652289051269239639e+00 5.184912453826433065e+00 7.432986151784914952e-01 6.262251158722921929e+01 6.424180253887357139e+01 5.491642248920980762e+01 4.000000000000000000e+01
6.324555320336764375e+00 5.114821108653527126e+00 6.187669734533180588e+00 8.385189977903043657e-01 5.797355536273841636e+01 5.969535221122502122e+01 5.200911105527335820e+01 4.000000000000000000e+01
3.515112659837269060e+00 1.765205818391219594e+00 6.252234035620483077e+00 6.520150549050075517e-01 5.857744195891086747e+01 6.126316499929000514e+01 5.272134154381434712e+01 4.000000000000000000e+01
6.324555320336764375e+00 4.169647464035787898e+00 7.267024935962564491e+00 7.720250147199546609e-01 5.963270464522370418e+01 6.688265522110243921e+01 5.025058552354447272e+01 4.000000000000000000e+01
3.375437903527041428e+00 1.727177797129496151e+00 3.721805855185758016e+00 5.942766651418910362e-01 6.827660195513882968e+01 7.056286412857156165e+01 5.409731377783698747e+01 4.000000000000000000e+01
3.443857242552258668e+00 1.990413818616034280e+00 5.443641720000078621e+00 6.040157416684842628e-01 5.011751784779641383e+01 4.987797512551122736e+01 4.661420749061518620e+01 4.000000000000000000e+01
3.501871511350209687e+00 1.681171559719180975e+00 3.378954195227446000e+00 5.199775704340910965e-01 5.949032180124199698e+01 6.030164916329169955e+01 5.301147602151862515e+01 4.000000000000000000e+01
3.515112659837269060e+00 1.025844000296740610e+00 4.943934642088779086e+00 7.384424417207873237e-01 5.787912418022663275e+01 6.581182730095318334e+01 4.987450218441992433e+01 4.000000000000000000e+01
3.411189702003358359e+00 1.415092170170912933e+00 4.011636227203527305e+00 5.660210802367766636e-01 5.471439228989589054e+01 5.616867131679048697e+01 4.656128805830962847e+01 4.000000000000000000e+01
3.552343858581806124e+00 1.590928203659723650e+00 5.041340847323035668e+00 4.710281357360917021e-01 5.352211547473983444e+01 5.372911002495501975e+01 4.731966931335221460e+01 4.000000000000000000e+01
3.443857242552258668e+00 1.973163517561392188e+00 4.681054223916158108e+00 6.225115723292361514e-01 5.939539063408621899e+01 5.855166060510257608e+01 5.127979692041229498e+01 4.000000000000000000e+01
3.375437903527041428e+00 1.804788585521238664e+00 3.341282531886414997e+00 6.598201809722076261e-01 5.478173287826669480e+01 5.369906490835304425e+01 4.351486299321449991e+01 4.000000000000000000e+01
3.411189702003358359e+00 1.528525990344895558e+00 4.430781756869243360e+00 5.700601001997640527e-01 6.482432204412071997e+01 7.033965048344046522e+01 5.259768901295926469e+01 4.000000000000000000e+01
3.443857242552258668e+00 1.766802366708115857e+00 4.014187111710308287e+00 4.570673288386237765e-01 6.008928041858850122e+01 5.562793278759612292e+01 4.748735962557027079e+01 4.000000000000000000e+01
3.515112659837269060e+00 2.351661351672330369e+00 3.480694849899462984e+00 6.717423514423227493e-01 6.083190533201881323e+01 6.587027309333724645e+01 5.263211329452371245e+01 4.000000000000000000e+01
3.346195160597230434e+00 1.840904695331231355e+00 4.655417836642846474e+00 5.253943227178882180e-01 5.162801963914733250e+01 5.237634546571239014e+01 4.529496475213285578e+01 4.000000000000000000e+01
2.479980506953562092e+00 1.131076506406795579e+00 2.990423909804270863e+00 5.469108574316615679e-01 5.604740034317750741e+01 5.646514150763625395e+01 4.876216823877193463e+01 4.000000000000000000e+01
3.586363173595479736e+00 1.982729663836638512e+00 3.261281210229600713e+00 5.906419430882215993e-01 5.189876972537996380e+01 5.460697688141487305e+01 4.831972606461923192e+01 4.000000000000000000e+01
3.375437903527041428e+00 1.861198936279527372e+00 3.332342079205136365e+00 5.333768606335503870e-01 5.939393140311403840e+01 6.084215719487617235e+01 5.196205214920924220e+01 4.000000000000000000e+01
3.515112659837269060e+00 1.680980520115296306e+00 5.181942889716832923e+00 7.776108299901240972e-01 5.202720157191839689e+01 3.961186884675582576e+01 4.326899606704186851e+01 4.000000000000000000e+01
3.411189702003358359e+00 1.407058424371882666e+00 3.077816138533405965e+00 7.108735248968922615e-01 5.122913811075107304e+01 4.613610522636373901e+01 4.123188721803091994e+01 4.000000000000000000e+01
3.375437903527044092e+00 1.463774056806373070e+00 4.156824598590346476e+00 4.705153860128275523e-01 5.479767819540090557e+01 5.313504134072986318e+01 4.543438398793517052e+01 4.000000000000000000e+01
3.443857242552258668e+00 1.473740314645620053e+00 4.293766712610157299e+00 4.767642737479725890e-01 5.342246662260122037e+01 5.492590132562641259e+01 4.370949518020499625e+01 4.000000000000000000e+01
3.617704769439423096e+00 1.355564590630190969e+00 4.543911286028073704e+00 6.902425714561020165e-01 6.079768015766202183e+01 7.154569970646285526e+01 5.538079154977478424e+01 4.000000000000000000e+01
3.375437903527044092e+00 2.382535397970614532e+00 3.366511470267370409e+00 6.921331391433248603e-01 5.808494819615847859e+01 4.929658240013020531e+01 4.933059656349137612e+01 4.000000000000000000e+01
2.479980506953562092e+00 9.145733287021805547e-01 3.035401743664628338e+00 7.223994644158019396e-01 4.803935781684845807e+01 4.495727711163684859e+01 3.925656650936638670e+01 4.000000000000000000e+01
3.375437903527044092e+00 2.517638586660220668e+00 3.444402013603091284e+00 8.013786437961472053e-01 5.502023992247377748e+01 6.348651302742140246e+01 4.959401902233252457e+01 4.000000000000000000e+01
3.375437903527044092e+00 1.321195889837920134e+00 3.693579388928115659e+00 4.136815741926189727e-01 5.552869040663865974e+01 5.064485066289842052e+01 4.737196297919703625e+01 4.000000000000000000e+01
3.586363173595479736e+00 2.428996957807374457e+00 3.215431941953569517e+00 6.716197647861612552e-01 5.724917535470313368e+01 5.646167398520974956e+01 4.852230083347471634e+01 4.000000000000000000e+01
3.375437903527041428e+00 1.599567611485445795e+00 3.596238731333025296e+00 4.915550325452281988e-01 5.996111041054446389e+01 6.179172825742167419e+01 5.161555929820288924e+01 4.000000000000000000e+01
3.411189702003358359e+00 1.915949218792707409e+00 3.941616481421039708e+00 6.883664387314032407e-01 6.518155439062145717e+01 6.921890689194059121e+01 5.782346794364278253e+01 4.000000000000000000e+01
3.515112659837269060e+00 1.480490802364094138e+00 4.189144409401841962e+00 7.182559224243153517e-01 5.177054545124935458e+01 5.462675083283931343e+01 4.683260812770230785e+01 4.000000000000000000e+01
3.443857242552258668e+00 1.915786792477164324e+00 5.540927193767266168e+00 7.045963756062069150e-01 5.539804877254576354e+01 5.572459238934617076e+01 4.911850428036400729e+01 4.000000000000000000e+01
3.443857242552258668e+00 2.072251580634154156e+00 3.317728925962356357e+00 6.142148867873038487e-01 6.164385522230330139e+01 6.163517495217001851e+01 4.906182065954523353e+01 4.000000000000000000e+01
2.479980506953562092e+00 8.937442752346804742e-01 3.343835321371075420e+00 5.398371656698396359e-01 5.787686762084506853e+01 5.964019681744528611e+01 4.497769775374833756e+01 4.000000000000000000e+01
3.402564240911784665e+00 1.717460114035416652e+00 4.076776981427499891e+00 5.358758115667282551e-01 5.761761200348355771e+01 5.681155314739427098e+01 4.932924160932735447e+01 4.000000000000000000e+01
3.515112659837269060e+00 1.499881469871995998e+00 6.434860915911249535e+00 5.395043912657407903e-01 5.812307118833297892e+01 6.202514256066074694e+01 5.062482567905035324e+01 4.000000000000000000e+01
3.402564240911784665e+00 1.655956829678853826e+00 3.629089879038872368e+00 6.212992396019025865e-01 5.385652894307366267e+01 4.649844663660913824e+01 4.358207404589817457e+01 4.000000000000000000e+01
3.411189702003358359e+00 2.153266186793196812e+00 3.341779191413724703e+00 7.076779300577625831e-01 6.436094294230888124e+01 7.115839254177251405e+01 5.650911933149656363e+01 4.000000000000000000e+01
3.375437903527041428e+00 2.186886524901847650e+00 3.199599584860504997e+00 6.785674478528866960e-01 5.505742862070769661e+01 4.973398926372594531e+01 4.772596303132382900e+01 4.000000000000000000e+01
