3.617704769439423096e+00 1.196231198851315680e+00 3.516226977660588560e+00 8.526343521752680621e-01 6.082051282051281049e+01 5.948717948717947479e+01 7.547270895882783748e+01 4.000000000000000000e+01
3.443857242552258668e+00 2.097724229134709351e+00 3.147965065505057058e+00 7.998707759197934974e-01 5.665404040404038710e+01 5.858585858585858119e+01 7.292232839082086571e+01 4.000000000000000000e+01
3.515112659837269060e+00 2.161069931609576500e+00 3.149013010353461706e+00 7.717634029117127481e-01 6.212500000000000000e+01 6.700000000000000000e+01 7.948902379321580725e+01 4.000000000000000000e+01
3.473953464439375249e+00 1.508564651545021285e+00 3.538206253693738645e+00 7.265586366895959713e-01 6.064171122994650887e+01 6.417112299465239289e+01 7.708954326721740813e+01 4.000000000000000000e+01
3.375437903527041428e+00 2.071933214009506585e+00 3.259840989310071713e+00 7.355403764769070651e-01 6.449494949494952323e+01 6.616161616161616621e+01 8.214115803736740418e+01 4.000000000000000000e+01
3.646778057984198629e+00 1.885784843843074876e+00 3.661126872448098979e+00 8.186025080472885129e-01 5.529040404040403445e+01 5.176767676767676107e+01 7.017317788836609793e+01 4.000000000000000000e+01
3.314454017339988567e+00 2.034499688961303843e+00 2.931555920031592155e+00 6.424950400192117606e-01 6.732051282051283181e+01 7.282051282051281760e+01 8.451455242767323739e+01 4.000000000000000000e+01
3.586363173595479736e+00 1.123641959268821822e+00 3.434805852901704704e+00 8.945428779696058541e-01 6.572916666666667140e+01 6.614583333333334281e+01 8.007235038378352954e+01 4.000000000000000000e+01
6.324555320336762598e+00 4.358898943540665094e+00 4.801315609179152233e+00 8.182584608996446018e-01 6.006313131313130782e+01 6.085858585858585457e+01 7.727309404508315538e+01 4.000000000000000000e+01
3.411189702003358359e+00 2.010285013939999477e+00 3.073381280181087583e+00 8.886009410942360409e-01 5.098901098901097839e+01 4.945054945054945250e+01 6.505735281847915985e+01 4.000000000000000000e+01
3.411189702003358359e+00 1.924849831977140768e+00 3.194652414491983450e+00 7.043899137097675567e-01 6.270053475935829113e+01 6.417112299465239289e+01 7.910145700770178223e+01 4.000000000000000000e+01
6.324555320336762598e+00 4.123105625617656145e+00 4.844645315737171387e+00 8.328004684175276395e-01 6.237500000000000000e+01 6.450000000000000000e+01 7.866911790962679163e+01 4.000000000000000000e+01
3.473953464439375249e+00 2.019153165553775331e+00 3.056872507940284756e+00 7.407945005396302518e-01 6.199494949494950902e+01 6.616161616161616621e+01 7.811113751565979157e+01 4.000000000000000000e+01
3.375437903527041428e+00 1.396623134248801357e+00 3.320463976494105740e+00 8.790966858629949421e-01 6.885416666666667140e+01 6.614583333333334281e+01 8.483445606559457985e+01 4.000000000000000000e+01
3.552343858581806124e+00 1.901247126504097995e+00 3.116153362543820915e+00 8.178637165820183963e-01 5.574494949494949481e+01 5.404040404040403445e+01 7.101099223650503234e+01 4.000000000000000000e+01
3.411189702003358359e+00 1.895547298399654634e+00 3.257514070329313949e+00 6.448224744159762878e-01 6.869791666666667140e+01 6.822916666666667140e+01 8.692551348030178815e+01 4.000000000000000000e+01
3.411189702003358359e+00 1.921464705731441125e+00 3.215077135357644611e+00 7.042974284443500599e-01 5.931818181818180591e+01 5.828877005347592899e+01 7.468372227467192204e+01 4.000000000000000000e+01
3.279716080596871919e+00 2.269506338984087268e+00 3.041914012786657295e+00 8.036444223038812229e-01 5.828042328042328535e+01 5.661375661375662105e+01 7.500331049910799663e+01 4.000000000000000000e+01
3.501871511350209687e+00 1.574445329254107184e+00 3.624159758910254325e+00 8.013362830972500239e-01 5.588383838383839475e+01 4.949494949494949481e+01 6.955102227020593375e+01 4.000000000000000000e+01
6.324555320336766151e+00 3.741657386773931560e+00 5.284748946598262442e+00 8.330757907851947808e-01 5.652173913043477427e+01 6.032608695652172059e+01 7.224255761185462177e+01 4.000000000000000000e+01
3.375437903527041428e+00 1.849265507988584023e+00 2.893023163703763778e+00 7.923012722277285036e-01 5.932051282051281049e+01 5.615384615384613909e+01 7.354553272476240977e+01 4.000000000000000000e+01
3.515112659837269060e+00 1.772915795064503586e+00 3.157905415400680038e+00 7.448686492851438468e-01 5.421052631578947967e+01 5.736842105263158231e+01 6.734543261408875026e+01 4.000000000000000000e+01
3.443857242552258668e+00 2.372891094503249310e+00 3.011850056730284386e+00 7.854663395896503975e-01 6.197089947089947515e+01 6.613756613756613945e+01 7.975409606731717815e+01 4.000000000000000000e+01
3.375437903527041428e+00 1.483265984976934959e+00 3.144522489030153967e+00 7.863298428862252054e-01 5.490641711229945798e+01 5.240641711229945798e+01 6.758130436131847318e+01 4.000000000000000000e+01
3.402564240911784665e+00 2.059325500406065768e+00 2.988706734402086784e+00 7.281485796506554919e-01 6.078877005347593609e+01 6.417112299465239289e+01 7.584425908626859325e+01 4.000000000000000000e+01
6.324555320336760822e+00 4.242640687119275000e+00 5.044248650140520596e+00 9.053718960714246533e-01 5.045977011494253617e+01 4.770114942528734758e+01 6.467908573785267379e+01 4.000000000000000000e+01
6.324555320336766151e+00 4.898979485566345993e+00 4.856267428111154416e+00 9.620911511439501629e-01 5.511494252873563227e+01 5.977011494252871415e+01 7.124342664061744301e+01 4.000000000000000000e+01
3.443857242552258668e+00 2.204538552515093563e+00 2.938261185156050725e+00 8.519769505496663786e-01 5.800000000000000000e+01 5.950000000000000000e+01 7.251973375972200131e+01 4.000000000000000000e+01
3.473953464439375249e+00 1.063228939498285008e+00 3.716250349637609141e+00 9.184749675535132107e-01 5.463383838383839475e+01 4.949494949494949481e+01 6.834238970789863288e+01 4.000000000000000000e+01
3.617704769439423096e+00 1.401406552268169348e+00 3.376818498116854084e+00 7.525382286960464739e-01 5.770053475935829113e+01 5.240641711229945798e+01 7.096211650092388368e+01 4.000000000000000000e+01
3.473953464439375249e+00 2.116056456463397240e+00 2.930979693149716958e+00 7.775230504314324387e-01 5.828947368421052744e+01 6.526315789473683537e+01 7.260238483348128113e+01 4.000000000000000000e+01
3.501871511350209687e+00 2.006260286098540124e+00 3.007198515237425873e+00 7.289709337021068603e-01 5.979166666666667140e+01 6.197916666666667140e+01 7.399308074361816523e+01 4.000000000000000000e+01
3.515112659837269060e+00 1.983490982250222023e+00 3.206780099410867724e+00 7.326298113705786985e-01 6.491161616161618042e+01 7.171717171717173755e+01 8.192701448271417064e+01 4.000000000000000000e+01
3.515112659837269060e+00 1.839695806871927797e+00 3.401439996808427679e+00 9.131462075753000729e-01 5.343750000000001421e+01 4.947916666666666430e+01 6.877613542970048854e+01 4.000000000000000000e+01
3.443857242552258668e+00 2.072878656296690991e+00 3.079617413290543837e+00 8.039342906370920971e-01 6.574494949494950902e+01 7.727272727272729469e+01 8.253037384582388825e+01 4.000000000000000000e+01
3.515112659837269060e+00 1.760399706158277455e+00 3.087056348401464145e+00 7.490193449193920383e-01 5.881578947368419819e+01 5.736842105263158231e+01 7.494430165994174331e+01 4.000000000000000000e+01
3.346195160597230434e+00 2.105195117243534142e+00 2.993970100186146510e+00 6.599883777447762556e-01 7.538265306122451648e+01 8.163265306122450227e+01 9.596519395631197824e+01 4.000000000000000000e+01
3.375437903527041428e+00 1.829990504470587753e+00 3.391483880978291676e+00 6.378233277773254217e-01 7.148717948717948900e+01 7.948717948717948900e+01 9.087053074975291622e+01 4.000000000000000000e+01
3.473953464439375249e+00 1.691726385149356471e+00 3.364393675489938840e+00 7.468205090036289517e-01 6.682051282051281760e+01 7.282051282051281760e+01 8.421353303758108666e+01 4.000000000000000000e+01
3.314454017339988567e+00 1.755374357613262548e+00 3.230676682489265872e+00 8.168246971142338886e-01 5.513157894736842479e+01 5.210526315789473983e+01 6.941282139302323628e+01 4.000000000000000000e+01
3.552343858581806124e+00 1.162308065239424204e+00 3.284885163715994594e+00 8.702324392402175368e-01 5.447089947089948936e+01 5.185185185185186185e+01 6.821675115721197358e+01 4.000000000000000000e+01
3.335914189305273503e+00 2.234391331033712458e+00 2.961422217096027598e+00 8.028219094003782308e-01 5.851851851851851904e+01 6.137566137566138735e+01 7.441260464804241792e+01 4.000000000000000000e+01
3.375437903527041428e+00 2.523620642926907465e+00 3.259845738799368675e+00 8.724388929952421323e-01 6.458333333333335702e+01 6.822916666666665719e+01 8.429854704119247799e+01 4.000000000000000000e+01
3.473953464439375249e+00 1.160865082180793539e+00 3.796597450442007915e+00 9.703634273662812282e-01 5.010000000000000142e+01 4.550000000000000000e+01 6.224711472522260891e+01 4.000000000000000000e+01
3.443857242552258668e+00 1.954473667353019861e+00 3.231815653203330196e+00 6.854476568448065743e-01 7.041666666666667140e+01 7.760416666666667140e+01 8.964924958216603557e+01 4.000000000000000000e+01
3.515112659837269060e+00 1.953295737851167502e+00 3.278180242291281576e+00 8.090532225750295403e-01 5.915404040404040131e+01 5.858585858585858119e+01 7.604122746886223183e+01 4.000000000000000000e+01
3.411189702003358359e+00 2.097178727795589559e+00 2.839335887164828431e+00 8.170157365252034287e-01 5.532828282828283761e+01 4.949494949494949481e+01 6.864751247195744099e+01 4.000000000000000000e+01
3.527919570223205792e+00 1.960412347158665858e+00 3.006841499703851284e+00 7.543769954864877336e-01 5.755050505050505905e+01 5.505050505050505194e+01 7.189508989438907349e+01 4.000000000000000000e+01
3.346195160597230434e+00 2.117524288774071284e+00 2.719664088528535473e+00 7.658678517427430776e-01 6.343582887700535622e+01 5.828877005347592899e+01 7.877811653664413427e+01 4.000000000000000000e+01
3.443857242552258668e+00 2.084317161178872002e+00 3.194018269270456845e+00 7.645444738925575301e-01 6.074494949494950902e+01 6.616161616161616621e+01 7.521573438228742248e+01 4.000000000000000000e+01
3.375437903527041428e+00 2.557375910093041771e+00 2.982097919751736992e+00 8.567759167599212633e-01 5.869565217391303946e+01 5.163043478260868113e+01 7.529324055416650197e+01 4.000000000000000000e+01
3.473953464439375249e+00 1.406587936010888384e+00 3.285342670314530089e+00 8.187169805856473470e-01 5.984693877551022467e+01 6.020408163265307877e+01 7.401130049556027757e+01 4.000000000000000000e+01
3.473953464439375249e+00 1.671917604155873427e+00 3.245523309220304853e+00 6.833200949597670881e-01 6.382051282051281049e+01 5.948717948717947479e+01 7.989050577033198408e+01 4.000000000000000000e+01
3.443857242552258668e+00 1.637559947732269316e+00 3.309548131293105655e+00 7.283219644244420810e-01 6.794871794871795601e+01 6.871794871794871540e+01 8.459755772114822037e+01 4.000000000000000000e+01
3.411189702003358359e+00 1.919112153463312653e+00 3.360133762070067309e+00 7.720051813868616941e-01 5.763157894736842479e+01 5.473684210526315752e+01 7.329799925873932409e+01 4.000000000000000000e+01
3.335914189305273503e+00 1.448621082028665352e+00 3.233330913773539539e+00 7.681928650079190568e-01 5.740641711229945798e+01 5.828877005347592899e+01 7.185195380296599410e+01 4.000000000000000000e+01
6.324555320336760822e+00 4.358898943540670423e+00 4.622598950009786378e+00 8.872509180877311552e-01 5.343750000000001421e+01 5.781249999999999289e+01 6.771289868345189689e+01 4.000000000000000000e+01
3.346195160597230434e+00 2.192486596528034237e+00 3.020015169036266212e+00 8.270718159458354535e-01 5.467391304347825098e+01 5.597826086956520442e+01 7.006470547272132876e+01 4.000000000000000000e+01
3.515112659837269060e+00 1.425774435246137894e+00 3.511681069283032031e+00 7.275321182856381297e-01 6.573979591836736347e+01 6.377551020408164817e+01 8.190870273950582714e+01 4.000000000000000000e+01
3.411189702003358359e+00 2.003378223960130544e+00 2.994002345824489097e+00 7.150709413026404837e-01 6.152406417112299408e+01 6.417112299465239289e+01 7.697719424731840832e+01 4.000000000000000000e+01
3.443857242552258668e+00 1.666281583866928262e+00 3.157873968759452588e+00 5.626484169869364615e-01 7.260416666666667140e+01 7.864583333333334281e+01 8.939678971925670226e+01 4.000000000000000000e+01
3.411189702003358359e+00 1.444672874961625775e+00 3.191836602784797083e+00 7.731024365025823686e-01 6.427083333333335702e+01 6.614583333333334281e+01 7.868393760504079637e+01 4.000000000000000000e+01
3.327479068260029926e+00 1.874311940191089487e+00 2.838934281077936106e+00 6.242265389380851071e-01 7.218750000000000000e+01 7.864583333333334281e+01 8.831718002118736877e+01 4.000000000000000000e+01
3.527919570223205792e+00 2.258349912601385512e+00 3.121588841117025837e+00 7.436414858264734917e-01 7.020053475935830534e+01 8.181818181818182723e+01 8.828573166657665183e+01 4.000000000000000000e+01
3.443857242552258668e+00 1.843184091167010763e+00 3.405225377818556609e+00 6.556163944095210194e-01 6.354166666666667140e+01 6.822916666666667140e+01 7.985129573462458552e+01 4.000000000000000000e+01
6.324555320336766151e+00 4.242640687119283882e+00 5.280993172584953932e+00 8.946177183330580318e-01 6.129999999999999716e+01 6.750000000000000000e+01 7.891990872335686902e+01 4.000000000000000000e+01
3.473953464439375249e+00 1.751081480352669972e+00 3.511430515238496142e+00 8.348925913124584097e-01 5.175000000000000000e+01 4.450000000000000000e+01 6.420650099392918264e+01 4.000000000000000000e+01
3.443857242552258668e+00 2.084317161178869338e+00 2.910554137475386938e+00 7.801470402349364175e-01 5.750000000000000000e+01 5.736842105263158231e+01 7.218704219388271781e+01 4.000000000000000000e+01
3.515112659837269060e+00 1.562589221277742801e+00 3.670647724070666751e+00 7.910975762942071832e-01 5.494949494949495516e+01 5.404040404040403445e+01 6.979529339422286682e+01 4.000000000000000000e+01
3.335914189305273503e+00 1.771797806787870133e+00 2.956199598490242941e+00 6.504846587884114406e-01 6.213541666666667140e+01 6.822916666666667140e+01 7.788091841340103372e+01 4.000000000000000000e+01
3.402564240911784665e+00 1.919982697990692655e+00 3.057405711248721403e+00 7.932814536579431142e-01 5.343582887700535622e+01 4.652406417112299408e+01 6.574738806231032129e+01 4.000000000000000000e+01
3.617704769439423096e+00 1.608194964298192087e+00 3.640109302242459322e+00 8.090858969340312123e-01 5.487500000000000000e+01 4.950000000000000000e+01 6.819135676424893688e+01 4.000000000000000000e+01
2.501653311125224821e+00 1.521916670267654981e+00 2.523948254137059699e+00 7.341961834474721726e-01 6.324494949494950902e+01 6.060606060606060908e+01 8.035350601130072334e+01 4.000000000000000000e+01
3.443857242552258668e+00 1.890644874334144854e+00 3.070281282221528851e+00 7.554540434839780438e-01 6.151041666666667140e+01 6.197916666666667140e+01 7.681774927695185795e+01 4.000000000000000000e+01
3.501871511350209687e+00 1.694351303629145544e+00 3.361426108371036836e+00 6.424960619556677743e-01 5.848717948717947479e+01 5.282051282051281049e+01 7.196538162415593831e+01 4.000000000000000000e+01
3.552343858581806124e+00 1.858761472977205509e+00 3.434199522714483699e+00 7.422329916074794642e-01 6.381578947368422661e+01 6.789473684210526017e+01 8.212155188113386828e+01 4.000000000000000000e+01
3.335914189305273503e+00 1.876762661380759534e+00 3.340096709818482168e+00 7.016526938931380020e-01 6.435606060606062329e+01 6.338383838383838764e+01 8.114158996133521384e+01 4.000000000000000000e+01
3.552343858581806124e+00 1.768294054245835412e+00 3.203420191752137214e+00 7.420145708690929487e-01 5.755347593582888521e+01 5.240641711229945798e+01 7.154462318537970589e+01 4.000000000000000000e+01
3.586363173595479736e+00 1.612432874642856451e+00 3.330804549683330062e+00 8.162268833636586729e-01 5.804232804232805165e+01 5.661375661375662105e+01 7.384709167030312926e+01 4.000000000000000000e+01
3.552343858581806124e+00 2.004499625248189698e+00 3.365482849589628955e+00 7.663629589117445517e-01 6.362500000000000000e+01 6.450000000000000000e+01 8.181775147203923382e+01 4.000000000000000000e+01
3.473953464439375249e+00 2.161863131217960809e+00 3.295957696387890490e+00 8.543922851298628718e-01 5.760000000000000142e+01 5.150000000000000000e+01 7.481155949865954824e+01 4.000000000000000000e+01
3.443857242552258668e+00 1.666281583866928262e+00 3.012385685201762975e+00 6.952173950784160672e-01 6.635416666666667140e+01 7.031250000000000000e+01 8.102218373345296243e+01 4.000000000000000000e+01
3.375437903527041428e+00 2.335744171339257047e+00 2.867845362723119962e+00 8.191437294369513511e-01 6.587500000000000000e+01 7.200000000000000000e+01 8.535369332908602757e+01 4.000000000000000000e+01
3.402564240911784665e+00 1.796928147574195167e+00 2.750203389711392887e+00 7.482290419292200179e-01 6.510416666666667140e+01 6.614583333333334281e+01 7.915202673246238874e+01 4.000000000000000000e+01
3.375437903527041428e+00 2.100556276889674390e+00 3.273738610922937831e+00 7.951099371636340951e-01 5.792328042328043125e+01 5.661375661375662105e+01 7.414008333175222276e+01 4.000000000000000000e+01
3.375437903527044092e+00 2.325748710591766688e+00 2.959899960732252477e+00 7.948786654135752139e-01 6.802631578947368496e+01 7.578947368421053454e+01 8.739142030044152420e+01 4.000000000000000000e+01
3.515112659837269060e+00 2.214562531615265062e+00 3.165431147242360854e+00 8.378492260672038006e-01 6.339947089947089154e+01 7.089947089947091285e+01 8.166639074906699136e+01 4.000000000000000000e+01
3.515112659837269060e+00 1.868684752767887591e+00 3.163122353104258710e+00 7.096899294432333916e-01 6.131578947368421240e+01 6.789473684210526017e+01 7.810698539931368600e+01 4.000000000000000000e+01
3.515112659837269060e+00 1.150126214522815049e+00 3.411189702003358359e+00 9.627951338047729957e-01 5.167112299465241421e+01 4.946524064171121893e+01 6.366806520440692907e+01 4.000000000000000000e+01
3.427873620019257661e+00 1.387930416870788219e+00 3.478749891594034249e+00 7.203012061308644576e-01 5.991161616161617331e+01 6.060606060606060908e+01 7.605950361822205252e+01 4.000000000000000000e+01
3.335914189305273503e+00 1.703963471058690615e+00 3.328418363117116474e+00 7.017967830676439256e-01 6.104166666666667140e+01 6.197916666666667140e+01 7.709689340290741200e+01 4.000000000000000000e+01
2.456456052231581921e+00 1.071773462536293353e+00 2.501653311125224377e+00 8.300630605144483365e-01 5.882051282051282470e+01 5.282051282051281049e+01 7.237856283449406192e+01 4.000000000000000000e+01
3.515112659837269060e+00 2.420771778064761293e+00 3.431315586538173701e+00 8.849237312236053477e-01 6.218750000000000000e+01 6.822916666666665719e+01 8.066173474006332356e+01 4.000000000000000000e+01
3.443857242552258668e+00 2.299018125607775076e+00 3.032378904926475105e+00 8.455549803155331112e-01 6.642676767676768179e+01 7.904040404040404155e+01 8.615050903759930634e+01 4.000000000000000000e+01
3.411189702003358359e+00 1.720500219450466162e+00 3.054499849067019657e+00 7.388542681430085857e-01 6.794871794871794179e+01 6.871794871794871540e+01 8.463116338394604554e+01 4.000000000000000000e+01
3.443857242552258668e+00 2.162913548414165721e+00 3.020801960450313572e+00 7.063480162510502591e-01 6.713541666666667140e+01 7.760416666666667140e+01 8.450386429702945179e+01 4.000000000000000000e+01
6.324555320336764375e+00 4.582575694955838053e+00 4.603311437484562063e+00 8.492822913588953249e-01 5.645833333333334991e+01 5.364583333333332860e+01 7.247688279781399956e+01 4.000000000000000000e+01
3.443857242552258668e+00 1.845517400665461771e+00 3.156320171670439656e+00 7.668661111530858943e-01 5.855263157894737702e+01 5.736842105263158231e+01 7.333806730152926434e+01 4.000000000000000000e+01
3.241313193385526148e+00 1.961731929608697911e+00 2.949430696747528113e+00 7.654140259788670964e-01 5.631578947368421240e+01 5.473684210526315752e+01 7.150086321583032145e+01 4.000000000000000000e+01
3.586363173595479736e+00 1.995735684075474747e+00 2.995090778291867650e+00 7.469946458805559741e-01 5.991161616161618753e+01 6.338383838383838764e+01 7.494233161089627515e+01 4.000000000000000000e+01
3.375437903527041428e+00 2.075198739054144426e+00 2.942717853958295660e+00 8.308341321135195301e-01 5.554232804232804455e+01 5.423280423280424145e+01 6.987838011039401920e+01 4.000000000000000000e+01
6.324555320336766151e+00 4.242640687119279441e+00 5.099019513592783603e+00 8.908204468129455877e-01 5.895833333333334991e+01 6.197916666666665719e+01 7.560877413231781929e+01 4.000000000000000000e+01
3.586363173595479736e+00 1.405115826483646302e+00 3.451953083253259891e+00 8.886799473121392845e-01 6.948717948717947479e+01 6.871794871794871540e+01 8.620740041665081321e+01 4.000000000000000000e+01
3.515112659837269060e+00 1.088733498760458662e+00 3.531265180211570431e+00 7.142489377584271271e-01 5.814171122994653729e+01 5.828877005347592899e+01 7.253102325593525279e+01 4.000000000000000000e+01
3.411189702003358359e+00 1.516391870162945743e+00 3.142757530203367899e+00 8.278434372899416971e-01 6.056122448979593287e+01 6.020408163265307877e+01 7.519896354693852913e+01 4.000000000000000000e+01
3.586363173595479736e+00 2.250077346191001748e+00 3.171475232323749616e+00 7.562265040115628834e-01 6.250000000000000000e+01 6.700000000000000000e+01 7.984647640829346926e+01 4.000000000000000000e+01
3.443857242552258668e+00 1.858694536616171122e+00 3.182992675984647857e+00 7.168225222419225551e-01 6.057291666666667140e+01 6.197916666666667140e+01 7.532072418490777466e+01 4.000000000000000000e+01
3.314454017339988567e+00 2.154990575154207111e+00 3.123318587148336434e+00 7.234237079978715901e-01 6.796717171717173755e+01 7.449494949494950902e+01 8.661987900789402772e+01 4.000000000000000000e+01
3.411189702003358359e+00 1.825700122815099080e+00 3.209140713476290596e+00 9.577140390637594036e-01 5.902406417112299408e+01 6.417112299465239289e+01 7.478219784956941396e+01 4.000000000000000000e+01
3.443857242552258668e+00 1.973023280360572063e+00 3.253909668356750107e+00 6.907457651308797075e-01 7.010416666666667140e+01 7.447916666666667140e+01 8.945814264315090725e+01 4.000000000000000000e+01
3.346195160597230434e+00 2.174930839016134598e+00 2.879061603476618547e+00 7.744854399913583265e-01 6.157894736842105488e+01 6.789473684210526017e+01 7.818953412414583681e+01 4.000000000000000000e+01
3.473953464439375249e+00 2.132404675367972402e+00 3.330588669787705403e+00 8.181283292197067958e-01 6.184782608695652328e+01 6.032608695652172059e+01 8.063166205526096064e+01 4.000000000000000000e+01
3.443857242552258668e+00 2.271700506862491586e+00 3.060140778360109337e+00 8.721467524037127550e-01 5.369949494949494095e+01 4.722222222222222143e+01 6.805656441946774748e+01 4.000000000000000000e+01
3.515112659837269060e+00 1.951571479130030262e+00 3.433701334284508189e+00 7.864438763138218436e-01 5.697089947089947515e+01 5.899470899470900775e+01 7.313530974164878273e+01 4.000000000000000000e+01
6.324555320336760822e+00 3.741657386773937333e+00 5.154748157905348904e+00 8.655856594698770889e-01 5.012362637362636519e+01 4.752747252747252560e+01 6.350506017510763002e+01 4.000000000000000000e+01
3.411189702003358359e+00 1.841063440183751565e+00 3.126349727590468142e+00 5.993978505915117383e-01 6.806122448979593287e+01 7.091836734693877986e+01 8.545491334796307115e+01 4.000000000000000000e+01
3.586363173595479736e+00 1.964822907605732416e+00 3.399465953809508001e+00 7.108503658730027652e-01 6.696524064171123314e+01 7.299465240641710295e+01 8.487615583609337477e+01 4.000000000000000000e+01
3.411189702003358359e+00 1.935965651970213308e+00 2.915275847886299676e+00 7.553770224390291554e-01 6.232051282051282470e+01 6.615384615384614619e+01 7.724975299262949591e+01 4.000000000000000000e+01
3.427873620019257661e+00 2.190760071083725169e+00 3.111731220806825959e+00 8.332775879486282733e-01 5.891304347826086740e+01 6.467391304347823677e+01 7.561537436575217441e+01 4.000000000000000000e+01
6.324555320336764375e+00 4.795831523312719114e+00 4.890096469218257802e+00 8.931752770797446450e-01 6.350000000000000000e+01 6.350000000000000000e+01 8.158027834466892614e+01 4.000000000000000000e+01
3.473953464439375249e+00 2.257970070630192616e+00 3.021057332309519783e+00 7.656060162989474227e-01 6.375000000000000000e+01 7.200000000000000000e+01 8.125705221798975231e+01 4.000000000000000000e+01
3.552343858581806124e+00 1.391787260574933072e+00 3.330884640726144763e+00 7.702819290346785142e-01 6.109693877551022467e+01 6.377551020408164817e+01 7.522570194662485221e+01 4.000000000000000000e+01
3.346195160597230434e+00 1.530231951675883550e+00 3.164251838901019021e+00 7.675088170777976115e-01 6.802083333333334281e+01 6.614583333333334281e+01 8.289170820958122476e+01 4.000000000000000000e+01
6.324555320336764375e+00 4.242640687119277665e+00 4.841946348777983467e+00 8.067787364553600238e-01 5.938131313131311373e+01 6.085858585858585457e+01 7.625285664022467813e+01 4.000000000000000000e+01
3.411189702003358359e+00 2.077825758759996422e+00 3.206759780808421390e+00 7.522193712838752822e-01 6.671717171717175177e+01 7.727272727272729469e+01 8.509131253098807690e+01 4.000000000000000000e+01
3.515112659837269060e+00 1.912920863078450662e+00 3.190420990650943089e+00 6.844010647695185634e-01 6.324494949494950902e+01 6.893939393939395188e+01 8.005414338382465189e+01 4.000000000000000000e+01
3.335914189305273503e+00 1.374108810316636564e+00 3.137962119287605045e+00 8.533747228565843335e-01 6.447916666666667140e+01 6.197916666666667851e+01 7.869931348374713309e+01 4.000000000000000000e+01
3.552343858581806124e+00 1.858761472977205509e+00 3.188437666114382729e+00 6.876239506176391458e-01 6.822916666666667140e+01 7.447916666666667140e+01 8.540264568606779960e+01 4.000000000000000000e+01
3.443857242552258668e+00 2.256476529989418722e+00 3.049893422912201668e+00 8.870847713481134766e-01 5.458994708994709555e+01 5.185185185185186185e+01 6.868390332188545244e+01 4.000000000000000000e+01
6.324555320336762598e+00 3.741657386773937333e+00 5.154748157905348904e+00 7.617987517519069218e-01 6.212500000000000000e+01 6.200000000000000000e+01 7.938242991370562152e+01 4.000000000000000000e+01
3.291665350506605581e+00 1.394053119512867367e+00 3.213674427625449415e+00 8.701674019132642490e-01 6.377551020408164106e+01 6.377551020408164817e+01 7.943094179845732583e+01 4.000000000000000000e+01
3.411189702003358359e+00 2.282921033218467066e+00 3.115595754077102875e+00 7.434199266650957094e-01 6.815789473684210975e+01 7.315789473684210975e+01 8.780274308279076934e+01 4.000000000000000000e+01
3.375437903527041428e+00 1.543604805749897890e+00 3.041329941419931515e+00 9.637980523709718250e-01 6.843750000000000000e+01 6.614583333333334281e+01 8.414707972633530630e+01 4.000000000000000000e+01
3.473953464439375249e+00 1.526556599311597706e+00 3.255226088889780378e+00 8.615391126924436538e-01 5.256313131313130782e+01 4.494949494949494806e+01 6.545247697201037340e+01 4.000000000000000000e+01
3.375437903527041428e+00 1.933825096691498047e+00 2.863143343351663095e+00 8.064603922976668615e-01 5.814171122994652308e+01 6.417112299465239289e+01 7.323575478641983239e+01 4.000000000000000000e+01
3.443857242552258668e+00 2.094753009894954943e+00 3.241569621628203723e+00 7.868315113594526178e-01 6.921717171717175177e+01 7.727272727272729469e+01 8.800678352525534365e+01 4.000000000000000000e+01
3.586363173595479736e+00 2.035382528123293788e+00 3.291860917181586910e+00 7.201981756090605202e-01 6.366161616161617331e+01 7.171717171717173755e+01 8.042659722330091654e+01 4.000000000000000000e+01
3.552343858581806124e+00 1.651443974648741930e+00 3.440450953361936737e+00 7.821505975983034098e-01 6.268939393939395899e+01 6.893939393939395188e+01 7.972959657694498503e+01 4.000000000000000000e+01
6.324555320336764375e+00 4.582575694955838941e+00 4.402380308532236164e+00 8.307987597499857380e-01 5.369565217391303946e+01 5.597826086956520442e+01 6.821378220061599507e+01 4.000000000000000000e+01
3.443857242552258668e+00 1.990866359047323675e+00 3.132764354107720806e+00 7.657831257804361691e-01 6.815384615384616041e+01 7.282051282051281760e+01 8.618322057900739708e+01 4.000000000000000000e+01
3.279716080596871919e+00 1.634383205077420076e+00 3.305804967310103759e+00 8.556390328026538539e-01 6.098717948717947479e+01 6.615384615384614619e+01 7.585346269407071418e+01 4.000000000000000000e+01
3.552343858581806124e+00 2.149976246217198739e+00 3.131813075877370789e+00 7.633679097637530164e-01 6.210526315789473983e+01 6.526315789473683537e+01 7.824348741523928652e+01 4.000000000000000000e+01
3.335914189305273503e+00 1.614054238462062418e+00 3.328488423911688088e+00 6.938717391322730688e-01 6.984693877551021046e+01 7.091836734693877986e+01 8.813328362249055203e+01 4.000000000000000000e+01
3.552343858581806124e+00 1.162308065239424426e+00 3.591760359648412670e+00 8.450779926091355199e-01 5.729166666666667140e+01 5.572916666666667140e+01 7.132925714023997443e+01 4.000000000000000000e+01
3.443857242552258668e+00 1.943283315726148430e+00 3.010725020303465893e+00 7.235605044782558171e-01 5.755347593582887100e+01 5.240641711229945798e+01 7.167435754705128659e+01 4.000000000000000000e+01
3.515112659837269060e+00 1.361664985786017690e+00 3.719444217252978468e+00 7.686716895254853688e-01 6.104166666666667140e+01 6.197916666666667140e+01 7.648648104360719913e+01 4.000000000000000000e+01
3.346195160597230434e+00 2.108142510139067838e+00 3.005650141846629264e+00 7.472068876804516258e-01 6.046717171717173045e+01 6.060606060606060908e+01 7.556088498357961214e+01 4.000000000000000000e+01
3.443857242552258668e+00 2.084116781424314446e+00 3.225783551840622376e+00 7.929773669431118277e-01 6.461229946524063905e+01 6.417112299465239289e+01 8.147556739979388851e+01 4.000000000000000000e+01
3.375437903527041428e+00 2.241470820912142781e+00 2.806780911255548627e+00 8.887926973054270929e-01 5.868421052631578760e+01 5.210526315789473983e+01 7.437634533544655824e+01 4.000000000000000000e+01
3.411189702003358359e+00 1.750396258794106430e+00 2.903911243703273914e+00 8.400540965963202433e-01 5.572916666666667140e+01 5.572916666666667140e+01 6.914080064745651555e+01 4.000000000000000000e+01
3.515112659837269060e+00 1.392580529876517037e+00 3.685405291161049757e+00 9.074876015473418711e-01 5.946524064171123314e+01 6.122994652406416094e+01 7.503261247550629776e+01 4.000000000000000000e+01
3.335914189305273503e+00 1.856366091316877354e+00 3.129523830060125356e+00 7.308315197376521466e-01 5.850000000000000000e+01 5.950000000000000000e+01 7.497524214122506692e+01 4.000000000000000000e+01
6.324555320336767927e+00 3.605551275463983352e+00 4.976869575268247914e+00 8.787593370960729011e-01 5.228260869565215785e+01 4.945652173913041594e+01 6.616655959665369835e+01 4.000000000000000000e+01
3.375437903527044092e+00 1.901326330284796251e+00 3.179906427261451451e+00 6.739855149420591607e-01 6.135416666666667140e+01 6.197916666666667140e+01 7.702082945787284984e+01 4.000000000000000000e+01
3.552343858581806124e+00 1.633177457717500669e+00 3.666759109376925618e+00 9.501049133720406159e-01 5.301767676767676107e+01 4.949494949494948770e+01 6.705876413625216514e+01 4.000000000000000000e+01
3.346195160597230434e+00 2.167730144272728143e+00 3.126259939881335104e+00 7.281822671379478695e-01 6.574494949494950902e+01 6.338383838383838764e+01 8.362119904415672522e+01 4.000000000000000000e+01
3.646778057984198629e+00 1.658048553693121763e+00 3.272404464991762296e+00 8.331813382359813946e-01 5.768518518518519045e+01 5.661375661375662105e+01 7.249279347504339910e+01 4.000000000000000000e+01
3.443857242552258668e+00 1.913700164010283533e+00 3.379030347392127265e+00 7.136806627949469073e-01 6.725935828877004496e+01 7.005347593582887100e+01 8.574269538303354921e+01 4.000000000000000000e+01
2.540515226981211239e+00 1.382217969217062858e+00 2.555060244470309883e+00 6.141511939566813849e-01 7.410256410256408799e+01 8.410256410256408799e+01 9.322634512867210788e+01 4.000000000000000000e+01
3.515112659837269060e+00 2.064411766179055086e+00 3.327324038012967389e+00 7.996324395268737950e-01 5.858585858585858119e+01 5.858585858585858119e+01 7.567886062566037708e+01 4.000000000000000000e+01
3.411189702003358359e+00 2.284810779336952091e+00 3.117604276268159502e+00 8.539765473212055369e-01 6.267676767676767469e+01 5.858585858585858119e+01 8.123550268552784814e+01 4.000000000000000000e+01
3.473953464439375249e+00 2.003772170411080467e+00 2.964593232093608588e+00 7.914978714497283852e-01 5.574494949494950902e+01 5.227272727272728048e+01 6.968176975413456375e+01 4.000000000000000000e+01
3.515112659837269060e+00 1.711769859409705496e+00 3.538975815907889011e+00 7.139649827323371056e-01 6.387700534759358817e+01 6.711229946524063905e+01 8.155217626059213387e+01 4.000000000000000000e+01
3.375437903527044092e+00 2.000974423345060149e+00 3.272056094883158295e+00 7.328082310521788489e-01 6.060606060606062329e+01 6.616161616161616621e+01 7.674432589322513820e+01 4.000000000000000000e+01
3.443857242552258668e+00 1.530913722429759094e+00 3.145951951704996308e+00 7.892228826530274244e-01 6.660256410256408799e+01 6.871794871794871540e+01 8.205651565876537745e+01 4.000000000000000000e+01
3.443857242552258668e+00 1.759100087065505802e+00 3.333021584677963833e+00 6.519069897367053557e-01 5.887700534759359527e+01 6.122994652406416094e+01 7.417719499497391666e+01 4.000000000000000000e+01
3.335914189305273503e+00 1.928465342319053422e+00 3.079316484072236904e+00 7.540551154319858895e-01 6.832051282051283181e+01 7.282051282051281760e+01 8.629518716676251699e+01 4.000000000000000000e+01
3.617704769439423096e+00 2.289339787800813930e+00 3.018965663347715100e+00 8.055237091084725964e-01 6.578947368421053454e+01 6.789473684210526017e+01 8.341103517428489056e+01 4.000000000000000000e+01
3.375437903527041428e+00 1.607736200628493206e+00 2.975555491850749412e+00 7.686306232093462754e-01 6.073979591836735636e+01 6.377551020408164817e+01 7.539673265906702682e+01 4.000000000000000000e+01
3.375437903527041428e+00 1.608194964298192309e+00 3.236212674957426483e+00 5.837774933367076979e-01 6.198717948717947479e+01 5.948717948717947479e+01 7.676276339880493538e+01 4.000000000000000000e+01
3.646778057984198629e+00 1.954259973153549268e+00 3.554031634824114771e+00 8.677639732380800774e-01 5.586956521739131176e+01 5.597826086956520442e+01 7.088655683147270281e+01 4.000000000000000000e+01
3.552343858581806124e+00 2.581929874511339484e+00 3.033127714844324085e+00 8.852061737425022114e-01 6.281250000000001421e+01 6.406249999999998579e+01 8.084144834559869253e+01 4.000000000000000000e+01
3.443857242552258668e+00 2.094753009894951834e+00 2.885520425283623958e+00 6.846893909283229274e-01 6.328877005347594320e+01 6.417112299465239289e+01 7.983352865917936469e+01 4.000000000000000000e+01
3.515112659837269060e+00 1.607478777437282957e+00 3.139673550048074802e+00 7.153723439226172820e-01 6.484693877551022467e+01 6.377551020408164817e+01 8.090060332746995186e+01 4.000000000000000000e+01
3.586363173595479736e+00 1.944654811513644388e+00 3.193465317401658954e+00 8.741708766736756564e-01 5.804347826086955564e+01 5.163043478260868113e+01 7.428445028879130518e+01 4.000000000000000000e+01
3.411189702003358359e+00 1.971981514836007365e+00 3.193380247504694402e+00 7.758163617320478211e-01 6.049465240641711006e+01 6.122994652406416094e+01 7.642687066381007810e+01 4.000000000000000000e+01
3.375437903527044092e+00 1.517600638450138151e+00 2.974009822933561420e+00 6.974749743065580265e-01 7.450000000000000000e+01 7.950000000000000000e+01 9.051845199832133915e+01 4.000000000000000000e+01
3.552343858581806124e+00 2.419022227545013504e+00 2.910661112239429027e+00 8.705031774185255644e-01 6.302083333333334991e+01 7.031250000000000000e+01 8.192019320765045620e+01 4.000000000000000000e+01
6.324555320336766151e+00 3.605551275463987349e+00 4.747468961295221668e+00 8.369982062864825823e-01 5.113756613756614655e+01 4.708994708994709555e+01 6.434759588960814369e+01 4.000000000000000000e+01
3.443857242552258668e+00 1.637559947732270427e+00 3.285465198893896765e+00 9.103708108366576068e-01 5.588541666666667140e+01 5.260416666666667140e+01 6.933527733755651923e+01 4.000000000000000000e+01
3.427873620019257661e+00 1.483688027081230487e+00 3.658756861329484966e+00 9.760386411184117650e-01 5.229166666666667140e+01 5.156250000000000000e+01 6.690777146913447382e+01 4.000000000000000000e+01
2.540515226981212127e+00 1.154316567660057080e+00 2.604343121583387433e+00 7.490067230706576318e-01 6.525641025641024839e+01 6.102564102564102910e+01 8.044253260499628766e+01 4.000000000000000000e+01
3.552343858581806124e+00 1.668246947378357214e+00 3.278965659021011447e+00 6.668300113872742685e-01 5.854166666666667140e+01 5.885416666666667140e+01 7.301285877187115148e+01 4.000000000000000000e+01
3.411189702003358359e+00 1.841063440183750899e+00 3.384906446260281143e+00 7.043025442272740078e-01 6.431818181818181301e+01 7.005347593582887100e+01 8.161816649517851374e+01 4.000000000000000000e+01
3.586363173595479736e+00 2.292051024061366515e+00 3.085295346333496447e+00 7.591182206192130799e-01 6.302631578947368496e+01 6.000000000000000000e+01 7.893408266961318986e+01 4.000000000000000000e+01
2.479980506953562092e+00 1.400105974609445081e+00 2.463663193212286995e+00 6.740326249120711655e-01 6.197916666666667140e+01 6.197916666666667140e+01 7.839562799063239140e+01 4.000000000000000000e+01
3.427873620019257661e+00 1.327870806933361125e+00 3.545978893891869710e+00 8.280103605289029778e-01 6.148717948717947479e+01 5.948717948717947479e+01 7.692182250494084883e+01 4.000000000000000000e+01
2.540515226981212127e+00 1.437967862444921918e+00 2.477510148835532000e+00 6.091287068356978640e-01 7.910256410256408799e+01 8.794871794871794179e+01 9.967263016914742479e+01 4.000000000000000000e+01
3.515112659837269060e+00 1.725802638026066482e+00 2.957700731060376675e+00 7.451780303240880254e-01 6.078877005347593609e+01 5.828877005347592899e+01 7.611135546423203380e+01 4.000000000000000000e+01
6.324555320336766151e+00 4.898979485566347769e+00 4.843380362240131909e+00 9.232833854585660305e-01 5.919312169312168947e+01 6.243386243386241574e+01 7.702946115285882911e+01 4.000000000000000000e+01
3.346195160597230434e+00 2.271700506862489810e+00 3.089228042548104902e+00 6.983642967120394784e-01 7.358288770053475503e+01 7.887700534759358106e+01 9.488347228534928490e+01 4.000000000000000000e+01
3.501871511350209687e+00 2.097825107937718592e+00 3.203682765996548998e+00 7.267085041225781472e-01 6.463383838383839475e+01 7.171717171717173755e+01 8.165413744036817434e+01 4.000000000000000000e+01
3.375437903527041428e+00 2.071933214009506585e+00 3.280661651575001780e+00 6.892777447647212563e-01 7.078877005347592899e+01 7.887700534759358106e+01 9.108137222246536169e+01 4.000000000000000000e+01
3.411189702003358359e+00 1.828011299142142443e+00 3.205497527822832371e+00 9.133905334639000895e-01 5.425000000000000000e+01 4.950000000000000000e+01 6.858581075729024690e+01 4.000000000000000000e+01
3.279716080596871919e+00 2.163426692198002765e+00 3.160382900212330703e+00 8.493038626219094889e-01 5.478260869565217916e+01 6.032608695652172059e+01 6.943968696440867916e+01 4.000000000000000000e+01
3.617704769439423096e+00 1.120509284415516449e+00 3.530431449411345124e+00 7.880166913332004031e-01 5.681122448979593287e+01 5.663265306122450227e+01 6.925552833958187193e+01 4.000000000000000000e+01
2.558103574801532165e+00 1.084471771197698553e+00 2.494615851585559430e+00 6.801383463707263433e-01 6.302083333333333570e+01 6.614583333333334281e+01 7.643274419233291894e+01 4.000000000000000000e+01
3.314454017339988567e+00 1.864689314416266175e+00 3.264754127025338182e+00 6.742798582289475373e-01 6.432291666666667140e+01 6.510416666666667140e+01 8.131894083093645520e+01 4.000000000000000000e+01
3.552343858581806124e+00 2.240632126041250949e+00 3.398301045362166040e+00 7.490264462820734881e-01 6.868421052631579471e+01 7.315789473684210975e+01 8.773729740046802306e+01 4.000000000000000000e+01
3.443857242552258668e+00 1.939865771538744399e+00 2.947559888099910541e+00 6.794827263880552914e-01 6.093582887700535622e+01 6.417112299465239289e+01 7.693449286151634681e+01 4.000000000000000000e+01
