3.527919570223205792e+00 1.426641022388495994e+00 3.145748027699968752e+00 5.357083216117179969e-01 6.275561177428652826e+01 6.046026498576045327e+01 5.475597998115340914e+01 4.000000000000000000e+01
3.552343858581806124e+00 1.571461629619861133e+00 3.489561732163742214e+00 6.539385346529681398e-01 4.965217040432681728e+01 4.247818654609129396e+01 4.429257172703080414e+01 4.000000000000000000e+01
3.443857242552258668e+00 2.149586249800925497e+00 3.208876706163333203e+00 7.707686236733045648e-01 5.801546285332712216e+01 5.867731176692909401e+01 5.181852319223096970e+01 4.000000000000000000e+01
3.375437903527041428e+00 1.618402106389824402e+00 3.159251459899175440e+00 9.266034301156051978e-01 5.400398646875368058e+01 5.514094778586374446e+01 5.039128400254067230e+01 4.000000000000000000e+01
3.375437903527041428e+00 1.784080206579526484e+00 3.412851673443389799e+00 6.151719577036337538e-01 6.678830329139945832e+01 7.349027122061879425e+01 5.917349510271741053e+01 4.000000000000000000e+01
3.411189702003358359e+00 2.227693099133086108e+00 2.954874245385886500e+00 7.359198235817639988e-01 5.009885656822930855e+01 4.937119735127189557e+01 4.709964744872134901e+01 4.000000000000000000e+01
3.617704769439423096e+00 1.917623537539429934e+00 3.031345336882979247e+00 6.349933857170866336e-01 5.165468760510453450e+01 4.916656439872051010e+01 4.662042586417256018e+01 4.000000000000000000e+01
3.515112659837269060e+00 2.689635225923708184e+00 2.755279890464870540e+00 7.318174592850058557e-01 5.243879455790078481e+01 4.657236723023173397e+01 4.805168491846026058e+01 4.000000000000000000e+01
3.291665350506605581e+00 1.624036320359143470e+00 3.414771584602857679e+00 1.164397260054305328e+00 4.204597493308978073e+01 3.991144783826330666e+01 3.747534844226572659e+01 4.000000000000000000e+01
3.402564240911784665e+00 2.301879134368191693e+00 2.821232834790521338e+00 6.998493867364682375e-01 5.043174310264616622e+01 4.830058594527532989e+01 4.618866820827968667e+01 4.000000000000000000e+01
3.552343858581806124e+00 1.104512923924367840e+00 3.717038609628886991e+00 7.332376795758380750e-01 5.101466816372230539e+01 4.477428596113479387e+01 4.485417521297993204e+01 4.000000000000000000e+01
6.324555320336762598e+00 3.996599112886523475e+00 4.884377427793930693e+00 7.268182509760643395e-01 6.405999755591984979e+01 7.075231084101743306e+01 5.922771882407101174e+01 4.000000000000000000e+01
6.324555320336766151e+00 3.423890312205054798e+00 4.636809247747851970e+00 7.023726289953350355e-01 5.230247972850668248e+01 4.277144160304512610e+01 4.612005422582763003e+01 4.000000000000000000e+01
3.335914189305273503e+00 2.161904087859252588e+00 3.023592312305191765e+00 7.835663353547632770e-01 6.385133139625850873e+01 6.167526191417417181e+01 5.782441295292858285e+01 4.000000000000000000e+01
3.473953464439375249e+00 2.483373106220263971e+00 3.203420191752134993e+00 7.358709548893713759e-01 5.101016017622983867e+01 5.246830045707655898e+01 4.700694854987294491e+01 4.000000000000000000e+01
3.586363173595479736e+00 1.893060424892854643e+00 3.606324243480802938e+00 6.974364203043960098e-01 7.022819614083584838e+01 7.410694048181559879e+01 6.068421822308491898e+01 4.000000000000000000e+01
3.335914189305273503e+00 1.715611419992845166e+00 3.146279885796840148e+00 4.923242766092721379e-01 5.871868156138896211e+01 5.965899840270407850e+01 5.117360102032898084e+01 4.000000000000000000e+01
3.335914189305273503e+00 2.250985994809090229e+00 3.279318362550657007e+00 8.230986099035275672e-01 5.325816318524942972e+01 4.993281704647665720e+01 5.067885728347183516e+01 4.000000000000000000e+01
3.552343858581806124e+00 2.222823553692880871e+00 3.405004225486090164e+00 6.885678786249070926e-01 5.431957957102574852e+01 5.436210482694458790e+01 4.836559311465496336e+01 4.000000000000000000e+01
3.552343858581806124e+00 1.498132715477568766e+00 3.612594932779961354e+00 8.092987029762401807e-01 4.502133409451460011e+01 3.712056858724729835e+01 4.044525816203569946e+01 4.000000000000000000e+01
3.411189702003358359e+00 1.818559786700542968e+00 3.051576292735755480e+00 7.013354763466292940e-01 5.376091975256103694e+01 5.803715672444172924e+01 5.127833085644128630e+01 4.000000000000000000e+01
6.324555320336766151e+00 4.270660515013801728e+00 4.944132324730443173e+00 7.264344923880240446e-01 5.215631581179817289e+01 4.923289348153185330e+01 4.888319089366068937e+01 4.000000000000000000e+01
3.443857242552258668e+00 2.114956333583197789e+00 3.179999962269998814e+00 6.932475375947472207e-01 5.752709752887340500e+01 6.172837294326988911e+01 5.206865341204758124e+01 4.000000000000000000e+01
3.427873620019257661e+00 1.994430457485372399e+00 3.102517275030047816e+00 7.848447062186972856e-01 5.213835116342826126e+01 5.695421748776528403e+01 4.955482702599851308e+01 4.000000000000000000e+01
3.346195160597230434e+00 1.987139661419077274e+00 2.792274044311259029e+00 7.147814094193785106e-01 6.091744594435086668e+01 6.171704854062922863e+01 5.590324032493053608e+01 4.000000000000000000e+01
3.527919570223205792e+00 1.669893119655867952e+00 3.092507997190774294e+00 5.949039577043918614e-01 5.070828927647118434e+01 3.900617076599036182e+01 4.548136321986183361e+01 4.000000000000000000e+01
3.617704769439423096e+00 1.518830613666635632e+00 3.189249005398388626e+00 6.201951172914131893e-01 5.328586255933318938e+01 4.652667510667447459e+01 4.986504515408700655e+01 4.000000000000000000e+01
3.411189702003358359e+00 1.928242129195648635e+00 2.754140300798282315e+00 6.488924721364234260e-01 6.243894457742226223e+01 6.444726633670413207e+01 5.542658134220754818e+01 4.000000000000000000e+01
3.375437903527041428e+00 1.745536570829482326e+00 3.487129171584811171e+00 6.300976615911877410e-01 6.356157107365629599e+01 7.171395318818694875e+01 5.981592135894075568e+01 4.000000000000000000e+01
3.375437903527044092e+00 1.430553078542439849e+00 2.937113611178712169e+00 6.004806303135863388e-01 5.077792389579033738e+01 5.153516693816668948e+01 4.501906448921684500e+01 4.000000000000000000e+01
3.411189702003358359e+00 1.475707041205924330e+00 3.174915985556628240e+00 4.988635395970670849e-01 5.146705844379366823e+01 4.822913406254569679e+01 4.773625497066219481e+01 4.000000000000000000e+01
3.443857242552258668e+00 1.867588692182778898e+00 2.933798305628785741e+00 6.974225577788331076e-01 6.528409531078642658e+01 7.479324683443468302e+01 6.047441168741121231e+01 4.000000000000000000e+01
3.515112659837269060e+00 7.585068676028593471e-01 3.680998958410752753e+00 9.144360661712949145e-01 6.081171593466014968e+01 6.091364980572035392e+01 5.513552632889119565e+01 4.000000000000000000e+01
3.515112659837269060e+00 1.648258175751120103e+00 3.663269656745951952e+00 6.437480226910647918e-01 5.741837579592722562e+01 5.278748798871163928e+01 5.037497448820410284e+01 4.000000000000000000e+01
3.501871511350209687e+00 1.569662883691657962e+00 3.542970811468440395e+00 7.912909641160764673e-01 5.200153081683249923e+01 4.638761488450582249e+01 4.684644352174473170e+01 4.000000000000000000e+01
3.427873620019257661e+00 1.960910107292852533e+00 3.233381888781318825e+00 7.364431890566437433e-01 5.528550557476734184e+01 6.020789641614175025e+01 5.159795156946807992e+01 4.000000000000000000e+01
6.324555320336764375e+00 4.264947518811718297e+00 4.748684028233507881e+00 7.891813590292684477e-01 4.901832127357178592e+01 4.639793888345514716e+01 4.665562584683583935e+01 4.000000000000000000e+01
3.411189702003358359e+00 1.833062779200488546e+00 3.077709543208846821e+00 6.609522334780542074e-01 5.802219452803893773e+01 6.159346493210910012e+01 5.147160114773554795e+01 4.000000000000000000e+01
2.501653311125224821e+00 1.141959662376215379e+00 2.531708076985112577e+00 5.976697789821326934e-01 6.127443817501131207e+01 6.119711692153209981e+01 5.447095436309025018e+01 4.000000000000000000e+01
3.411189702003358359e+00 1.364251508907143418e+00 3.277240308477002984e+00 9.617695575119767915e-01 5.366258895862149103e+01 5.158224309253590434e+01 4.711763109387616311e+01 4.000000000000000000e+01
3.411189702003358359e+00 2.053161670900204516e+00 3.036155575412466501e+00 6.360467394636767358e-01 5.664355506778277771e+01 5.706101497170425318e+01 5.210026532086372697e+01 4.000000000000000000e+01
6.324555320336764375e+00 5.117804527557267669e+00 4.859126579037750027e+00 8.901217404948409406e-01 5.356319471681845812e+01 5.150890594104647136e+01 5.045631720209411242e+01 4.000000000000000000e+01
3.443857242552258668e+00 2.185495548275422806e+00 3.005116099091440063e+00 7.293719458989006421e-01 5.160946665180846793e+01 5.896842190935895189e+01 4.754350323335000894e+01 4.000000000000000000e+01
3.411189702003358359e+00 1.222745778252668059e+00 3.157670811805668887e+00 4.660942279302367486e-01 4.957538578453370803e+01 5.190089836052473515e+01 4.590314270775765237e+01 4.000000000000000000e+01
3.411189702003358359e+00 2.142449575007517204e+00 2.902049143049012070e+00 6.920059442650940973e-01 6.127955403390088662e+01 6.898911456888120597e+01 5.566517432476309324e+01 4.000000000000000000e+01
6.324555320336764375e+00 3.717724083578639593e+00 4.992301766027060772e+00 6.283053305763883767e-01 6.034619426765525674e+01 6.808404899347236494e+01 5.597934241603766736e+01 4.000000000000000000e+01
2.479980506953562092e+00 1.437385626338274047e+00 2.415469893995708439e+00 6.531629019751383769e-01 6.702701686336865805e+01 6.715048440398720686e+01 5.847197277449660646e+01 4.000000000000000000e+01
3.473953464439375249e+00 1.411439107431295970e+00 2.867704655575554096e+00 4.816480554521960777e-01 5.592404994189865164e+01 5.528728763551301029e+01 5.020442419118460720e+01 4.000000000000000000e+01
3.335914189305273503e+00 2.044905905704961668e+00 3.116634997719291533e+00 6.470930775221045428e-01 6.005992088454352285e+01 6.427485983714625206e+01 5.368782908238406293e+01 4.000000000000000000e+01
3.586363173595479736e+00 2.315929355171750803e+00 3.069728869605670596e+00 7.011333175635354742e-01 5.512231724353351581e+01 5.903717581100479350e+01 5.227107455558866178e+01 4.000000000000000000e+01
3.473953464439375249e+00 2.464104000014471829e+00 2.987198936180187392e+00 1.000705679954616789e+00 6.176688038975128592e+01 6.173655913831833431e+01 5.662906035415097250e+01 4.000000000000000000e+01
3.443857242552258668e+00 2.131640448761821460e+00 2.951917068152501766e+00 6.751918288950676805e-01 6.749920914841122510e+01 7.170270038587752026e+01 5.732101228182370534e+01 4.000000000000000000e+01
2.501653311125224821e+00 1.216506009860432336e+00 2.421845173042318056e+00 6.543864931043541500e-01 5.753972714280614298e+01 5.893678575948029419e+01 5.154571315066279880e+01 4.000000000000000000e+01
3.443857242552258668e+00 1.963437926306743186e+00 3.334351909525251401e+00 7.627262514466777166e-01 4.925059717845165608e+01 4.928911088949824659e+01 4.560838532582396709e+01 4.000000000000000000e+01
6.324555320336767927e+00 3.681309249590219324e+00 4.259443290250163550e+00 8.353453763465714665e-01 5.829221841863971321e+01 5.924718639183122804e+01 5.302978041808122356e+01 4.000000000000000000e+01
3.291665350506605581e+00 1.394239009196703183e+00 3.230648719092821697e+00 9.289911683653593322e-01 5.175128701104898710e+01 4.714311350973893155e+01 4.700292210536416349e+01 4.000000000000000000e+01
3.411189702003358359e+00 1.736869160688199187e+00 2.977748542913567942e+00 4.765889136480975230e-01 5.789571101193407543e+01 5.747365895538951719e+01 5.371411511429314345e+01 4.000000000000000000e+01
3.411189702003358359e+00 1.524601205697567297e+00 3.005921648053361039e+00 4.225528219900620552e-01 5.624910963548238385e+01 5.754411980790009551e+01 5.221393415727271048e+01 4.000000000000000000e+01
3.443857242552258668e+00 2.354283444426268801e+00 3.183047087785000340e+00 7.547778336611550287e-01 5.938919431372264057e+01 6.254109193475141382e+01 5.324516426108217360e+01 4.000000000000000000e+01
3.586363173595479736e+00 2.151336794581078848e+00 3.265314928282187612e+00 6.937991736830624312e-01 5.691927190781119350e+01 6.251381199142574019e+01 5.230903150718721406e+01 4.000000000000000000e+01
3.375437903527041428e+00 2.255920173106746418e+00 2.878707005184997225e+00 8.944581462133613936e-01 5.192718338911530651e+01 4.161703187720068087e+01 4.669234304944188096e+01 4.000000000000000000e+01
3.515112659837269060e+00 1.249854313837788000e+00 3.362102381641333348e+00 7.391705105535760767e-01 5.296828699804590457e+01 4.491598557528469371e+01 4.690038892212491817e+01 4.000000000000000000e+01
3.586363173595479736e+00 1.600136522493395663e+00 3.538963872133765953e+00 6.558741197493452857e-01 5.290172737229586630e+01 5.332709505990156629e+01 4.778568990511410419e+01 4.000000000000000000e+01
3.515112659837269060e+00 1.680054294369297763e+00 3.015922797786873666e+00 7.834315989313611617e-01 4.762754835981922241e+01 3.686492806716895387e+01 4.453382419862112584e+01 4.000000000000000000e+01
3.473953464439375249e+00 9.919935161644620747e-01 3.314454017339987679e+00 6.231644936238949217e-01 5.051304711252145552e+01 5.471821816651258530e+01 4.751155372740955585e+01 4.000000000000000000e+01
3.411189702003358359e+00 1.901086780031149504e+00 2.785277086377191846e+00 5.501146795636795428e-01 6.315755152973099484e+01 6.580330272141186754e+01 5.509750852159832846e+01 4.000000000000000000e+01
3.375437903527044092e+00 2.020552122926994265e+00 2.898950369751672085e+00 5.802600200190852764e-01 5.220510878380051878e+01 5.172567369376051971e+01 4.985994307775445833e+01 4.000000000000000000e+01
3.617704769439423096e+00 7.581270788355041201e-01 3.543361478118444818e+00 6.854174363132010672e-01 5.045120272030659692e+01 4.658073629578224484e+01 4.537228668031990964e+01 4.000000000000000000e+01
3.515112659837269060e+00 1.587441066605329798e+00 3.546146660843605858e+00 5.590966878657231964e-01 5.203705107334961610e+01 4.819573377712121953e+01 4.804518595484002219e+01 4.000000000000000000e+01
3.515112659837269060e+00 1.327648204671687093e+00 3.319882437188957258e+00 5.104520491142501282e-01 5.449036683321330798e+01 5.565087553685573596e+01 4.988069515145826927e+01 4.000000000000000000e+01
6.324555320336760822e+00 3.823125645975425702e+00 4.935295620035628161e+00 7.324642336057856085e-01 5.623764083211129616e+01 5.302056569504007655e+01 5.086783252811982692e+01 4.000000000000000000e+01
3.515112659837269060e+00 1.469229748654331091e+00 3.617932911044325017e+00 7.693021407252755850e-01 5.447546958077633406e+01 4.637264698366902138e+01 5.069315103198776740e+01 4.000000000000000000e+01
6.324555320336762598e+00 3.276619443029359147e+00 4.847679857416329341e+00 6.042512979804026685e-01 6.344345167452173939e+01 6.567316828761639158e+01 5.584291500189743118e+01 4.000000000000000000e+01
3.375437903527044092e+00 2.217791072848415368e+00 3.363261408351319037e+00 5.861749013581689649e-01 6.169075388994397713e+01 6.735392568449836403e+01 5.573496519684275086e+01 4.000000000000000000e+01
3.443857242552258668e+00 1.699283121029988131e+00 3.060326892098715224e+00 7.925659297436747908e-01 5.343335563786212816e+01 4.922689501677029966e+01 4.869050446570842894e+01 4.000000000000000000e+01
3.515112659837269060e+00 1.719177090191643220e+00 3.760368961577151836e+00 7.304263968794511008e-01 6.099711561347763222e+01 6.198841283756290466e+01 5.347504171068798229e+01 4.000000000000000000e+01
6.324555320336764375e+00 4.293573654119307470e+00 4.779341509366943797e+00 7.566841539376802928e-01 5.534180338312627612e+01 5.661840390877353002e+01 5.004710426879736929e+01 4.000000000000000000e+01
3.515112659837269060e+00 2.347094275142969977e+00 3.049984174117648994e+00 8.766420847106067837e-01 5.527173498773431248e+01 5.691023362490770410e+01 5.293281667649416278e+01 4.000000000000000000e+01
3.515112659837269060e+00 1.979353556141447035e+00 3.297950080622513713e+00 5.991043809582925483e-01 6.052529756716138110e+01 6.094413303122067305e+01 5.481878440217193571e+01 4.000000000000000000e+01
3.375437903527041428e+00 1.684038708354134828e+00 3.405059805388032323e+00 6.351682142953106736e-01 5.711522951846318108e+01 5.410957201096588420e+01 5.382582077987981251e+01 4.000000000000000000e+01
3.411189702003358359e+00 2.239406524580667579e+00 3.289132607810595577e+00 7.601733393727672095e-01 5.369771409694428854e+01 5.317386927769562277e+01 4.949407285320541661e+01 4.000000000000000000e+01
3.443857242552258668e+00 2.035722626963244242e+00 2.957638479960187805e+00 6.699135464057482947e-01 5.863568360024939352e+01 6.560233978893155893e+01 5.316790644740836314e+01 4.000000000000000000e+01
3.586363173595479736e+00 2.410131283372035416e+00 3.544183068753403276e+00 7.468795286275169421e-01 5.202181751110452979e+01 5.586035481261737345e+01 4.809658674948801149e+01 4.000000000000000000e+01
3.552343858581806124e+00 8.333090545522743309e-01 3.761077863464986848e+00 7.315938990699929478e-01 6.312237633566449091e+01 6.629160697978180394e+01 5.754437699430710751e+01 4.000000000000000000e+01
3.552343858581806124e+00 2.636446804090764484e+00 3.162326307234378131e+00 8.334562785032093579e-01 5.639894311391741155e+01 5.875840249278807903e+01 5.250190259690522510e+01 4.000000000000000000e+01
3.552343858581806124e+00 1.254531077881976264e+00 3.559719478780282387e+00 3.399748628210346735e-01 5.799062159090711788e+01 6.076766751436387182e+01 5.240629949341730054e+01 4.000000000000000000e+01
3.335914189305273503e+00 2.011602176091935146e+00 3.041399990044657553e+00 7.315216340259433903e-01 5.322018382782253809e+01 5.914965836524918785e+01 5.053833693244924774e+01 4.000000000000000000e+01
3.515112659837269060e+00 1.893218698719644877e+00 3.208810067551151946e+00 5.809547481177449457e-01 5.920182690581975038e+01 6.059571746565639927e+01 5.311264651480387755e+01 4.000000000000000000e+01
3.411189702003358359e+00 2.303921640828179296e+00 3.246958361806032478e+00 7.297445024049616924e-01 5.211950041320156402e+01 5.042060489677671598e+01 4.738410893490924991e+01 4.000000000000000000e+01
3.646778057984198629e+00 1.681817176868780184e+00 3.621679402263856762e+00 6.444095312027305900e-01 5.658833234208029239e+01 5.204042748832798537e+01 5.199066591395513370e+01 4.000000000000000000e+01
3.346195160597230434e+00 1.650785181393445766e+00 3.037620740576487233e+00 8.778042286939683470e-01 6.287186573285637081e+01 6.073094363733979151e+01 5.525443382966740558e+01 4.000000000000000000e+01
3.515112659837269060e+00 2.217570761365351029e+00 3.238722225063066062e+00 6.098003818631052564e-01 5.181451264957450320e+01 5.820920273674378365e+01 4.918877889664992864e+01 4.000000000000000000e+01
3.279716080596871919e+00 1.902563315048398040e+00 3.222447096916597253e+00 7.173651445303153018e-01 5.840451239008537954e+01 6.354559943708957093e+01 5.276505945873479675e+01 4.000000000000000000e+01
3.443857242552258668e+00 1.688419484324225284e+00 3.233950678871175821e+00 7.513535115752189020e-01 5.813524063846275425e+01 5.922107128345277260e+01 5.114018877017797138e+01 4.000000000000000000e+01
6.324555320336760822e+00 3.383183887467835493e+00 4.953113498935123538e+00 7.202340535744872208e-01 5.295020235175765322e+01 5.457946764919485361e+01 4.886466055849813728e+01 4.000000000000000000e+01
3.411189702003358359e+00 2.065607038456902522e+00 3.167818862655089163e+00 7.186280773603737071e-01 6.087516722263484326e+01 6.517054570312161843e+01 5.642632293558362022e+01 4.000000000000000000e+01
3.411189702003358359e+00 1.874868473701127636e+00 3.133723872896849727e+00 6.434618653301514835e-01 5.660876838065371430e+01 6.071787450317057733e+01 5.256737412643887097e+01 4.000000000000000000e+01
3.411189702003358359e+00 2.613948184991214507e+00 2.915248509959638579e+00 8.254533003417239279e-01 5.846755913680360806e+01 5.196335624717151802e+01 5.048036937787847478e+01 4.000000000000000000e+01
3.443857242552258668e+00 1.930371425690539322e+00 3.422514452452244615e+00 8.580010978855963089e-01 5.139031963250538126e+01 4.541331276071391443e+01 4.640319324022586045e+01 4.000000000000000000e+01
3.443857242552258668e+00 1.647501636667332958e+00 3.281693904156390396e+00 6.153831186325026126e-01 5.181729960296686954e+01 4.917852640862204794e+01 4.704452701706044593e+01 4.000000000000000000e+01
3.473953464439375249e+00 1.252089894743531939e+00 3.321306894139006705e+00 5.235995205546170039e-01 6.152520143504001737e+01 5.718859515430601448e+01 5.680696660402415432e+01 4.000000000000000000e+01
3.411189702003358359e+00 1.581918068761116736e+00 3.266331853631716520e+00 6.502544123727945768e-01 6.060351394923092982e+01 5.569223803489827418e+01 5.234769398115384575e+01 4.000000000000000000e+01
2.501653311125224821e+00 1.068161574902103172e+00 2.501653311125224821e+00 6.756223180918321525e-01 5.235295355347587076e+01 4.641417873441790221e+01 4.622984864634809554e+01 4.000000000000000000e+01
3.552343858581806124e+00 7.758595504591229153e-01 3.473953464439373473e+00 8.301792537714118847e-01 4.886416180827231415e+01 4.264450572211909218e+01 4.427582686492203123e+01 4.000000000000000000e+01
3.552343858581806124e+00 1.696945401410128174e+00 3.430028604035848083e+00 8.129324806999032038e-01 5.611450037510140021e+01 5.393609577371842079e+01 5.067547302883606619e+01 4.000000000000000000e+01
3.335914189305273503e+00 1.505905217356087844e+00 3.367009527978062078e+00 6.100900597120265667e-01 4.800333504654081906e+01 4.278611010781765600e+01 4.336611020813593598e+01 4.000000000000000000e+01
3.375437903527041428e+00 2.039209128073865784e+00 3.092024015941873483e+00 7.131149379122094789e-01 4.801996781401449255e+01 4.415947877356735773e+01 4.317399518266874736e+01 4.000000000000000000e+01
3.515112659837269060e+00 2.225333204543304522e+00 3.530024479247225067e+00 8.355247649710210167e-01 5.017318794301449003e+01 4.700591574258920957e+01 4.587849041045261345e+01 4.000000000000000000e+01
3.473953464439375249e+00 1.909098150988399967e+00 3.099857840428774658e+00 5.503878626187346246e-01 5.623070954961874435e+01 5.952510279453942843e+01 5.215697664340891038e+01 4.000000000000000000e+01
3.515112659837269060e+00 2.165969777281135933e+00 3.273369567379174505e+00 7.689884666640582900e-01 5.913242068008795371e+01 6.280736995147034207e+01 5.480155394083970322e+01 4.000000000000000000e+01
3.411189702003358359e+00 1.944893170977420871e+00 3.032442499538393399e+00 5.470456643409118414e-01 6.031372674370021514e+01 6.221374251681513812e+01 5.461648423870309443e+01 4.000000000000000000e+01
2.501653311125224821e+00 8.716767675472915089e-01 2.674468848597787218e+00 6.234075791325709437e-01 6.351684562903570708e+01 6.469747270682427143e+01 5.848902030502895144e+01 4.000000000000000000e+01
3.617704769439423096e+00 2.412480399629673311e+00 3.134491756243392047e+00 8.255259947766572237e-01 6.027293144886871090e+01 6.991996648339609521e+01 5.698156941020993571e+01 4.000000000000000000e+01
3.411189702003358359e+00 1.972471217017780276e+00 3.061038016497365621e+00 5.906362859051331737e-01 5.368551908812710849e+01 5.536491521021157780e+01 4.846625832795042044e+01 4.000000000000000000e+01
3.346195160597230434e+00 2.291140790295785212e+00 2.969138818165302673e+00 8.657520257437033573e-01 4.779328670003056345e+01 4.494883571080869444e+01 4.264359149813281391e+01 4.000000000000000000e+01
3.473953464439375249e+00 1.274328102367783933e+00 3.546618765849218313e+00 9.855412739141650169e-01 5.029396973935789106e+01 4.295322049990594593e+01 4.525869307001628528e+01 4.000000000000000000e+01
3.411189702003358359e+00 2.204406149517843971e+00 3.215498178367374837e+00 7.300239455145699496e-01 5.769310661928114570e+01 5.979431178832947325e+01 5.155737421164592149e+01 4.000000000000000000e+01
3.552343858581806124e+00 2.405267472379556626e+00 3.093114598188413833e+00 7.750890789474114140e-01 6.821404518726383515e+01 7.149784674268786944e+01 6.000677026144768433e+01 4.000000000000000000e+01
3.375437903527041428e+00 2.030055094422105189e+00 3.086151536739803358e+00 5.076643840354032600e-01 6.243563746398039882e+01 6.271414276357899098e+01 5.661010848625688396e+01 4.000000000000000000e+01
3.443857242552258668e+00 1.730932728046401525e+00 3.011087556643516461e+00 5.758307322275090234e-01 5.875903165336686840e+01 6.032463108107005212e+01 5.386385951785169368e+01 4.000000000000000000e+01
2.430710570620360222e+00 1.068462750140642292e+00 2.632764408668474498e+00 9.160397719263458916e-01 5.787958966633372881e+01 5.436294934852612926e+01 5.018872482330023388e+01 4.000000000000000000e+01
3.473953464439375249e+00 1.847848871812049154e+00 3.004432537643759282e+00 7.168383493993547573e-01 5.739917127068837033e+01 5.869930880586136368e+01 5.199415743660992462e+01 4.000000000000000000e+01
3.411189702003358359e+00 2.094902276612613523e+00 3.101602460070730594e+00 6.704594463633978263e-01 6.479377906377578711e+01 7.108953254209623651e+01 5.898426852715867597e+01 4.000000000000000000e+01
6.324555320336766151e+00 3.701155340648981884e+00 5.038314736557792273e+00 6.866722264311884150e-01 5.937911121561592154e+01 5.969478099292381756e+01 5.431788822261876959e+01 4.000000000000000000e+01
3.411189702003358359e+00 1.647118002965592742e+00 3.052891839066872670e+00 5.016360517591446078e-01 5.421524751275465093e+01 5.582893480757479665e+01 4.909879240820697532e+01 4.000000000000000000e+01
6.324555320336762598e+00 4.439135833298860412e+00 4.604345773288533117e+00 7.633435463471295312e-01 5.593894173500970624e+01 5.462929794167499153e+01 5.219797112154896723e+01 4.000000000000000000e+01
3.515112659837269060e+00 1.924450064607968969e+00 2.986993538459998376e+00 7.522723331706883121e-01 4.799276263591627156e+01 4.473273997383585510e+01 4.359216642172246736e+01 4.000000000000000000e+01
3.515112659837269060e+00 2.654433384144734731e+00 2.817973279610033632e+00 8.948584839187307960e-01 6.041413425754787170e+01 5.714955555910218266e+01 5.424059583555774111e+01 4.000000000000000000e+01
3.515112659837269060e+00 1.768383205632749755e+00 3.189068853379273261e+00 5.829992554361886903e-01 5.206775052281559368e+01 5.087956548029545445e+01 4.744928526034262717e+01 4.000000000000000000e+01
3.617704769439423096e+00 2.114049586961903149e+00 2.872341235104729051e+00 8.034366229374155788e-01 6.291796109632253575e+01 6.810290347929067423e+01 5.907675889430117877e+01 4.000000000000000000e+01
3.515112659837269060e+00 2.210671027525674237e+00 2.900036241503140655e+00 7.693284195644037871e-01 5.839568439131966926e+01 6.389994846469573986e+01 5.328232762088759955e+01 4.000000000000000000e+01
3.515112659837269060e+00 2.100829806594108007e+00 3.694598463578808278e+00 8.319362146222929466e-01 5.029097174304052231e+01 4.419279522350346667e+01 4.707069807223956559e+01 4.000000000000000000e+01
3.515112659837269060e+00 7.851597650934480921e-01 3.705458743467812344e+00 7.031364125319731206e-01 5.842354233070462755e+01 5.413513811514704344e+01 5.344703013588345186e+01 4.000000000000000000e+01
6.324555320336764375e+00 4.001852225178059719e+00 4.746189607408631161e+00 7.312194765596767843e-01 5.453303232296781999e+01 5.128721935522381870e+01 5.105712510653324898e+01 4.000000000000000000e+01
3.335914189305273503e+00 1.597931027475053334e+00 3.349559889666401169e+00 7.708171358483542068e-01 5.416703553007547356e+01 5.198615968125475462e+01 4.793160289157211906e+01 4.000000000000000000e+01
3.473953464439375249e+00 1.571574160850844448e+00 3.149158883671184572e+00 7.387232293486392098e-01 4.623581880360341501e+01 4.161878015079444992e+01 4.169683214014781925e+01 4.000000000000000000e+01
3.473953464439375249e+00 1.311548657064793177e+00 3.456180034522269295e+00 7.669200379854405059e-01 6.291969327516558508e+01 6.413288705837993575e+01 5.499584462461673695e+01 4.000000000000000000e+01
3.552343858581806124e+00 1.975932847611309828e+00 3.086944526797105848e+00 5.632589849319465936e-01 5.582801597063066623e+01 5.732785439552289830e+01 5.168840599075766562e+01 4.000000000000000000e+01
3.300951334040937990e+00 1.506322607799718938e+00 2.833101225928094102e+00 7.885418123611657171e-01 5.309891110842647066e+01 5.257116848083247618e+01 4.784995420545232747e+01 4.000000000000000000e+01
3.427873620019257661e+00 2.210696818898001403e+00 3.296424544599566797e+00 8.459560918752657699e-01 5.996589303978475982e+01 6.757721684651079386e+01 5.613117135373190081e+01 4.000000000000000000e+01
3.411189702003358359e+00 1.969433999613874553e+00 3.392273185564870897e+00 7.383401154693143287e-01 5.534587537312389571e+01 5.656953766563009367e+01 4.929326791330257151e+01 4.000000000000000000e+01
3.411189702003358359e+00 1.910780233622515922e+00 3.175534024382903997e+00 7.050208791144921827e-01 6.038487145579968285e+01 6.278334227490826436e+01 5.538127677193074305e+01 4.000000000000000000e+01
3.552343858581806124e+00 1.936095398308753435e+00 3.401591488649837292e+00 7.469079600239815209e-01 5.185560750507784888e+01 5.793834933208415094e+01 4.761630651332308872e+01 4.000000000000000000e+01
6.324555320336762598e+00 3.968513599357900823e+00 4.984185516527038118e+00 7.847143131970496510e-01 6.105775720134955264e+01 6.343574574869878546e+01 5.668651878172994429e+01 4.000000000000000000e+01
3.515112659837269060e+00 1.252671807984468533e+00 3.193371051631734403e+00 6.594638502924564660e-01 5.683074208304124397e+01 5.399435639462186032e+01 5.177433379417605863e+01 4.000000000000000000e+01
2.558103574801532165e+00 1.127085343655247707e+00 2.616854724576610280e+00 2.710096683357740011e-01 5.510566702480919332e+01 4.578520452690294462e+01 5.032995672878222138e+01 4.000000000000000000e+01
3.346195160597230434e+00 1.660004582910619142e+00 3.040067308901509779e+00 7.098491768526284940e-01 4.409115071874881409e+01 4.382658804105792427e+01 3.843213912819658873e+01 4.000000000000000000e+01
3.443857242552258668e+00 1.943066581556143868e+00 3.019329353403849225e+00 6.187965476250583130e-01 6.309819910564844037e+01 6.508380013962360522e+01 5.639157868595410150e+01 4.000000000000000000e+01
2.430710570620360222e+00 1.370669904648361914e+00 2.514128473593639335e+00 7.266441234771338076e-01 5.579334409142300899e+01 5.422905455852468037e+01 4.869976184929318919e+01 4.000000000000000000e+01
3.411189702003358359e+00 1.419114500423643399e+00 3.620261095894568903e+00 7.396023054770867189e-01 4.724290613227096003e+01 3.781595005352900785e+01 4.323737113441568880e+01 4.000000000000000000e+01
3.473953464439375249e+00 1.777960519551879282e+00 3.072658468356354255e+00 6.409364328768101249e-01 6.196794437314048309e+01 6.618256111115746876e+01 5.756895346092947108e+01 4.000000000000000000e+01
3.427873620019257661e+00 1.482958159660435093e+00 3.613858157499122647e+00 9.038937880081354681e-01 5.435684973715051882e+01 4.719570128736015135e+01 4.860109004475782513e+01 4.000000000000000000e+01
3.279716080596871919e+00 1.802363598243683196e+00 3.160822202044553997e+00 7.055344207794570499e-01 5.269132375036480198e+01 5.018701061514534700e+01 4.626757307304492173e+01 4.000000000000000000e+01
3.552343858581806124e+00 1.701762756084883588e+00 3.275974452487033783e+00 7.631970265671521592e-01 5.215800510946672830e+01 4.801157744133362115e+01 4.792437011080100007e+01 4.000000000000000000e+01
3.314454017339988567e+00 1.764475719667841780e+00 3.217415295343428738e+00 5.245697078420705761e-01 5.050744307314748482e+01 5.102055651045684215e+01 4.581452879687781632e+01 4.000000000000000000e+01
3.473953464439375249e+00 2.167453369806182195e+00 2.932188061894847042e+00 6.618802690602406669e-01 5.802801018649626030e+01 5.833447194782063860e+01 5.163730860736686878e+01 4.000000000000000000e+01
3.586363173595479736e+00 1.282067127345902557e+00 3.615017452661074771e+00 7.906600172545832361e-01 4.447090887613541810e+01 3.381913107575593358e+01 3.942349771650911094e+01 4.000000000000000000e+01
3.552343858581806124e+00 2.249708479487847690e+00 3.281167921362193152e+00 7.747243988367584766e-01 6.293335986901242052e+01 7.369899488462927195e+01 5.835145270860806477e+01 4.000000000000000000e+01
3.375437903527041428e+00 1.905949994104684020e+00 3.119708200751873939e+00 6.697057700748040299e-01 5.201251233461970003e+01 4.327804231113538691e+01 4.660574300890277755e+01 4.000000000000000000e+01
3.515112659837269060e+00 1.494584867567728237e+00 3.002696983761117711e+00 4.625205724270082808e-01 6.523340827849584400e+01 6.617869090324722947e+01 5.762872918112436338e+01 4.000000000000000000e+01
3.411189702003358359e+00 1.554602801961697978e+00 3.087071402891341521e+00 6.052079861036778752e-01 6.134513878550408350e+01 6.022004297874416778e+01 5.417156765218885539e+01 4.000000000000000000e+01
3.411189702003358359e+00 1.357082837461096592e+00 3.208154621214892810e+00 9.511422638809861052e-01 5.131705294449171362e+01 4.785345347079507405e+01 4.545802688155834659e+01 4.000000000000000000e+01
3.552343858581806124e+00 2.387338886747150557e+00 3.339523729115653872e+00 7.703184584675660806e-01 6.250764667348611425e+01 6.365271299941143468e+01 5.494815861931522960e+01 4.000000000000000000e+01
2.501653311125224821e+00 8.574329448296528211e-01 2.466109366169796591e+00 6.666971204829325037e-01 5.930228452853828003e+01 5.731075852621638234e+01 5.179441919470117028e+01 4.000000000000000000e+01
2.501653311125224821e+00 1.150578404854168513e+00 2.504419124861597012e+00 8.802685793808814330e-01 4.940150972380202177e+01 4.448485449541171022e+01 4.342422444140116511e+01 4.000000000000000000e+01
3.335914189305273503e+00 1.495773110876889467e+00 3.217908397950538291e+00 1.049442646908045118e+00 5.509466273215034704e+01 4.940759249515016904e+01 4.786128052438358083e+01 4.000000000000000000e+01
3.473953464439375249e+00 2.099142758056689928e+00 3.093527305874177902e+00 6.563526943655288992e-01 5.309784401404706244e+01 6.252086300234967808e+01 5.044314672614179784e+01 4.000000000000000000e+01
3.473953464439375249e+00 1.315942381890379487e+00 3.445551932664382644e+00 7.096648339583301324e-01 4.047790420535548606e+01 3.953082239706655798e+01 3.658259942933292308e+01 4.000000000000000000e+01
3.443857242552258668e+00 1.132524129065479279e+00 3.518506087749116329e+00 7.780969131767949687e-01 5.525597652784674807e+01 5.938484711542962913e+01 5.154450734255893707e+01 4.000000000000000000e+01
6.324555320336766151e+00 4.270737373665315140e+00 4.633636610190112748e+00 7.956960673998658695e-01 5.926943292623390391e+01 6.376210701334207442e+01 5.541911396720691130e+01 4.000000000000000000e+01
3.375437903527044092e+00 1.447106399532876120e+00 3.129134644531898157e+00 6.251156591680759878e-01 5.678847273060552681e+01 6.048626335088381722e+01 5.161037154476017719e+01 4.000000000000000000e+01
3.552343858581806124e+00 1.657746911137492951e+00 3.398098925305558904e+00 5.382190521064424971e-01 5.464662610356703709e+01 5.730700492675476454e+01 5.089354116107909931e+01 4.000000000000000000e+01
3.515112659837269060e+00 1.779825472371957096e+00 3.050001372890840390e+00 5.698358130047236347e-01 6.623978809348162144e+01 6.859710508629859760e+01 5.997265502045714669e+01 4.000000000000000000e+01
3.443857242552258668e+00 2.108799276499449871e+00 2.942646483895009268e+00 7.871048339946384864e-01 5.948862992143563133e+01 5.289890848868851236e+01 5.506900142690336253e+01 4.000000000000000000e+01
3.617704769439423096e+00 2.128529911537955233e+00 3.396853091712515926e+00 6.918926953938523416e-01 6.150861487314571008e+01 6.454623211177852227e+01 5.511347053665775064e+01 4.000000000000000000e+01
3.402564240911784665e+00 1.965602417962734494e+00 2.971479886242601065e+00 7.653745747864187932e-01 4.701887784034638429e+01 4.660152454765036367e+01 4.313448334047758692e+01 4.000000000000000000e+01
3.346195160597230434e+00 1.342056979645290582e+00 3.114773244595375967e+00 3.687378157186391170e-01 5.573310691072732226e+01 5.448804227041375725e+01 5.040039166023419881e+01 4.000000000000000000e+01
3.411189702003358359e+00 1.780300227563367477e+00 2.753589147977463902e+00 7.706404786705539633e-01 5.240654917630151033e+01 5.459721324845568091e+01 4.727751968445961950e+01 4.000000000000000000e+01
3.375437903527041428e+00 1.572283074801468672e+00 3.149347231255753332e+00 5.788983263997095063e-01 5.827490542091013737e+01 5.729345207949590701e+01 5.212058840595177855e+01 4.000000000000000000e+01
3.617704769439423096e+00 1.685493749760859084e+00 3.550277109825894062e+00 7.538156223076054596e-01 5.342447458508077318e+01 5.031235788469170700e+01 4.880887058714174742e+01 4.000000000000000000e+01
3.443857242552258668e+00 1.500520286863402664e+00 3.220475186409010870e+00 4.681312752169045077e-01 6.413445975750418881e+01 6.858440982541938524e+01 5.646558742368664241e+01 4.000000000000000000e+01
3.443857242552258668e+00 2.019059260330787087e+00 3.133926750945843498e+00 7.154332484223789868e-01 5.589088398579259831e+01 5.412505742714543544e+01 5.016805920652723927e+01 4.000000000000000000e+01
6.324555320336766151e+00 3.534172307188359508e+00 5.009082659620331945e+00 6.278671297127015327e-01 6.415962490300806564e+01 6.630583306711335467e+01 5.789930051291483437e+01 4.000000000000000000e+01
3.346195160597230434e+00 1.656498427041687593e+00 2.958824251826801088e+00 4.595358471503678266e-01 5.558145222308500877e+01 5.462887815574862316e+01 5.238250799463338581e+01 4.000000000000000000e+01
3.411189702003358359e+00 1.604894454441090579e+00 3.126947816235936095e+00 7.573141310226316758e-01 6.108538502079865395e+01 5.952220718716342418e+01 5.273535553196627035e+01 4.000000000000000000e+01
3.586363173595479736e+00 2.453111695056857666e+00 3.365503084573015169e+00 8.135896868418904804e-01 5.962492425316071376e+01 7.104345684146255735e+01 5.539495923633374730e+01 4.000000000000000000e+01
2.521757574239155808e+00 1.182330960028783906e+00 2.462949288123606362e+00 6.081796280403658495e-01 6.218195069666402475e+01 6.263500517968876835e+01 5.345865082552666081e+01 4.000000000000000000e+01
6.324555320336766151e+00 3.387178851049150285e+00 5.014977567247933976e+00 6.484523621696858253e-01 6.252669324241557547e+01 6.511252136961144288e+01 5.820819097168902800e+01 4.000000000000000000e+01
3.473953464439375249e+00 2.067543163386503124e+00 3.082945663817109772e+00 7.186660405554752273e-01 5.125441992926560886e+01 5.105025156549863397e+01 4.587588498722369224e+01 4.000000000000000000e+01
3.515112659837269060e+00 1.713707853614022891e+00 3.421650269017170398e+00 7.739809632284755381e-01 5.665673933566130671e+01 5.719269388271484189e+01 5.178748679573640601e+01 4.000000000000000000e+01
3.411189702003358359e+00 1.705823271901294458e+00 3.088162362670328065e+00 4.967009664342176833e-01 5.294756133887049288e+01 4.774596934597482800e+01 4.877567900846152327e+01 4.000000000000000000e+01
3.346195160597230434e+00 2.196242052058050120e+00 3.018740273255244855e+00 7.508946815089793114e-01 6.155165093882863658e+01 6.059313637463311153e+01 5.366783923796551647e+01 4.000000000000000000e+01
3.586363173595479736e+00 1.921473188080791594e+00 3.258198917105194159e+00 7.532162555629365874e-01 5.798791700740207489e+01 6.254933870990830513e+01 5.443218719741506817e+01 4.000000000000000000e+01
3.552343858581806124e+00 1.757911184676574701e+00 3.353717128069588771e+00 5.106963481222724921e-01 5.365068628805105533e+01 4.991002503522754807e+01 4.988906161776817072e+01 4.000000000000000000e+01
3.473953464439375249e+00 1.868285452185433071e+00 3.133606721376076543e+00 5.803644661798567084e-01 5.712239420417485292e+01 5.524294416334356583e+01 5.166526919645174587e+01 4.000000000000000000e+01
3.375437903527041428e+00 1.915124537938555527e+00 3.077129056911325655e+00 6.476270975983203781e-01 5.792261092569981429e+01 6.015065545293671789e+01 5.144108953124371197e+01 4.000000000000000000e+01
3.527919570223205792e+00 2.352679020351273742e+00 2.865367336900756179e+00 7.858417783942518442e-01 6.422450820461274645e+01 6.735284044102972700e+01 5.765576026990913050e+01 4.000000000000000000e+01
3.375437903527041428e+00 1.751881500946159687e+00 2.920653413338549775e+00 7.990226326429361592e-01 5.050450973130185162e+01 4.668898842302854746e+01 4.339787028617782028e+01 4.000000000000000000e+01
3.411189702003358359e+00 1.214485348648049134e+00 3.249830620426791938e+00 9.794614621570343349e-01 5.270292815031369571e+01 4.451859245631489159e+01 4.501375589573741820e+01 4.000000000000000000e+01
3.375437903527041428e+00 1.826535767521690001e+00 3.288507078407657769e+00 6.360233986220096281e-01 6.822898884786043538e+01 7.741473279039909983e+01 6.213069659780914833e+01 4.000000000000000000e+01
