3.552343858581806124e+00 2.185541457383072483e+00 4.208416719330695166e+00 6.773502821059459444e-01 6.718797307375942296e+01 7.529284043432384976e+01 8.290706757338911359e+01 4.000000000000000000e+01
6.324555320336762598e+00 3.870821701515470892e+00 5.334916157616970800e+00 7.027606309570477716e-01 6.028847833191139927e+01 6.463050388023413007e+01 7.959311966181242326e+01 4.000000000000000000e+01
3.473953464439375249e+00 2.369164622496263473e+00 5.273079737308162152e+00 7.716618667249651731e-01 6.826690930923383860e+01 7.398997997886205269e+01 8.814871014631606272e+01 4.000000000000000000e+01
3.586363173595479736e+00 1.683144739135595591e+00 4.475368893878131971e+00 5.646104175002829573e-01 5.532548818002580759e+01 5.416356319889111859e+01 6.760426949523865403e+01 4.000000000000000000e+01
3.586363173595479736e+00 1.226969975544232261e+00 4.580686474985103729e+00 5.984329112351598479e-01 5.801816771666619843e+01 6.470025718938920534e+01 7.240952160864161158e+01 4.000000000000000000e+01
3.473953464439375249e+00 1.863528412502750919e+00 4.323704861335083471e+00 6.143805035904457146e-01 5.347519027801054392e+01 5.797608086395553784e+01 6.617591926485104636e+01 4.000000000000000000e+01
3.515112659837269060e+00 1.928070884952472364e+00 4.070207443389662672e+00 6.011923097771737501e-01 5.529383104265709648e+01 5.293135056233570168e+01 6.658400441602763919e+01 4.000000000000000000e+01
3.427873620019257661e+00 1.518319748766973065e+00 3.754083570102271228e+00 7.319860916357748826e-01 5.155116357159593576e+01 5.247247071293834608e+01 6.568465088856767409e+01 4.000000000000000000e+01
3.552343858581806124e+00 1.563940093009638321e+00 6.260818786867245578e+00 6.749908153565624680e-01 5.367793445656101881e+01 5.083259654939640626e+01 6.736544078371734656e+01 4.000000000000000000e+01
3.443857242552258668e+00 1.770075635924052371e+00 3.001978813527865775e+00 5.416219312224855864e-01 6.600706023731811456e+01 6.915381376643699696e+01 8.148771535403709265e+01 4.000000000000000000e+01
3.515112659837269060e+00 1.419483655024389890e+00 4.891865367295423539e+00 7.847400604416502334e-01 4.440809068697650019e+01 3.854048248119180897e+01 5.360569168735007395e+01 4.000000000000000000e+01
6.324555320336760822e+00 3.858094884846567041e+00 7.621073398657870257e+00 7.473570228928151371e-01 5.159764360579963949e+01 4.712347856935572565e+01 5.837680512673193789e+01 4.000000000000000000e+01
3.411189702003358359e+00 2.068875671676438710e+00 4.194078163155780636e+00 6.505913791944911706e-01 5.597879164525261331e+01 5.433801385044473875e+01 6.942796473383197053e+01 4.000000000000000000e+01
2.501653311125224821e+00 1.433397431987134540e+00 3.060890219581774208e+00 5.798417994594863289e-01 6.433660455459911987e+01 6.920870249207618485e+01 8.295235431597656373e+01 4.000000000000000000e+01
3.515112659837269060e+00 1.297131394273604243e+00 4.588539359481446311e+00 4.826262078966140345e-01 5.728783568401831161e+01 5.868360834466657394e+01 7.146781514978951577e+01 4.000000000000000000e+01
3.346195160597230434e+00 1.791206791153787226e+00 2.709301843983632274e+00 5.531871394604115366e-01 5.611372845223557704e+01 5.574052271622385035e+01 7.161948488796313939e+01 4.000000000000000000e+01
3.473953464439375249e+00 1.913048246608902270e+00 2.658400072022645944e+00 5.892967647911985241e-01 6.188574781335166364e+01 6.114721403573434344e+01 7.534957914458429684e+01 4.000000000000000000e+01
3.375437903527041428e+00 1.879462229993298816e+00 4.686520608196742543e+00 6.711743104283807160e-01 5.860937929383628386e+01 6.183961714731328385e+01 7.781557550050455063e+01 4.000000000000000000e+01
3.279716080596871919e+00 1.806711618218931781e+00 4.283844635345028351e+00 5.625536829768531533e-01 5.734976345578081691e+01 6.558731508884453376e+01 6.865365287657584759e+01 4.000000000000000000e+01
3.586363173595479736e+00 1.699852308451400562e+00 3.436295774871072517e+00 5.331419140088905495e-01 6.039119484400386995e+01 5.809586911143232868e+01 7.399571606695499781e+01 4.000000000000000000e+01
3.586363173595479736e+00 2.047230592470157262e+00 5.993042524197604415e+00 6.899922016427525451e-01 5.900233598225268139e+01 6.108156554140605721e+01 7.345799664359911674e+01 4.000000000000000000e+01
3.375437903527044092e+00 2.067863416597722104e+00 4.438491166739486182e+00 6.049299950437385665e-01 6.487508223534750584e+01 6.249181353397169403e+01 7.861889750148334599e+01 4.000000000000000000e+01
3.443857242552258668e+00 2.231483913077532577e+00 2.925826576766813680e+00 6.573788050233901892e-01 6.157468265202959401e+01 6.176796706313797358e+01 7.390820826301339252e+01 4.000000000000000000e+01
2.479980506953562092e+00 8.417469969885909009e-01 3.106319373209060597e+00 6.250774239192077308e-01 5.722200956382274484e+01 5.821723555239378811e+01 6.942811224915190849e+01 4.000000000000000000e+01
3.501871511350209687e+00 1.554791175200112008e+00 3.954396975637600065e+00 4.960924509344684097e-01 5.556859174163965776e+01 5.469343824575672386e+01 7.245373170531567553e+01 4.000000000000000000e+01
3.552343858581806124e+00 7.668300757102516352e-01 4.843876102827133323e+00 5.627272035824029128e-01 5.967700650768833270e+01 6.229360979548732757e+01 7.700800546109056199e+01 4.000000000000000000e+01
3.375437903527041428e+00 1.638278015409525334e+00 4.775965998848245242e+00 5.678791934532351204e-01 5.128804880818392320e+01 4.234462646486021953e+01 6.165775192662342619e+01 4.000000000000000000e+01
3.515112659837269060e+00 1.846151656080006642e+00 5.370176050906941612e+00 5.887928452365152054e-01 5.142492988733851433e+01 4.711485857028340973e+01 6.373767255956943956e+01 4.000000000000000000e+01
3.375437903527041428e+00 1.554121264364717314e+00 3.420163807541350742e+00 5.283933198895424121e-01 5.692264916007420794e+01 5.560433962573739564e+01 6.929506001403545667e+01 4.000000000000000000e+01
3.314454017339988567e+00 1.472330211548073642e+00 4.124966836059853037e+00 5.308234850033787255e-01 5.639042383695892369e+01 5.622096897524493642e+01 6.560222939782747176e+01 4.000000000000000000e+01
3.527919570223205792e+00 1.601415270110413180e+00 3.837331256979341187e+00 5.202222333472192872e-01 5.600419317939066133e+01 5.442177752633867271e+01 6.866608882478176668e+01 4.000000000000000000e+01
3.617704769439423096e+00 2.062026671342720441e+00 4.290084225574248400e+00 7.021409379431579056e-01 5.250211622475627848e+01 5.507760597868914232e+01 6.472534343529774503e+01 4.000000000000000000e+01
3.473953464439375249e+00 1.968914631303614993e+00 5.759110914409459880e+00 6.645751067917274879e-01 6.007061395273766635e+01 6.490246968268613159e+01 7.617951965962608085e+01 4.000000000000000000e+01
3.515112659837269060e+00 2.108472658342367634e+00 2.827553563145190907e+00 6.645488452628441900e-01 5.897110282037659346e+01 5.839730740209191850e+01 7.184717027656310506e+01 4.000000000000000000e+01
3.375437903527041428e+00 1.956253381377415446e+00 6.645859877242099145e+00 5.766785485558876267e-01 5.560997728042220700e+01 4.963285055850620608e+01 6.684214342591586444e+01 4.000000000000000000e+01
3.335914189305273503e+00 2.498817067796734737e+00 6.617557849880611798e+00 7.779142881965427359e-01 5.582147256601422924e+01 5.093938734302186333e+01 6.975349339257606118e+01 4.000000000000000000e+01
3.473953464439375249e+00 2.477862616505464022e+00 4.208767354121869531e+00 7.481611073455234351e-01 6.345972932471211436e+01 6.123485962908891622e+01 7.841586715095036197e+01 4.000000000000000000e+01
3.272353897487798591e+00 2.136954783865093521e+00 3.955508692266849646e+00 7.400602104243527712e-01 5.683301233857478252e+01 6.346020187251745881e+01 6.910149721884739904e+01 4.000000000000000000e+01
3.552343858581806124e+00 1.698139167517485726e+00 4.494033164810497638e+00 7.109671715575748285e-01 5.532707895343197890e+01 4.929987249358201495e+01 7.117338065200429753e+01 4.000000000000000000e+01
3.473953464439375249e+00 2.422992167262494334e+00 3.666665204432026925e+00 6.819301085109008564e-01 5.382346817248448190e+01 5.329585061265485990e+01 6.503489802792744001e+01 4.000000000000000000e+01
3.473953464439375249e+00 2.745670977801144108e+00 4.101795730305426879e+00 8.132303657366911631e-01 6.043679175157651429e+01 6.998520430446465923e+01 7.421443262936909946e+01 4.000000000000000000e+01
3.473953464439375249e+00 1.935205878827157111e+00 4.578737570148438074e+00 5.800532019720060495e-01 6.276131916867782934e+01 6.696426297275226602e+01 8.240926491612439975e+01 4.000000000000000000e+01
3.552343858581806124e+00 1.655541562706519088e+00 4.886827052213438272e+00 5.323890196917725470e-01 6.242117319697395317e+01 6.391727728795125074e+01 7.669670342972518995e+01 4.000000000000000000e+01
3.552343858581806124e+00 1.632676605846651086e+00 4.430570138002987157e+00 8.008768212167011180e-01 4.786554113958841583e+01 3.906818611762509619e+01 5.670739934888040779e+01 4.000000000000000000e+01
3.411189702003358359e+00 1.825982607117372369e+00 2.861701575250083174e+00 5.104982226250552868e-01 6.162595107532341387e+01 6.313821227567763827e+01 7.652887444773486436e+01 4.000000000000000000e+01
3.473953464439375249e+00 1.802875745957500220e+00 3.878036844844203745e+00 5.311377118274058784e-01 5.994274312160591478e+01 6.051467285470005208e+01 7.370248629178870203e+01 4.000000000000000000e+01
6.324555320336762598e+00 4.284700388850681385e+00 7.401747278902900185e+00 6.515552565575701838e-01 6.413639529990093990e+01 7.154198109818884177e+01 7.374530950262817441e+01 4.000000000000000000e+01
3.515112659837269060e+00 1.820941254731757830e+00 5.286422686692417550e+00 5.590439693677469180e-01 6.878273321510459937e+01 7.104275606186685366e+01 8.413814761760139049e+01 4.000000000000000000e+01
6.324555320336766151e+00 3.911192932680457979e+00 8.116328050869842770e+00 6.989445956088171652e-01 5.019762163139508715e+01 5.009413597207620938e+01 6.129090103141880519e+01 4.000000000000000000e+01
3.411189702003358359e+00 1.472540178864958582e+00 3.807524703389413290e+00 4.326979088843969645e-01 6.704670774052671334e+01 6.408701822743655896e+01 7.981294434107539360e+01 4.000000000000000000e+01
3.586363173595479736e+00 1.846485716429196122e+00 4.579452521401401910e+00 5.200210476634793411e-01 6.337540930603491063e+01 6.502290434266359398e+01 7.628726916474708730e+01 4.000000000000000000e+01
3.411189702003358359e+00 1.577150372346318274e+00 3.022104356217622190e+00 3.854700064595532605e-01 6.526158763816074782e+01 7.047950229102545450e+01 7.984336989907620818e+01 4.000000000000000000e+01
3.552343858581806124e+00 1.183265779740910961e+00 4.633568348445666452e+00 5.885708957024440302e-01 5.762084016240593343e+01 5.504290990744393497e+01 7.278776724774844809e+01 4.000000000000000000e+01
3.515112659837269060e+00 8.042552599108745426e-01 4.367615905956133027e+00 7.395171005314079560e-01 4.647385917426772295e+01 4.390125467002332016e+01 5.674066464142036637e+01 4.000000000000000000e+01
3.515112659837269060e+00 1.619206750706994713e+00 4.695040716693444693e+00 6.538802152444850302e-01 4.963321588013435104e+01 4.344281491793321237e+01 6.271181747484545355e+01 4.000000000000000000e+01
3.443857242552258668e+00 2.086982742750298048e+00 3.912475992406503789e+00 6.525587479334612473e-01 6.010096361850352054e+01 6.333519451532627187e+01 7.626029271416956590e+01 4.000000000000000000e+01
2.501653311125224821e+00 1.205795980044828575e+00 3.161059008221327460e+00 6.848701743548315513e-01 5.071993889131282884e+01 4.352603446944237220e+01 6.459474243412925887e+01 4.000000000000000000e+01
2.479980506953562092e+00 1.394409166081043816e+00 2.860317232550835698e+00 5.981893693015958302e-01 5.530351132616538479e+01 5.478137464600364837e+01 7.055103356874475651e+01 4.000000000000000000e+01
3.346195160597230434e+00 2.012870889457395229e+00 2.949529548092280518e+00 6.639657581059105196e-01 6.053409275508764864e+01 6.447318427368058735e+01 7.423332062734358772e+01 4.000000000000000000e+01
6.324555320336762598e+00 4.414762137551982768e+00 4.677035935828484092e+00 7.252959789623765197e-01 5.580400105617572137e+01 4.905454783635876481e+01 6.789668849812868245e+01 4.000000000000000000e+01
3.586363173595479736e+00 2.331298267369695143e+00 5.093598814438681011e+00 7.121712278265095453e-01 6.212412945296861722e+01 6.879193240144368815e+01 8.353003973099389157e+01 4.000000000000000000e+01
3.515112659837269060e+00 2.364233418058264480e+00 3.963050163179599572e+00 7.115134985550838342e-01 5.629642751294317549e+01 5.847414794620791412e+01 7.001393596714474654e+01 4.000000000000000000e+01
3.411189702003358359e+00 2.068763826264872208e+00 3.807111018614798947e+00 5.715562192783776307e-01 6.155947904602071219e+01 6.720562006746314410e+01 7.962605919661221776e+01 4.000000000000000000e+01
3.411189702003358359e+00 1.952017412925140416e+00 5.100224043202770119e+00 6.211459124735211335e-01 5.142922685184436915e+01 5.046391134952414603e+01 6.697357419452559668e+01 4.000000000000000000e+01
3.427873620019257661e+00 2.501701066586793587e+00 3.443846136050730866e+00 7.163954924088163922e-01 6.083704173440737861e+01 6.948121955253581916e+01 7.516733757863626408e+01 4.000000000000000000e+01
3.375437903527044092e+00 1.814507535798921545e+00 4.103157311142330066e+00 5.049563647996891946e-01 6.165627085326332946e+01 6.753415066658099875e+01 7.615237293450240941e+01 4.000000000000000000e+01
6.324555320336760822e+00 3.957522543505414436e+00 7.989940169610657783e+00 6.003373305325970799e-01 6.779309585725644638e+01 7.461274840079819626e+01 8.555456702585119899e+01 4.000000000000000000e+01
3.335914189305273503e+00 2.182607331451861477e+00 4.278264443056330357e+00 6.278492543764078171e-01 6.584547808099635802e+01 7.168121988581683013e+01 8.555528893664370571e+01 4.000000000000000000e+01
3.314454017339988567e+00 1.798898575799633637e+00 3.531327308398163112e+00 5.772336405286486727e-01 6.391376436574263664e+01 6.753988006029985058e+01 7.773848764461189376e+01 4.000000000000000000e+01
6.324555320336764375e+00 3.382375316409464538e+00 5.733910413412242058e+00 6.282639118709429926e-01 4.828718838002362190e+01 4.421556019065943843e+01 6.197825936239728861e+01 4.000000000000000000e+01
3.402564240911784665e+00 2.191613647543778853e+00 3.755987537884877270e+00 6.168274307796561828e-01 6.044413647533747991e+01 6.194826310005357328e+01 7.155051938602829864e+01 4.000000000000000000e+01
3.375437903527041428e+00 1.690381644697262375e+00 4.256865356904585340e+00 5.060779815934034476e-01 4.815118106039891188e+01 4.714234713442232305e+01 6.084400046927765260e+01 4.000000000000000000e+01
3.375437903527041428e+00 1.511220147349845444e+00 3.813372923516095359e+00 7.730681077476222463e-01 5.172816874900927075e+01 5.147880961669578426e+01 6.296316340762925989e+01 4.000000000000000000e+01
3.443857242552258668e+00 1.891388114075257088e+00 3.004265096857890782e+00 5.106354093595151245e-01 7.012326421052794956e+01 7.313003936672426164e+01 8.608665955970697325e+01 4.000000000000000000e+01
3.646778057984198629e+00 2.716568812094711571e+00 4.509592652826453829e+00 7.165269817285139231e-01 5.989701675557252258e+01 6.394744357792497880e+01 7.449799351572048067e+01 4.000000000000000000e+01
3.473953464439375249e+00 1.943875750633815791e+00 2.807727496168087367e+00 6.322797063559258968e-01 6.655897505331840591e+01 7.663209821401221689e+01 8.491719182698400914e+01 4.000000000000000000e+01
3.552343858581806124e+00 2.300642329105436534e+00 4.456140636825944412e+00 6.616618206568879446e-01 6.257627027744988624e+01 6.098844089121821099e+01 7.666868954357846633e+01 4.000000000000000000e+01
3.411189702003358359e+00 2.183579970358163536e+00 3.229905806404480106e+00 6.839432022363544084e-01 6.342766420244786474e+01 6.451988057868047122e+01 7.901320613315938601e+01 4.000000000000000000e+01
3.515112659837269060e+00 2.685434235826540839e+00 4.546791972009354588e+00 8.344737777094363151e-01 5.978562345340442619e+01 6.438443199674684081e+01 7.143163469737547189e+01 4.000000000000000000e+01
3.473953464439375249e+00 2.222275227093327477e+00 4.245020826905837374e+00 6.697611404544826508e-01 5.350085432393890983e+01 4.984107985664302021e+01 6.423861192872934112e+01 4.000000000000000000e+01
3.501871511350209687e+00 1.892491375937808806e+00 3.667691070988510660e+00 6.347405602132805136e-01 5.918839015895413525e+01 6.661174172474903799e+01 7.480643682284080853e+01 4.000000000000000000e+01
3.427873620019257661e+00 1.127994272526761543e+00 5.609675325430370840e+00 6.881939974042188268e-01 4.373890055568254098e+01 3.598522882230936659e+01 5.405489179860495597e+01 4.000000000000000000e+01
3.586363173595479736e+00 2.269055092407867402e+00 5.013509577679491791e+00 6.722370913101460843e-01 5.554264071202902642e+01 5.812343066997950558e+01 7.145938775974079249e+01 4.000000000000000000e+01
3.552343858581806124e+00 5.435783028893534929e-01 5.323389007329274669e+00 6.218176051023196482e-01 4.882025045612522973e+01 4.408775229215108737e+01 5.238411168625987813e+01 4.000000000000000000e+01
6.324555320336760822e+00 2.698841784774201891e+00 6.515756562726571666e+00 4.263429186386372138e-01 7.280130351556887547e+01 7.840969778346340036e+01 8.791059196257421604e+01 4.000000000000000000e+01
3.552343858581806124e+00 8.687087187400712729e-01 3.639462457045015142e+00 5.823500895407714983e-01 5.413064686194894648e+01 4.951532205345727533e+01 6.336232234193867185e+01 4.000000000000000000e+01
3.552343858581806124e+00 2.081804602023287210e+00 4.602607673493160689e+00 6.130727138274486565e-01 5.059890571263141368e+01 5.138422627565494594e+01 6.473300296456871195e+01 4.000000000000000000e+01
3.586363173595479736e+00 1.791985300134382841e+00 4.509745677522725593e+00 6.293817575246909435e-01 5.765656905235768903e+01 6.304580167029611459e+01 6.907544373053997333e+01 4.000000000000000000e+01
3.443857242552258668e+00 1.888148500369644545e+00 4.298073361155140937e+00 6.397504482655038682e-01 6.022143408280685151e+01 5.788697846690110538e+01 7.089164766154041786e+01 4.000000000000000000e+01
3.411189702003358359e+00 1.947924000163654412e+00 5.332169113981410469e+00 6.761786040061875669e-01 6.297706625086247811e+01 6.586557310358472250e+01 7.698896562538779165e+01 4.000000000000000000e+01
3.314454017339988567e+00 2.144451272856728874e+00 3.840552146107455211e+00 7.271451629373698600e-01 5.706454124250223714e+01 5.710584736451460941e+01 7.422611241532381143e+01 4.000000000000000000e+01
3.346195160597230434e+00 1.568152271077742244e+00 4.176239480848741081e+00 5.141857093164523551e-01 5.518420715866816550e+01 5.208648338578991144e+01 6.663293686635634572e+01 4.000000000000000000e+01
3.375437903527041428e+00 2.038005563390600461e+00 4.201772898040068149e+00 6.150420592302068279e-01 6.589140072165713491e+01 6.432783375615946397e+01 8.450985534392233944e+01 4.000000000000000000e+01
3.411189702003358359e+00 1.516575252333699719e+00 2.856040086783128373e+00 7.122490624374486767e-01 5.315491998860539269e+01 4.759079984061213509e+01 6.368304761074396936e+01 4.000000000000000000e+01
3.515112659837269060e+00 1.895694874373677452e+00 4.473304695135909448e+00 5.797921393481197949e-01 6.673831805604095280e+01 7.595519315398588844e+01 8.238629970357889931e+01 4.000000000000000000e+01
3.411189702003358359e+00 1.618351504773992255e+00 3.882946042387558361e+00 4.857073894153901006e-01 6.217342742904524044e+01 6.248142478329880589e+01 7.566479113408330193e+01 4.000000000000000000e+01
3.335914189305273503e+00 1.997451209984775433e+00 3.295304218418548370e+00 7.224879897539617790e-01 5.764189572433411257e+01 5.650615290912498523e+01 7.554321077779042071e+01 4.000000000000000000e+01
3.443857242552258668e+00 2.198705627040431487e+00 3.735763143509822193e+00 6.195144592204389067e-01 7.326734895671914671e+01 8.061644455417138033e+01 9.226691152747717695e+01 4.000000000000000000e+01
3.411189702003358359e+00 2.251597889886441717e+00 3.838079023544492596e+00 7.824437144437692560e-01 5.060131019593167423e+01 4.564057284106196022e+01 5.887394156192055306e+01 4.000000000000000000e+01
3.501871511350209687e+00 2.032031074598576570e+00 5.618993923325977136e+00 6.557674648012392637e-01 6.112364905698196083e+01 6.462479570308268251e+01 7.604679837926423147e+01 4.000000000000000000e+01
3.427873620019257661e+00 1.937863418402157922e+00 3.965510552720929116e+00 7.329866488158010007e-01 5.224479889704345936e+01 4.907547272814971961e+01 6.263390496695950560e+01 4.000000000000000000e+01
6.324555320336760822e+00 4.216050147930506142e+00 6.444413809340387544e+00 5.826670878199429193e-01 5.444988575376407169e+01 5.345208660331626049e+01 6.630120178091833338e+01 4.000000000000000000e+01
6.324555320336764375e+00 4.489615934032278766e+00 1.671231526484481122e+01 6.970200498355468843e-01 5.945451815259498574e+01 6.438110850986312528e+01 7.597173351593117729e+01 4.000000000000000000e+01
6.324555320336762598e+00 4.913054589216219625e+00 8.321202468746125902e+00 7.171894391352386933e-01 5.421157785062152357e+01 5.737475419120125508e+01 6.537552141105683745e+01 4.000000000000000000e+01
3.375437903527041428e+00 1.635324153889301524e+00 4.037835988125896947e+00 4.953737513078497745e-01 6.476822936700037303e+01 6.533697815043839796e+01 8.055920944520666183e+01 4.000000000000000000e+01
3.586363173595479736e+00 2.460741775089131167e+00 4.850196266097007936e+00 7.226072843149128344e-01 6.180429733285838978e+01 6.886180915324310092e+01 7.926137040516162813e+01 4.000000000000000000e+01
3.375437903527044092e+00 1.881488873785342797e+00 6.075359289138368979e+00 6.016593519414742408e-01 5.513610701664029534e+01 5.787376055006985354e+01 6.588549533692824411e+01 4.000000000000000000e+01
6.324555320336762598e+00 3.735881434154320058e+00 8.034893441109129952e+00 6.314464826406293030e-01 5.938873691580195668e+01 5.190375273553248547e+01 7.484380314668733547e+01 4.000000000000000000e+01
3.501871511350209687e+00 2.242891180437022847e+00 3.163585387790139869e+00 5.590004992940514894e-01 5.714118663509964335e+01 5.258736353697837984e+01 7.039860513530550179e+01 4.000000000000000000e+01
3.473953464439375249e+00 1.601364545931975414e+00 4.642282703846632330e+00 8.350370455952770277e-01 6.087004490102219734e+01 7.281668896173167127e+01 7.150040005104749241e+01 4.000000000000000000e+01
3.411189702003358359e+00 1.820151519768763437e+00 3.408952465455736380e+00 5.825849906054777483e-01 5.415019942518889451e+01 5.399101213687715273e+01 6.856678940101406283e+01 4.000000000000000000e+01
3.443857242552258668e+00 2.246952575411684805e+00 4.348102851096904864e+00 6.065564129487933664e-01 5.987868988684322602e+01 6.392166000750475519e+01 8.036290987736053637e+01 4.000000000000000000e+01
6.324555320336760822e+00 5.111312980239915760e+00 5.973710599266281562e+00 5.623464344758014599e-01 5.180084295603538891e+01 5.481390729127926420e+01 5.741405105322447611e+01 4.000000000000000000e+01
3.411189702003358359e+00 1.751583453251949418e+00 4.531093260592816918e+00 5.919524190567665434e-01 5.755605868052609964e+01 6.131147032687965748e+01 6.937209945394086219e+01 4.000000000000000000e+01
6.324555320336760822e+00 3.930160830996389354e+00 9.125411973491237561e+00 6.803334717247085939e-01 5.805711279378957812e+01 6.176616316963485076e+01 7.485244507469086273e+01 4.000000000000000000e+01
3.473953464439375249e+00 2.300606795493631562e+00 3.646148828189597513e+00 7.349680429396396875e-01 5.670202238934484740e+01 6.043185828477383126e+01 6.882555863375219474e+01 4.000000000000000000e+01
3.375437903527044092e+00 1.796673628990250515e+00 4.137454125570182661e+00 4.826879764584381394e-01 6.616503095362708109e+01 7.066843615049532445e+01 7.882094218661333684e+01 4.000000000000000000e+01
3.552343858581806124e+00 2.214828892017450368e+00 3.336328226486893200e+00 7.379799097591709378e-01 5.698457736667450746e+01 5.875434638356709627e+01 6.903632725177176610e+01 4.000000000000000000e+01
3.375437903527044092e+00 1.580840744583917878e+00 3.206480695957157234e+00 5.365374231669047811e-01 5.970988110485856737e+01 5.607132389645025228e+01 6.961383707840640511e+01 4.000000000000000000e+01
6.324555320336766151e+00 4.166345629869228517e+00 6.205353503976337670e+00 6.661696301303133838e-01 5.328043529407518974e+01 5.664335672121385556e+01 6.233289396443488073e+01 4.000000000000000000e+01
3.443857242552258668e+00 1.974992057541194557e+00 4.430091327542585056e+00 5.087191025621627949e-01 7.146590001842085371e+01 7.631801983355634889e+01 8.775239859530366004e+01 4.000000000000000000e+01
6.324555320336762598e+00 4.282803068375656608e+00 1.480589069057477936e+01 6.762129191733683431e-01 5.049617936666383144e+01 5.272378461037192210e+01 6.121736716602015349e+01 4.000000000000000000e+01
3.646778057984198629e+00 2.223190747702157744e+00 4.415504276337019363e+00 6.835072678268588886e-01 5.125178528249425369e+01 3.807755078060844767e+01 6.686198876265555668e+01 4.000000000000000000e+01
3.552343858581806124e+00 1.922397048992219970e+00 4.458706695292207201e+00 5.982217370616573771e-01 5.687086887142588409e+01 5.744717935963240052e+01 7.153722409010129013e+01 4.000000000000000000e+01
3.515112659837269060e+00 7.233055991898134085e-01 3.893948317137701398e+00 6.701803589111999804e-01 5.199044031771001784e+01 4.643405882465582124e+01 6.292847010457401780e+01 4.000000000000000000e+01
3.473953464439375249e+00 1.556969693232466367e+00 4.750537672062580263e+00 3.537280057909516495e-01 6.488956763871581757e+01 6.667439295460550852e+01 7.859735044915585434e+01 4.000000000000000000e+01
3.443857242552258668e+00 1.240936896694328384e+00 4.437651442604376051e+00 7.495175646973964989e-01 5.857075758563999557e+01 5.224307911115872827e+01 6.502598248232638412e+01 4.000000000000000000e+01
3.335914189305273503e+00 1.846083812897683307e+00 3.189534136691281052e+00 5.042920068021450319e-01 6.587008292233078066e+01 6.999335026999474962e+01 8.073536316900121790e+01 4.000000000000000000e+01
3.617704769439423096e+00 2.967159198971604628e+00 4.135657594297352802e+00 8.805802456271459855e-01 6.728233096238197675e+01 7.844911998723323165e+01 8.174923846106226222e+01 4.000000000000000000e+01
3.515112659837269060e+00 1.653504232574343868e+00 3.874733535154349706e+00 8.387192260679572353e-01 5.594085129829736047e+01 6.350674378612558257e+01 6.805866084005300820e+01 4.000000000000000000e+01
3.515112659837269060e+00 2.340179020111314845e+00 6.821813897270117444e+00 6.836976023361438504e-01 5.438707004631949360e+01 5.536177979735001742e+01 6.649293071258912846e+01 4.000000000000000000e+01
3.473953464439375249e+00 2.227160616488070843e+00 5.126732665471961603e+00 6.352106808607379529e-01 7.560800731772430083e+01 8.230173868699662876e+01 9.207196703306165375e+01 4.000000000000000000e+01
3.515112659837269060e+00 2.174596660941339632e+00 3.394493897906157187e+00 6.236866345245938303e-01 6.556331142408538426e+01 6.725680932901875053e+01 8.082943482292489534e+01 4.000000000000000000e+01
3.411189702003358359e+00 1.721417922793986088e+00 4.738152155788003306e+00 5.288720652704490544e-01 6.107495182699603475e+01 6.510718662756350739e+01 7.751659465498507018e+01 4.000000000000000000e+01
3.443857242552258668e+00 1.586326614112679723e+00 3.456713597885955558e+00 7.081479585915385622e-01 5.684798056411307954e+01 6.150195632276033564e+01 6.993490343241255403e+01 4.000000000000000000e+01
3.375437903527041428e+00 2.276102914150459178e+00 4.636053948321356977e+00 7.979828053538998711e-01 5.795364983326278008e+01 5.716263432529190425e+01 7.115968564458309231e+01 4.000000000000000000e+01
3.515112659837269060e+00 1.625842431332060745e+00 4.627262964875392903e+00 6.382827334632173999e-01 5.131098451211745726e+01 5.225023303497774663e+01 6.649845800570197696e+01 4.000000000000000000e+01
6.324555320336762598e+00 4.335584043345841465e+00 5.802599459647992397e+00 7.463401743451683057e-01 5.873995224377107860e+01 6.279836452088989773e+01 7.191898829500942725e+01 4.000000000000000000e+01
3.411189702003358359e+00 2.128312405570344623e+00 4.967104362837824638e+00 6.819362815771192743e-01 6.506045482934906943e+01 6.234689218063428484e+01 8.139695062902200107e+01 4.000000000000000000e+01
3.346195160597230434e+00 1.780266814834217115e+00 3.793962807755183686e+00 5.592308366550950982e-01 5.732897727335085847e+01 5.323162611850939641e+01 7.112675221857907104e+01 4.000000000000000000e+01
3.335914189305273503e+00 1.798959805271572288e+00 5.684286787699154964e+00 6.697697566918510148e-01 5.248701447668041453e+01 4.892050315461804644e+01 6.497833832676808186e+01 4.000000000000000000e+01
3.617704769439423096e+00 2.142158814257560717e+00 4.506831406453633448e+00 6.354031596751003041e-01 6.345937759500390740e+01 6.731148631553398332e+01 7.681216865335646560e+01 4.000000000000000000e+01
3.515112659837269060e+00 1.629881384863993032e+00 4.854703422956866632e+00 6.546910083892995003e-01 5.636711779952030099e+01 6.111383816602121044e+01 7.621900076736528717e+01 4.000000000000000000e+01
3.515112659837269060e+00 1.151113034364084298e+00 4.927203626696224248e+00 7.316887734199530868e-01 4.258122389465331992e+01 3.610219927103862858e+01 5.096686858227541705e+01 4.000000000000000000e+01
6.324555320336767927e+00 6.062986871522951127e+00 6.048458367163541460e+00 9.183595627098034564e-01 5.727846217860803080e+01 6.288677080937335262e+01 6.821659240957419001e+01 4.000000000000000000e+01
3.443857242552258668e+00 2.046674626162839683e+00 5.401215506967103508e+00 6.453167136503628054e-01 6.123571387737589333e+01 6.081212469248468011e+01 7.721515465125520450e+01 4.000000000000000000e+01
3.515112659837269060e+00 1.072860129353307768e+00 4.372916128488978593e+00 6.187187175984477649e-01 5.876223359621745601e+01 6.281442150797055746e+01 7.238793649816894060e+01 4.000000000000000000e+01
3.443857242552258668e+00 2.543717054892655760e+00 4.212438795628221655e+00 7.005813154358820904e-01 6.975913549060261687e+01 7.613785716081429200e+01 8.808732897039611487e+01 4.000000000000000000e+01
3.473953464439375249e+00 1.163054119700007938e+00 4.249733808037245097e+00 7.098590712133767688e-01 5.544916353618857841e+01 4.896729441859550747e+01 7.236549494419583084e+01 4.000000000000000000e+01
3.586363173595479736e+00 1.296363613065680376e+00 4.282142661911305659e+00 5.718185081278315263e-01 5.830623932803627696e+01 6.131837436357992033e+01 7.137770248921398775e+01 4.000000000000000000e+01
6.324555320336762598e+00 4.528458834494776930e+00 6.923844698225862793e+00 7.152058356335281308e-01 5.961447901539217042e+01 5.940060026799742587e+01 7.236062987954591108e+01 4.000000000000000000e+01
3.346195160597230434e+00 2.133107015608677770e+00 4.051593575461382990e+00 6.335563069539669190e-01 6.843297663299188116e+01 7.019954737583650228e+01 8.527888824902434806e+01 4.000000000000000000e+01
3.552343858581806124e+00 1.746020047075797832e+00 4.522848827921232662e+00 5.351343509372452623e-01 5.653260402177519950e+01 5.485070508849707238e+01 6.887775103746649563e+01 4.000000000000000000e+01
3.411189702003358359e+00 1.816519858295830181e+00 5.809028782522863921e+00 6.743812250234583194e-01 5.318226741906851629e+01 5.075344731073901983e+01 7.154928156781396353e+01 4.000000000000000000e+01
6.324555320336760822e+00 4.422437347844748068e+00 7.237750378413730701e+00 7.319284095275333524e-01 5.092098222521026685e+01 5.321992922025255268e+01 6.270293318995742027e+01 4.000000000000000000e+01
3.586363173595479736e+00 1.603296905881272716e+00 4.492440779535309403e+00 5.414942344513832273e-01 6.700981274297065227e+01 6.567250162941269309e+01 8.126138868082837519e+01 4.000000000000000000e+01
3.411189702003358359e+00 1.582659110319722284e+00 4.168461603016011985e+00 5.230512735793273471e-01 4.881572374563037187e+01 4.202387502125309027e+01 6.423523428937774327e+01 4.000000000000000000e+01
3.586363173595479736e+00 1.505896040842437777e+00 4.180694988467586803e+00 7.372381284814513158e-01 5.915973872742629425e+01 5.587182969846522695e+01 6.898477890768174348e+01 4.000000000000000000e+01
3.402564240911784665e+00 2.235972482625831148e+00 3.174766892882250779e+00 6.557197173325769457e-01 6.496748844343241558e+01 6.525908601536923470e+01 8.100495116290080944e+01 4.000000000000000000e+01
3.515112659837269060e+00 8.780788354283216579e-01 7.214140635530045031e+00 7.090800250078955758e-01 6.108657789299562779e+01 5.871005592929370920e+01 7.317825477863618744e+01 4.000000000000000000e+01
3.552343858581806124e+00 1.686161279585218109e+00 4.492890612507486559e+00 5.630177049575235682e-01 6.056160898530818315e+01 6.058134740174786970e+01 7.414803997709499583e+01 4.000000000000000000e+01
3.552343858581806124e+00 2.201635136120808856e+00 4.677440603925319351e+00 7.836277103119551057e-01 5.820530687392216151e+01 6.159161873098803142e+01 7.586958094485633808e+01 4.000000000000000000e+01
3.515112659837269060e+00 2.201072004569579743e+00 2.822504963476498485e+00 7.849367707037877562e-01 6.062135820759607441e+01 6.286925054232458621e+01 7.422651673145855966e+01 4.000000000000000000e+01
2.501653311125224821e+00 6.631870707843473545e-01 3.348537503698916673e+00 6.959975001201023082e-01 5.325952068240874837e+01 5.234970674216281594e+01 6.339387636312150676e+01 4.000000000000000000e+01
3.552343858581806124e+00 1.118519494995882102e+00 5.511271440162889057e+00 7.844258158566635997e-01 4.440555879096726244e+01 3.823972918765534956e+01 5.323027087054920514e+01 4.000000000000000000e+01
3.443857242552258668e+00 2.780550778335484363e+00 3.425413859517684401e+00 8.348243493197095022e-01 5.873459372784113697e+01 5.997363197569298876e+01 6.956803171194849256e+01 4.000000000000000000e+01
3.473953464439375249e+00 2.264828612304211841e+00 3.777482296303829923e+00 6.279717334785462901e-01 6.811304345720161280e+01 7.566631064081079217e+01 8.465017228273066507e+01 4.000000000000000000e+01
3.501871511350209687e+00 1.542293255738648172e+00 4.258151073246290608e+00 5.537057998883493370e-01 4.459177205446852099e+01 3.958725888053724873e+01 5.379528810371795089e+01 4.000000000000000000e+01
3.515112659837269060e+00 2.526097365459318844e+00 4.269182365522373956e+00 7.805390994125140924e-01 5.553096277785897428e+01 5.763973083981199608e+01 6.790067796922774335e+01 4.000000000000000000e+01
3.473953464439375249e+00 1.826859089667931979e+00 3.856699940359915146e+00 5.485711631036875868e-01 5.889459289333624525e+01 6.277250312052368741e+01 7.302161418591164477e+01 4.000000000000000000e+01
3.473953464439375249e+00 1.368251889326030479e+00 4.475557369759143533e+00 4.136869224877354756e-01 6.225829925989638980e+01 6.318519515516131690e+01 7.443088148469361442e+01 4.000000000000000000e+01
3.443857242552258668e+00 2.156550395876751125e+00 5.529399749466477054e+00 6.787122799435489906e-01 5.557793506010398232e+01 5.069898710032909861e+01 7.209613841699463421e+01 4.000000000000000000e+01
3.443857242552258668e+00 2.045757844034192363e+00 4.318449568154970386e+00 6.697333947506627361e-01 6.693569491385240156e+01 6.992286607783404406e+01 8.497548089292224915e+01 4.000000000000000000e+01
3.443857242552258668e+00 2.326012925226638828e+00 3.626881269907920480e+00 6.325930067845924043e-01 5.602134429820459616e+01 5.300648349103185808e+01 6.740928500242566201e+01 4.000000000000000000e+01
3.515112659837269060e+00 2.151250367254825768e+00 4.062993301127490575e+00 7.803960727513621354e-01 5.230458793558239705e+01 4.457406033520351230e+01 6.003621845562034309e+01 4.000000000000000000e+01
2.479980506953562092e+00 9.975442190773020634e-01 3.013132100315741635e+00 6.198435112171567507e-01 5.539460549298102165e+01 5.822290530212000448e+01 6.589758067450586054e+01 4.000000000000000000e+01
6.324555320336762598e+00 4.162826884279810180e+00 8.725731375924629774e+00 6.927155890312639563e-01 6.299657218027305561e+01 6.851117450864236957e+01 8.048386390282308867e+01 4.000000000000000000e+01
3.411189702003358359e+00 2.388599816257110042e+00 3.485670592560959236e+00 7.513180659965215114e-01 5.554999848243518557e+01 6.785070588325534402e+01 6.787479221064104706e+01 4.000000000000000000e+01
3.515112659837269060e+00 1.730448632780172025e+00 3.659057806220480824e+00 6.373832402831649535e-01 5.317035786554372834e+01 5.319584777131996844e+01 6.877779031722529623e+01 4.000000000000000000e+01
3.515112659837269060e+00 1.504900697224536232e+00 4.250808973672477897e+00 6.332539399620843446e-01 6.381178423061034266e+01 6.106101160355002833e+01 7.724818700267208271e+01 4.000000000000000000e+01
6.324555320336762598e+00 4.806653963789161210e+00 8.462329088115652098e+00 7.721423060289885898e-01 5.498292356724032004e+01 5.147407317504271873e+01 6.815778381080548343e+01 4.000000000000000000e+01
3.617704769439423096e+00 2.438585981408647907e+00 4.819870548392788834e+00 7.156816959931738831e-01 6.564663894925797649e+01 6.774295059651066708e+01 8.174148099823538871e+01 4.000000000000000000e+01
3.335914189305273503e+00 1.917480692805627163e+00 4.187991012506632416e+00 6.531201142559783790e-01 5.221761194084977120e+01 5.787179054887301533e+01 6.609896283356009405e+01 4.000000000000000000e+01
3.443857242552258668e+00 1.835816106151911153e+00 4.498780080182965158e+00 6.065196601948350530e-01 5.856848169510327295e+01 6.294572330977246111e+01 7.015348863379328748e+01 4.000000000000000000e+01
3.473953464439375249e+00 2.210056308836684025e+00 3.279225227472440274e+00 6.735913197275669173e-01 5.184806786969953407e+01 4.858262360661056789e+01 6.751198603963730704e+01 4.000000000000000000e+01
3.427873620019257661e+00 1.578914568261563955e+00 5.676789451956810950e+00 5.912434754287710925e-01 5.471594395960052282e+01 5.453170164614268600e+01 6.770319807987485206e+01 4.000000000000000000e+01
6.324555320336764375e+00 5.253064484310273841e+00 7.328524664763763852e+00 8.918355236823998222e-01 6.514714076843091561e+01 6.866038493023192757e+01 7.928664658709183755e+01 4.000000000000000000e+01
3.552343858581806124e+00 2.309469317522185428e+00 4.258193696588540966e+00 7.529529511394665864e-01 5.781875196042794585e+01 6.460774475639622949e+01 7.573169552424606366e+01 4.000000000000000000e+01
3.411189702003358359e+00 2.205772798687316349e+00 6.101691941670539521e+00 6.255985231957089665e-01 6.099621882648542481e+01 5.913838569285279334e+01 7.904707622086704077e+01 4.000000000000000000e+01
3.443857242552258668e+00 2.405784007046851691e+00 3.450633055660403237e+00 7.804673549225035201e-01 5.754351974385355817e+01 5.810215794450274274e+01 6.967872883641526016e+01 4.000000000000000000e+01
3.501871511350209687e+00 1.826656286107950500e+00 4.052598667638270591e+00 7.802245463449920537e-01 5.404950836585547336e+01 5.207733285058073847e+01 6.903932089009609285e+01 4.000000000000000000e+01
3.402564240911784665e+00 2.143750011769214758e+00 3.865607012831302480e+00 6.922003999645708339e-01 5.771289721523336169e+01 6.678769317779830317e+01 6.867121796990642224e+01 4.000000000000000000e+01
3.375437903527041428e+00 2.007771945844440520e+00 3.628853316055786316e+00 7.101951032854936230e-01 5.641926633290621851e+01 5.966455786052599564e+01 6.926064416089845110e+01 4.000000000000000000e+01
3.617704769439423096e+00 1.719728287857980487e+00 4.774959980404252846e+00 5.138797599986243414e-01 5.986507616127429543e+01 5.573120352859971405e+01 7.180116634007180210e+01 4.000000000000000000e+01
3.443857242552258668e+00 1.731223026649018060e+00 4.606211032585994403e+00 5.019516124913329103e-01 6.270654694986237132e+01 6.306837816774326910e+01 7.661791625038520692e+01 4.000000000000000000e+01
3.346195160597230434e+00 2.173183953237209032e+00 4.700803758098741625e+00 6.123032764427308594e-01 6.438659937620600715e+01 6.667148062087107974e+01 8.205837901537833545e+01 4.000000000000000000e+01
2.501653311125224821e+00 1.122217466911935579e+00 2.386734494906098458e+00 4.756626613233867484e-01 6.333029732734886608e+01 6.025673398542681980e+01 7.754891563272174437e+01 4.000000000000000000e+01
3.586363173595479736e+00 1.664870751156455331e+00 4.130191849587994568e+00 6.030115118680750008e-01 6.020503460570364496e+01 6.196703997794812580e+01 7.506872563121207520e+01 4.000000000000000000e+01
3.314454017339988567e+00 2.055315090180266147e+00 4.099066595534281099e+00 6.541086058352033605e-01 5.201056183678934985e+01 4.797445506028574158e+01 6.327522804336564377e+01 4.000000000000000000e+01
3.314454017339988567e+00 2.105290452480150343e+00 4.172748259719692321e+00 5.363283042833636438e-01 5.991253032969286352e+01 6.016242042797104261e+01 7.373961681129863166e+01 4.000000000000000000e+01
