3.375437903527041428e+00 2.028248818377899276e+00 3.865220194083570426e+00 7.119748176374972592e-01 5.792328042328043125e+01 6.137566137566138735e+01 4.908556442369042827e+01 4.000000000000000000e+01
3.443857242552258668e+00 2.001660449454772284e+00 3.826569576034747122e+00 6.320115499265372971e-01 6.354166666666667140e+01 6.822916666666667140e+01 5.212653256588751560e+01 4.000000000000000000e+01
3.443857242552258668e+00 1.677070295716691639e+00 3.879440233184598075e+00 7.183581214101721901e-01 6.621794871794871540e+01 6.871794871794871540e+01 5.323745143796924140e+01 4.000000000000000000e+01
3.375437903527044092e+00 2.013176623041764035e+00 3.893927697446324832e+00 6.325322177217049813e-01 6.369791666666667140e+01 6.510416666666667140e+01 5.259923050484963625e+01 4.000000000000000000e+01
3.501871511350209687e+00 1.788733401719940774e+00 4.288596719421820858e+00 5.546720269178843088e-01 7.121794871794871540e+01 7.641025641025640880e+01 5.590618251045733444e+01 4.000000000000000000e+01
3.411189702003358359e+00 1.895547298399654634e+00 4.166869038549060988e+00 5.836340737753424879e-01 7.015384615384616041e+01 7.615384615384616041e+01 5.585375321610909083e+01 4.000000000000000000e+01
3.552343858581806124e+00 1.925899902654524043e+00 4.118986756081982392e+00 6.193630051918070922e-01 6.947916666666667140e+01 7.760416666666667140e+01 5.773769428847336371e+01 4.000000000000000000e+01
3.346195160597230434e+00 1.665676872056108815e+00 3.838879360831922494e+00 6.252445437502950343e-01 6.182051282051282470e+01 5.948717948717947479e+01 5.060225580786063659e+01 4.000000000000000000e+01
3.552343858581806124e+00 2.231048536337767896e+00 3.997127637688650648e+00 6.955462428083487580e-01 6.350000000000000000e+01 7.200000000000000000e+01 5.423526774494851566e+01 4.000000000000000000e+01
3.501871511350209687e+00 2.035379869041061163e+00 3.738582305527422101e+00 6.887381029222348072e-01 5.560606060606062329e+01 4.949494949494949481e+01 4.594325495693524175e+01 4.000000000000000000e+01
3.375437903527041428e+00 2.088510992206866757e+00 3.281425626540831253e+00 6.704964812719970135e-01 5.946524064171123314e+01 5.828877005347592899e+01 4.819613637893210267e+01 4.000000000000000000e+01
3.515112659837269060e+00 1.905715043054125646e+00 4.627291734332507289e+00 7.475328236561631368e-01 5.687500000000001421e+01 5.572916666666665719e+01 4.966765690246504761e+01 4.000000000000000000e+01
3.443857242552258668e+00 2.097724229134709351e+00 4.065703964405432913e+00 7.161236868119099652e-01 5.530423280423281795e+01 5.185185185185186185e+01 4.731116041724197885e+01 4.000000000000000000e+01
3.473953464439375249e+00 1.818154420715833997e+00 3.988259563859947843e+00 6.494167461936533048e-01 5.902406417112299408e+01 5.240641711229945798e+01 4.805920101166289271e+01 4.000000000000000000e+01
3.335914189305273503e+00 2.004499625248186145e+00 3.649271297511926804e+00 6.707946637177112370e-01 6.381578947368419819e+01 6.526315789473683537e+01 5.335817574996361401e+01 4.000000000000000000e+01
3.314454017339988567e+00 1.700757922812028200e+00 3.989930972065297787e+00 5.939876321671719861e-01 6.315384615384614619e+01 6.615384615384614619e+01 5.041723770430775176e+01 4.000000000000000000e+01
3.473953464439375249e+00 1.075985288632310910e+00 4.182957248428630592e+00 7.170017945506194090e-01 5.479166666666667140e+01 5.572916666666667140e+01 4.407000124268315489e+01 4.000000000000000000e+01
3.646778057984198629e+00 1.508892993092754597e+00 4.223079600782940979e+00 7.243204264539245818e-01 5.423280423280423435e+01 4.947089947089948225e+01 4.577157753965308729e+01 4.000000000000000000e+01
3.375437903527041428e+00 1.910546008699930409e+00 3.457162402630567399e+00 7.241642482385894919e-01 5.574494949494949481e+01 5.176767676767676107e+01 4.802959786031916423e+01 4.000000000000000000e+01
6.324555320336764375e+00 4.472135954999575169e+00 7.059185631263979133e+00 7.552659653675538598e-01 6.119565217391303946e+01 6.032608695652172059e+01 5.592832116090552574e+01 4.000000000000000000e+01
3.375437903527041428e+00 1.808852384719711770e+00 4.252358260316532856e+00 6.357449461766713217e-01 5.843582887700535622e+01 5.240641711229945798e+01 4.874276502059588267e+01 4.000000000000000000e+01
6.324555320336762598e+00 3.999999999999992006e+00 7.098779591830449931e+00 6.825675830914141873e-01 6.131578947368419819e+01 5.736842105263158231e+01 5.184225396627090987e+01 4.000000000000000000e+01
3.473953464439375249e+00 2.257970070630193060e+00 3.715889605745275048e+00 6.741105342326849659e-01 6.667112299465240710e+01 7.005347593582887100e+01 5.557175228435388448e+01 4.000000000000000000e+01
3.375437903527041428e+00 1.704796316807652090e+00 3.941786620939535357e+00 7.424434918552861307e-01 4.923913043478260931e+01 4.293478260869564167e+01 4.158381412573999114e+01 4.000000000000000000e+01
3.552343858581806124e+00 1.859181407148053244e+00 4.027155816973754021e+00 7.466049753059711414e-01 5.358585858585858119e+01 4.722222222222222143e+01 4.656105124620277991e+01 4.000000000000000000e+01
3.552343858581806124e+00 2.374120429383758779e+00 3.837557910209401069e+00 7.442743231733117693e-01 6.086956521739131176e+01 6.467391304347823677e+01 5.335850126945218364e+01 4.000000000000000000e+01
3.473953464439375249e+00 1.526556599311595042e+00 4.252027896641233262e+00 5.963530443487713439e-01 6.621794871794871540e+01 6.871794871794871540e+01 5.226798575981722195e+01 4.000000000000000000e+01
3.473953464439375249e+00 1.752156350149172592e+00 4.025095837268956700e+00 6.799545149710595204e-01 6.276315789473684248e+01 6.789473684210526017e+01 5.248756106563764945e+01 4.000000000000000000e+01
3.473953464439375249e+00 2.324925356022608192e+00 4.072558411637921871e+00 6.863637482178273075e-01 6.575000000000000000e+01 6.950000000000000000e+01 5.705512870347493504e+01 4.000000000000000000e+01
3.586363173595479736e+00 1.110801872846666205e+00 4.442146830078405273e+00 6.803309750975092829e-01 5.760416666666667140e+01 5.572916666666667140e+01 4.609604428841164747e+01 4.000000000000000000e+01
3.314454017339988567e+00 1.671709685580633042e+00 3.835408167165211157e+00 6.088489915630390659e-01 5.832051282051281049e+01 5.948717948717947479e+01 4.669236987712624654e+01 4.000000000000000000e+01
3.586363173595479736e+00 1.766814295460856776e+00 4.406221086662347020e+00 6.206097419690018713e-01 6.291666666666667140e+01 6.510416666666667140e+01 5.133729422134074127e+01 4.000000000000000000e+01
3.473953464439375249e+00 1.490182215342446881e+00 4.175180522308495235e+00 6.152074658191392098e-01 5.725935828877005207e+01 5.240641711229945798e+01 4.646020036867040659e+01 4.000000000000000000e+01
6.324555320336762598e+00 4.242640687119283882e+00 6.716275908136009498e+00 7.038395009990497941e-01 6.113756613756613945e+01 5.661375661375662105e+01 5.259858170803115485e+01 4.000000000000000000e+01
3.375437903527041428e+00 2.221656334876680461e+00 3.774857474490179499e+00 7.230607072915500311e-01 5.938131313131312794e+01 5.404040404040403445e+01 5.088515726462100019e+01 4.000000000000000000e+01
3.375437903527044092e+00 2.180366873186255550e+00 3.645499752090267442e+00 6.900546279863474242e-01 6.437500000000000000e+01 6.950000000000000000e+01 5.609373814423756244e+01 4.000000000000000000e+01
3.427873620019257661e+00 1.541175794948506317e+00 4.459189648010367435e+00 6.514042848064984792e-01 5.815789473684210265e+01 6.000000000000000000e+01 4.861128285092171097e+01 4.000000000000000000e+01
3.411189702003358359e+00 1.873699206176521415e+00 3.669094678675818066e+00 6.991148094595476259e-01 5.850000000000000000e+01 6.450000000000000000e+01 5.005539774689590615e+01 4.000000000000000000e+01
6.324555320336762598e+00 4.582575694955836276e+00 7.115685436727111401e+00 7.898597062924852530e-01 5.829670329670329920e+01 6.291208791208790529e+01 5.311839350512732238e+01 4.000000000000000000e+01
3.473953464439375249e+00 2.032327007319318923e+00 4.158714296918025077e+00 7.182351177114053575e-01 6.051767676767676107e+01 7.222222222222221433e+01 5.289163398648014436e+01 4.000000000000000000e+01
3.411189702003358359e+00 1.641711143305435439e+00 3.900144927996247901e+00 6.815415412895245995e-01 6.265384615384614619e+01 6.282051282051281049e+01 5.040112210716302599e+01 4.000000000000000000e+01
3.411189702003358359e+00 1.841063440183751343e+00 3.765081649563147170e+00 6.320703326637131525e-01 6.398717948717948190e+01 6.948717948717947479e+01 5.173153129699333164e+01 4.000000000000000000e+01
3.552343858581806124e+00 2.404360129866433660e+00 3.786199004617652797e+00 7.424846823016294506e-01 6.152173913043477427e+01 6.684782608695651618e+01 5.363537950567529577e+01 4.000000000000000000e+01
3.375437903527041428e+00 1.662902403554703090e+00 3.846287108077081296e+00 8.056844185465691366e-01 4.869565217391303946e+01 4.293478260869564167e+01 4.114953731227549838e+01 4.000000000000000000e+01
3.527919570223205792e+00 1.837271209598740240e+00 3.912320197791534948e+00 5.260053922136668225e-01 7.864583333333334281e+01 8.281250000000000000e+01 6.222618781340363370e+01 4.000000000000000000e+01
3.552343858581806124e+00 2.310336163184762981e+00 3.801250272796385499e+00 7.295853058682443271e-01 6.280423280423281795e+01 6.375661375661375985e+01 5.576807582160325438e+01 4.000000000000000000e+01
3.411189702003358359e+00 2.180097349679701146e+00 3.761171387721360837e+00 7.094499683330179884e-01 6.328042328042329956e+01 7.328042328042329245e+01 5.439394235388443377e+01 4.000000000000000000e+01
3.552343858581806124e+00 1.112983381783869907e+00 4.397841408361119697e+00 6.959149714952954646e-01 5.270053475935829113e+01 5.240641711229945798e+01 4.268366337074228056e+01 4.000000000000000000e+01
3.443857242552258668e+00 1.843184091167010319e+00 3.687436458655068972e+00 5.860806357721670690e-01 6.448979591836736347e+01 5.663265306122450227e+01 5.224612198356028614e+01 4.000000000000000000e+01
3.473953464439375249e+00 2.003772170411082243e+00 3.705060656752372950e+00 6.537598893172096304e-01 6.810606060606062329e+01 7.727272727272729469e+01 5.690119946146275254e+01 4.000000000000000000e+01
3.515112659837269060e+00 1.674263913017831173e+00 3.742979588336402763e+00 5.531495474835759207e-01 6.648717948717947479e+01 6.948717948717947479e+01 5.316150293051178011e+01 4.000000000000000000e+01
3.473953464439375249e+00 1.966307221637435099e+00 4.033797299818743021e+00 7.434074630619409429e-01 5.843750000000000000e+01 6.614583333333332860e+01 5.112886380386679264e+01 4.000000000000000000e+01
3.617704769439423096e+00 1.120509284415516449e+00 4.332017527884580943e+00 6.130018582494517476e-01 6.288265306122450937e+01 6.377551020408164817e+01 5.008883652832631839e+01 4.000000000000000000e+01
3.375437903527041428e+00 2.126565783894683648e+00 3.599511155016637431e+00 7.069397311840964759e-01 5.804232804232805165e+01 6.137566137566138735e+01 4.942743450015306905e+01 4.000000000000000000e+01
3.552343858581806124e+00 1.125468495890699083e+00 4.285291668798100417e+00 7.147976461449805363e-01 6.038265306122449516e+01 5.663265306122450227e+01 4.833052627895321507e+01 4.000000000000000000e+01
3.617704769439423096e+00 1.433224397705642694e+00 4.574332470472171508e+00 6.773413805430111845e-01 6.298717948717948190e+01 7.282051282051281760e+01 5.152353125250770915e+01 4.000000000000000000e+01
6.324555320336764375e+00 4.472135954999575169e+00 6.641462546259152333e+00 7.825016596548090009e-01 5.512362637362638651e+01 4.945054945054945250e+01 4.889625739268632998e+01 4.000000000000000000e+01
3.552343858581806124e+00 1.137802099012130030e+00 4.253432700931925936e+00 7.499512826707797064e-01 5.029040404040403445e+01 4.949494949494948770e+01 4.288378947176519773e+01 4.000000000000000000e+01
3.443857242552258668e+00 1.714291332176332450e+00 4.032896969619262251e+00 6.659832572006137985e-01 5.486842105263157521e+01 5.210526315789473983e+01 4.506455064494283391e+01 4.000000000000000000e+01
3.473953464439375249e+00 1.818154420715833330e+00 4.429021064317386625e+00 6.517233504198136629e-01 6.505050505050506615e+01 7.171717171717173755e+01 5.445411860845834440e+01 4.000000000000000000e+01
3.411189702003358359e+00 1.537562534473997822e+00 3.594628218336920256e+00 6.204946022758279778e-01 7.176767676767676107e+01 7.222222222222221433e+01 5.576684390251003975e+01 4.000000000000000000e+01
3.375437903527041428e+00 2.056048603489954996e+00 3.641667994838503564e+00 7.216734864577203368e-01 5.447368421052631504e+01 5.210526315789473983e+01 4.495916176526390728e+01 4.000000000000000000e+01
3.411189702003358359e+00 1.970731044447522562e+00 3.884338654601898977e+00 6.570790763272076340e-01 6.078877005347593609e+01 5.828877005347592899e+01 5.043754992019073313e+01 4.000000000000000000e+01
3.473953464439375249e+00 1.903238187682962490e+00 4.122996868658155734e+00 6.563999971053290361e-01 5.917112299465241421e+01 5.828877005347592899e+01 4.938131754541749530e+01 4.000000000000000000e+01
6.324555320336762598e+00 4.358898943540670423e+00 6.946948398793461266e+00 7.535407814714003560e-01 5.880434782608695343e+01 6.032608695652172059e+01 5.211373450729656298e+01 4.000000000000000000e+01
3.552343858581806124e+00 1.199703809139188948e+00 4.056614283533550136e+00 7.677757230754561624e-01 5.399470899470900065e+01 4.708994708994709555e+01 4.624318467204908956e+01 4.000000000000000000e+01
3.515112659837269060e+00 1.652527247744834282e+00 4.190717489084174296e+00 7.132627000254172511e-01 5.855263157894737702e+01 5.736842105263158231e+01 4.986540773347662991e+01 4.000000000000000000e+01
3.427873620019257661e+00 1.727854467380974368e+00 4.107388387930179796e+00 7.232180830595794641e-01 5.475000000000000000e+01 5.450000000000000000e+01 4.593531540014463133e+01 4.000000000000000000e+01
3.552343858581806124e+00 1.112983381783869241e+00 4.131323098152701156e+00 6.691165179724027912e-01 5.814171122994652308e+01 5.240641711229945798e+01 4.795129776724992610e+01 4.000000000000000000e+01
3.515112659837269060e+00 1.749761020847798276e+00 3.975989432835001836e+00 6.904286826515193543e-01 5.950000000000000000e+01 6.450000000000000000e+01 5.084878181992929314e+01 4.000000000000000000e+01
3.617704769439423096e+00 2.010677303069754895e+00 3.970189898446473187e+00 7.553613933225730159e-01 6.163043478260868824e+01 6.032608695652172059e+01 5.460819161327921023e+01 4.000000000000000000e+01
3.375437903527041428e+00 1.876028259098334150e+00 3.779270834744783425e+00 6.971895417976726739e-01 6.315384615384616041e+01 6.282051282051281049e+01 5.245776255045049652e+01 4.000000000000000000e+01
3.314454017339988567e+00 2.250151742440452463e+00 3.600318903448549435e+00 6.752038947107199540e-01 6.671052631578946546e+01 7.315789473684210975e+01 5.618679395417144207e+01 4.000000000000000000e+01
3.402564240911784665e+00 1.998312524766582721e+00 3.443047392086174607e+00 6.068348372352444509e-01 6.306122448979593287e+01 5.663265306122450227e+01 5.005586954887189677e+01 4.000000000000000000e+01
3.617704769439423096e+00 1.146176414088218021e+00 4.542733971871274257e+00 6.853596970627129359e-01 5.913265306122449516e+01 5.663265306122450227e+01 4.669595371931720962e+01 4.000000000000000000e+01
3.443857242552258668e+00 2.022563741355297928e+00 3.834519655567627527e+00 6.733810469921170938e-01 5.931818181818180591e+01 5.828877005347592899e+01 4.864506090787980241e+01 4.000000000000000000e+01
3.411189702003358359e+00 1.849373308598326826e+00 4.108544569814046810e+00 6.338758678697159477e-01 6.479166666666667140e+01 6.822916666666667140e+01 5.283919990377820142e+01 4.000000000000000000e+01
3.335914189305273503e+00 1.624504792712471168e+00 3.955074386085845273e+00 7.295821849936756642e-01 6.198717948717947479e+01 6.282051282051281049e+01 4.988255416304576073e+01 4.000000000000000000e+01
3.586363173595479736e+00 2.180118638757343241e+00 4.432855829061057129e+00 7.428271600790679052e-01 5.826086956521738358e+01 5.597826086956520442e+01 5.042047149154898023e+01 4.000000000000000000e+01
3.473953464439375249e+00 1.671917604155872983e+00 4.090761306061817315e+00 5.895493821973459836e-01 6.564102564102563520e+01 6.871794871794871540e+01 5.198576174279786244e+01 4.000000000000000000e+01
3.515112659837269060e+00 1.101318490338617728e+00 4.203911355752664392e+00 6.924425838464578487e-01 5.798717948717947479e+01 5.282051282051281049e+01 4.643486793922873801e+01 4.000000000000000000e+01
3.346195160597230434e+00 2.175628020780583149e+00 3.863800248803063830e+00 6.308573987350873935e-01 6.979166666666667140e+01 7.447916666666667140e+01 5.695241446647384720e+01 4.000000000000000000e+01
3.473953464439375249e+00 1.933182044931761379e+00 3.350895004702583169e+00 5.445059774652117879e-01 7.114583333333334281e+01 7.447916666666667140e+01 5.628795926409357975e+01 4.000000000000000000e+01
3.314454017339988567e+00 2.154300006675954116e+00 4.065264686941997496e+00 7.011575629752241356e-01 5.987500000000000000e+01 6.950000000000000000e+01 5.087939906607354601e+01 4.000000000000000000e+01
3.515112659837269060e+00 2.030769980163650956e+00 3.922357017245011068e+00 6.879329315308246873e-01 6.157894736842105488e+01 6.789473684210526017e+01 5.328979123122084616e+01 4.000000000000000000e+01
3.375437903527044092e+00 1.982381334079510671e+00 3.621015750599994476e+00 6.424355100922783945e-01 6.152406417112299408e+01 6.122994652406416094e+01 5.011893351224537696e+01 4.000000000000000000e+01
3.411189702003358359e+00 1.898255331072268515e+00 4.043273018069150737e+00 6.860894833800265102e-01 5.881578947368421240e+01 6.263157894736841769e+01 5.054315467091684155e+01 4.000000000000000000e+01
3.314454017339988567e+00 2.141787294072986736e+00 3.928903551705952957e+00 6.844886914796617372e-01 6.460526315789473983e+01 7.315789473684210975e+01 5.445502720603942493e+01 4.000000000000000000e+01
3.411189702003358359e+00 1.746365233043244869e+00 3.655707809249562956e+00 5.966080638462811780e-01 6.465384615384614619e+01 6.615384615384614619e+01 5.209694011951841475e+01 4.000000000000000000e+01
3.515112659837269060e+00 1.953295737851168168e+00 4.136150681007400465e+00 7.007408085368024286e-01 5.661375661375662105e+01 5.661375661375662105e+01 4.793083372533610742e+01 4.000000000000000000e+01
3.473953464439375249e+00 1.971586212208531252e+00 4.159073005046299620e+00 6.802183608058530728e-01 6.650000000000000000e+01 6.950000000000000000e+01 5.604087686438347049e+01 4.000000000000000000e+01
6.324555320336766151e+00 4.123105625617651704e+00 6.504835543810894016e+00 7.337340250588617607e-01 5.574494949494949481e+01 5.858585858585858119e+01 4.886929243294259351e+01 4.000000000000000000e+01
3.443857242552258668e+00 2.169670776338977980e+00 3.858691028688611357e+00 6.566927177768638879e-01 6.520053475935829113e+01 7.005347593582887100e+01 5.427478065263871088e+01 4.000000000000000000e+01
3.300951334040937990e+00 1.942176344196980819e+00 3.515672020404393638e+00 6.615414293100697618e-01 5.858288770053476213e+01 6.122994652406416094e+01 4.895376787056470391e+01 4.000000000000000000e+01
3.411189702003358359e+00 1.988061874855057365e+00 3.857339757169928163e+00 6.944430176855516113e-01 6.025000000000000000e+01 6.700000000000000000e+01 5.158051717656303481e+01 4.000000000000000000e+01
3.279716080596871919e+00 1.894775389715233516e+00 3.519723483625852634e+00 5.855705470621026532e-01 6.832051282051281760e+01 6.948717948717947479e+01 5.493103457433893766e+01 4.000000000000000000e+01
3.443857242552258668e+00 1.767159073458801855e+00 3.952150077723091126e+00 6.052498179075165297e-01 6.682051282051281760e+01 6.615384615384614619e+01 5.397203126147418573e+01 4.000000000000000000e+01
2.456456052231581921e+00 1.047525337235331255e+00 2.954233606362307807e+00 6.373591015836481688e-01 6.621794871794871540e+01 6.871794871794871540e+01 5.223250052638904606e+01 4.000000000000000000e+01
3.375437903527041428e+00 2.301465214062138998e+00 3.604074689318057079e+00 7.261403818409603028e-01 6.324494949494949481e+01 6.767676767676768179e+01 5.464541286203951387e+01 4.000000000000000000e+01
3.375437903527041428e+00 1.564761915030063788e+00 4.114685898883918114e+00 6.921447670726852408e-01 6.382051282051281049e+01 6.615384615384614619e+01 5.188980414536320040e+01 4.000000000000000000e+01
3.375437903527041428e+00 1.849265507988584911e+00 3.764380836311798983e+00 6.414870346148685565e-01 6.354166666666667140e+01 6.822916666666667140e+01 5.335207727720112558e+01 4.000000000000000000e+01
3.375437903527041428e+00 1.702468100894255487e+00 3.621883322033791153e+00 6.260483209885910894e-01 6.573979591836736347e+01 7.091836734693877986e+01 5.269527702655410195e+01 4.000000000000000000e+01
3.375437903527041428e+00 1.351957429521881915e+00 4.119334891244899488e+00 7.053448275566246428e-01 5.616161616161618753e+01 4.949494949494949481e+01 4.619772870827068090e+01 4.000000000000000000e+01
3.586363173595479736e+00 2.170357000289939720e+00 4.181126657853830864e+00 7.246728227569677605e-01 5.688131313131312794e+01 5.858585858585858119e+01 4.887178402186411574e+01 4.000000000000000000e+01
3.552343858581806124e+00 1.150058581918814493e+00 4.304449637728436251e+00 7.394833402159866065e-01 5.979166666666667140e+01 6.197916666666667140e+01 4.930225175978142715e+01 4.000000000000000000e+01
3.552343858581806124e+00 1.646770741417438400e+00 4.276062281954165378e+00 6.015685553502616578e-01 6.494791666666667140e+01 6.197916666666667140e+01 5.364219078840213228e+01 4.000000000000000000e+01
3.346195160597230434e+00 2.239423773147209307e+00 3.648832936052434750e+00 6.538953719584366109e-01 6.622994652406417515e+01 7.593582887700534911e+01 5.566106763547662695e+01 4.000000000000000000e+01
3.473953464439375249e+00 1.907167413928592570e+00 3.971837163342772481e+00 6.847905536938372340e-01 5.421052631578947256e+01 5.210526315789473983e+01 4.516802203259868520e+01 4.000000000000000000e+01
3.443857242552258668e+00 2.438201790171425909e+00 3.812230300612213796e+00 6.868073334567121879e-01 7.100000000000000000e+01 8.450000000000000000e+01 6.032583863983573025e+01 4.000000000000000000e+01
3.411189702003358359e+00 1.463259159663223841e+00 4.123711060969561082e+00 6.767424136859757633e-01 6.163265306122449516e+01 6.020408163265307877e+01 4.858039132014127404e+01 4.000000000000000000e+01
3.427873620019257661e+00 1.575952708124078727e+00 4.268513515903300082e+00 6.846413286420799382e-01 5.907894736842105488e+01 5.736842105263158231e+01 4.903800153681936536e+01 4.000000000000000000e+01
3.443857242552258668e+00 2.348115377162790285e+00 3.837251492515026285e+00 7.219180616627562941e-01 6.381313131313130782e+01 7.222222222222221433e+01 5.560183931903542742e+01 4.000000000000000000e+01
3.473953464439375249e+00 1.631433355863006307e+00 3.903740592298689194e+00 7.516442910966857349e-01 4.837500000000000000e+01 4.200000000000000000e+01 3.969926322828784748e+01 4.000000000000000000e+01
3.443857242552258668e+00 1.943283315726146210e+00 4.106133539478372008e+00 6.211099326179512214e-01 6.854166666666667140e+01 7.447916666666667140e+01 5.605819861204977173e+01 4.000000000000000000e+01
3.411189702003358359e+00 1.841063440183750899e+00 4.056260213914193002e+00 6.223546418780880884e-01 6.240641711229945798e+01 6.417112299465239289e+01 5.072340783115651419e+01 4.000000000000000000e+01
3.473953464439375249e+00 1.834629509284802618e+00 3.553714278532296600e+00 6.122838284114008323e-01 6.679487179487179560e+01 6.871794871794871540e+01 5.294336591353786048e+01 4.000000000000000000e+01
3.427873620019257661e+00 1.387930416870789552e+00 4.619940184213731094e+00 7.586828428821520420e-01 5.949494949494950902e+01 6.338383838383838764e+01 5.021782475533570533e+01 4.000000000000000000e+01
3.314454017339988567e+00 1.760399706158279898e+00 3.875690106421577852e+00 5.649509467052461487e-01 6.765384615384616041e+01 7.282051282051281760e+01 5.443959704721366677e+01 4.000000000000000000e+01
3.375437903527041428e+00 1.414213562373094701e+00 4.095712116906975453e+00 4.579001432005372352e-01 6.989583333333334281e+01 7.031250000000000000e+01 5.479227738925462887e+01 4.000000000000000000e+01
2.479980506953562092e+00 1.051352603312927014e+00 2.896834240287702755e+00 6.922112837437208732e-01 5.788265306122449516e+01 5.306122448979593287e+01 4.486885412200739864e+01 4.000000000000000000e+01
3.617704769439423096e+00 1.938679983588076139e+00 4.206902093765335415e+00 6.665601978826372065e-01 5.907894736842105488e+01 5.736842105263158231e+01 4.940061224246925065e+01 4.000000000000000000e+01
3.335914189305273503e+00 1.588910878417341355e+00 4.010489107756427529e+00 6.113268734497609991e-01 5.994791666666667140e+01 5.572916666666667140e+01 4.861366024720213375e+01 4.000000000000000000e+01
2.479980506953562092e+00 1.191966111944893436e+00 3.195869431005719186e+00 7.113443147321223403e-01 5.791666666666667140e+01 6.197916666666667140e+01 4.664504931684792410e+01 4.000000000000000000e+01
3.552343858581806124e+00 1.360126211645745098e+00 4.167786528844608540e+00 6.051388040302624338e-01 6.322916666666667140e+01 6.822916666666667140e+01 5.187630876588560369e+01 4.000000000000000000e+01
3.473953464439375249e+00 1.859291866106440594e+00 4.395681541621637045e+00 6.961276870850592324e-01 5.631578947368421240e+01 5.736842105263158231e+01 4.745753656330045089e+01 4.000000000000000000e+01
3.586363173595479736e+00 2.110103728469562512e+00 3.732352160327825796e+00 6.967414204155261137e-01 5.802631578947368496e+01 5.473684210526315752e+01 4.889026390006994660e+01 4.000000000000000000e+01
3.515112659837269060e+00 2.349237886176040124e+00 4.058475287106420026e+00 7.487742372950217939e-01 6.427083333333335702e+01 7.031250000000000000e+01 5.732329759360653298e+01 4.000000000000000000e+01
3.473953464439375249e+00 1.561893344288867613e+00 4.550973020061087837e+00 6.663976405903075939e-01 6.229166666666667140e+01 6.822916666666667140e+01 5.104436867215517992e+01 4.000000000000000000e+01
3.443857242552258668e+00 1.858694536616171122e+00 3.779890397014832093e+00 5.765507021307579860e-01 7.025641025641024839e+01 7.641025641025640880e+01 5.738681726226128887e+01 4.000000000000000000e+01
3.375437903527041428e+00 1.260848940655623585e+00 4.044066573987802116e+00 6.485750740517197688e-01 6.275641025641024839e+01 6.102564102564102910e+01 4.962054261891556450e+01 4.000000000000000000e+01
3.515112659837269060e+00 1.731712879298162422e+00 4.057811363335575905e+00 7.212363296027948234e-01 5.790404040404038710e+01 5.858585858585858119e+01 5.013791953245792143e+01 4.000000000000000000e+01
3.300951334040937990e+00 1.808457337998221393e+00 3.559206246828258369e+00 6.215244817911751429e-01 5.782051282051282470e+01 5.282051282051281049e+01 4.556205196477449704e+01 4.000000000000000000e+01
3.346195160597230434e+00 2.202409254368609570e+00 3.795525099382082601e+00 6.381398424562332305e-01 7.696524064171124735e+01 9.064171122994653729e+01 6.420639740532817541e+01 4.000000000000000000e+01
3.291665350506605581e+00 2.048424089272098403e+00 4.098453549086428893e+00 7.563960911167902923e-01 5.445652173913043015e+01 5.163043478260868113e+01 4.633973449151429946e+01 4.000000000000000000e+01
3.515112659837269060e+00 1.544643151707930206e+00 4.539546235529674512e+00 5.557212728091625031e-01 7.020408163265307167e+01 7.091836734693877986e+01 5.634944051448006519e+01 4.000000000000000000e+01
3.411189702003358359e+00 1.923816967611921669e+00 3.670340903190454362e+00 5.945491181873471254e-01 6.479166666666667140e+01 6.510416666666667140e+01 5.275241526463528885e+01 4.000000000000000000e+01
3.375437903527041428e+00 1.933825096691496492e+00 3.698445336961825536e+00 7.689866308685425755e-01 6.026041666666667140e+01 6.822916666666667140e+01 4.931525697494181770e+01 4.000000000000000000e+01
2.479980506953562092e+00 1.273841085693032671e+00 2.959895861992896116e+00 5.705827167618785500e-01 6.681122448979593287e+01 7.091836734693877986e+01 5.343095631951065627e+01 4.000000000000000000e+01
3.443857242552258668e+00 2.301616105004169910e+00 3.610727866418078413e+00 7.456593613152450173e-01 5.654040404040403445e+01 5.404040404040403445e+01 5.011097738848314265e+01 4.000000000000000000e+01
3.552343858581806124e+00 1.836951989432428878e+00 4.108658847183506602e+00 6.551154857586474201e-01 6.475935828877005918e+01 7.005347593582887100e+01 5.399512946427232407e+01 4.000000000000000000e+01
3.473953464439375249e+00 2.188631751927590852e+00 3.845328493317854868e+00 6.621696519726143482e-01 7.157828282828283761e+01 7.727272727272729469e+01 6.049574843060467089e+01 4.000000000000000000e+01
3.552343858581806124e+00 2.177815699171675501e+00 4.231299911789083268e+00 6.737493139200644299e-01 6.842105263157894512e+01 7.052631578947368496e+01 5.794302274920433860e+01 4.000000000000000000e+01
3.375437903527041428e+00 1.782602457966002918e+00 4.294580347921408858e+00 5.836843961787429036e-01 7.032051282051281760e+01 7.282051282051281760e+01 5.634737777171690709e+01 4.000000000000000000e+01
3.443857242552258668e+00 2.084317161178869338e+00 3.878540870492139359e+00 6.893335098813149209e-01 6.065789473684211686e+01 6.526315789473683537e+01 5.146555421402648278e+01 4.000000000000000000e+01
3.411189702003358359e+00 1.516391870162944855e+00 3.567250302905189407e+00 7.272818114315788840e-01 5.415384615384614619e+01 4.948717948717948190e+01 4.200949041312189536e+01 4.000000000000000000e+01
3.515112659837269060e+00 1.226675162881575298e+00 4.463781097072958559e+00 8.327062815869942236e-01 5.187500000000001421e+01 4.322916666666667140e+01 4.459305037522977955e+01 4.000000000000000000e+01
3.327479068260029926e+00 1.822990807520855183e+00 3.723094820308575859e+00 6.089834058141965212e-01 6.165384615384614619e+01 6.615384615384614619e+01 4.919042165633379682e+01 4.000000000000000000e+01
3.375437903527041428e+00 1.164865500746162796e+00 4.918481457583415484e+00 9.104375594633183910e-01 4.916666666666667140e+01 4.791666666666667140e+01 4.664652780622754591e+01 4.000000000000000000e+01
3.515112659837269060e+00 1.075826013155564809e+00 4.553185311133780111e+00 6.527312351675917945e-01 6.614583333333334281e+01 6.614583333333334281e+01 5.186977418202277335e+01 4.000000000000000000e+01
3.515112659837269060e+00 1.562589221277742357e+00 4.544097052038103435e+00 6.632352520587698752e-01 5.977272727272729469e+01 5.782828282828282340e+01 4.942983582516362162e+01 4.000000000000000000e+01
3.646778057984198629e+00 2.141738333898724811e+00 3.863686035838424626e+00 6.735568959561395452e-01 6.421717171717173755e+01 7.171717171717173755e+01 5.508636831602807860e+01 4.000000000000000000e+01
6.324555320336762598e+00 4.582575694955835388e+00 6.836496502809670694e+00 8.139636502914066041e-01 5.444444444444443576e+01 5.611111111111111427e+01 4.949751502055689656e+01 4.000000000000000000e+01
3.427873620019257661e+00 1.649740651047151507e+00 4.049069650286265976e+00 7.293542539620393450e-01 5.665404040404040131e+01 5.631313131313130782e+01 4.761683756172335791e+01 4.000000000000000000e+01
3.552343858581806124e+00 1.770241996090530900e+00 4.253583442509591528e+00 6.609428105723949010e-01 5.546717171717173045e+01 5.505050505050505194e+01 4.577948723667239506e+01 4.000000000000000000e+01
3.552343858581806124e+00 2.052279390544657911e+00 4.293460612815788835e+00 6.582767941769522846e-01 7.088383838383842317e+01 7.727272727272729469e+01 5.932201412054531175e+01 4.000000000000000000e+01
3.375437903527041428e+00 1.624504792712470502e+00 3.974384770264939082e+00 7.467614799185519070e-01 5.630434782608695343e+01 5.815217391304345540e+01 4.956737148605295573e+01 4.000000000000000000e+01
3.473953464439375249e+00 2.002486047828951676e+00 4.446148110265782272e+00 6.972112994342865022e-01 6.375000000000000000e+01 6.450000000000000000e+01 5.400685269242000430e+01 4.000000000000000000e+01
3.552343858581806124e+00 1.881363653306588724e+00 4.043848626224577636e+00 7.315329780990237341e-01 5.578042328042328535e+01 4.947089947089948225e+01 4.701604688064658433e+01 4.000000000000000000e+01
6.324555320336762598e+00 4.795831523312712896e+00 6.460887960226507687e+00 7.920596988445867126e-01 5.370000000000000284e+01 5.350000000000000000e+01 4.815053465935142896e+01 4.000000000000000000e+01
3.501871511350209687e+00 1.946298555265881136e+00 3.933600885847754469e+00 6.239917421667205977e-01 6.338541666666667140e+01 6.197916666666667140e+01 5.276433498406434097e+01 4.000000000000000000e+01
3.375437903527041428e+00 2.230599534069408474e+00 3.884217611244695778e+00 6.840133336429355948e-01 6.525000000000000000e+01 6.950000000000000000e+01 5.541308811545153645e+01 4.000000000000000000e+01
6.324555320336766151e+00 3.872983346207408584e+00 7.262980569052953861e+00 7.301988633860464484e-01 5.720899470899470884e+01 6.137566137566138735e+01 4.991127722505282804e+01 4.000000000000000000e+01
3.515112659837269060e+00 1.616060546479733073e+00 4.342667351777210527e+00 7.289299117638693426e-01 5.828877005347593609e+01 5.828877005347592899e+01 4.837418753118517145e+01 4.000000000000000000e+01
6.324555320336762598e+00 4.123105625617656145e+00 6.639819019770432540e+00 6.973390358867983529e-01 6.162500000000000000e+01 6.450000000000000000e+01 5.338136113522399739e+01 4.000000000000000000e+01
3.515112659837269060e+00 1.839695806871927797e+00 4.187922609165615206e+00 6.422400993880166276e-01 6.372994652406417515e+01 6.417112299465239289e+01 5.365192141894281974e+01 4.000000000000000000e+01
3.346195160597230434e+00 2.070417402042644461e+00 3.909989900801873919e+00 6.761161905972015163e-01 6.210526315789473983e+01 6.789473684210526017e+01 5.208854815269723559e+01 4.000000000000000000e+01
3.552343858581806124e+00 2.196620726294633119e+00 3.597235100645491901e+00 6.900709725885094681e-01 6.525000000000000000e+01 7.450000000000000000e+01 5.561382830886277162e+01 4.000000000000000000e+01
3.501871511350209687e+00 2.023120231932920010e+00 4.165013578410944994e+00 6.337196034132390743e-01 6.604166666666667140e+01 6.822916666666667140e+01 5.460579394545056431e+01 4.000000000000000000e+01
6.324555320336764375e+00 3.464101615137753054e+00 7.331984266477098444e+00 7.470484472137833842e-01 5.270833333333333570e+01 5.364583333333332860e+01 4.615930968621698582e+01 4.000000000000000000e+01
3.375437903527041428e+00 2.026176638537732000e+00 3.661565834807952946e+00 7.523553709393120403e-01 5.233585858585858830e+01 5.176767676767676107e+01 4.527234724365482776e+01 4.000000000000000000e+01
3.411189702003358359e+00 1.917813935651450308e+00 3.964681798314287686e+00 7.027026401633036379e-01 5.768939393939395899e+01 5.505050505050505194e+01 4.697058752532288395e+01 4.000000000000000000e+01
3.346195160597230434e+00 1.905511343067733954e+00 3.731299663186927962e+00 6.820761816105893605e-01 5.814171122994653729e+01 5.240641711229945798e+01 4.762367881019650184e+01 4.000000000000000000e+01
2.521757574239155808e+00 1.525875061676618571e+00 2.869757886076107489e+00 7.053663207349828435e-01 6.292328042328043125e+01 6.613756613756613945e+01 5.312695371892840512e+01 4.000000000000000000e+01
3.314454017339988567e+00 1.870264281879727264e+00 3.971227234782918725e+00 6.281954716580058218e-01 6.385416666666667140e+01 6.822916666666667140e+01 5.276386055320737967e+01 4.000000000000000000e+01
3.473953464439375249e+00 2.198371728476311127e+00 4.310384778278508300e+00 7.178584567231691693e-01 6.392676767676767469e+01 7.222222222222221433e+01 5.539589210213259207e+01 4.000000000000000000e+01
3.515112659837269060e+00 1.125877088999956310e+00 4.860411788581895820e+00 7.845479772593535461e-01 5.185439560439560580e+01 5.329670329670329210e+01 4.713278234807813050e+01 4.000000000000000000e+01
3.552343858581806124e+00 1.881363653306588057e+00 4.482175352254818002e+00 7.623299199736883747e-01 5.437500000000001421e+01 4.739583333333332860e+01 4.718894202963453210e+01 4.000000000000000000e+01
3.586363173595479736e+00 1.808852384719709772e+00 4.432044969919609834e+00 6.841230635524884196e-01 5.684210526315789735e+01 5.736842105263158231e+01 4.701921250404806329e+01 4.000000000000000000e+01
3.375437903527041428e+00 1.517600638450137707e+00 4.776368526739140030e+00 7.239203026089268134e-01 5.435185185185185475e+01 4.947089947089948225e+01 4.662600426351208682e+01 4.000000000000000000e+01
3.411189702003358359e+00 1.581335483926446628e+00 4.019850118068113431e+00 5.194354552378626089e-01 6.538265306122450227e+01 7.091836734693877986e+01 5.304741712594821479e+01 4.000000000000000000e+01
3.515112659837269060e+00 1.162308065239423316e+00 4.766518564666329283e+00 7.173821292727858845e-01 6.582051282051283181e+01 6.615384615384614619e+01 5.446452742105543621e+01 4.000000000000000000e+01
3.411189702003358359e+00 1.641711143305435439e+00 3.891566403529885143e+00 6.870840674705629425e-01 6.315384615384614619e+01 5.948717948717947479e+01 5.083221702666672570e+01 4.000000000000000000e+01
6.324555320336764375e+00 4.472135954999578722e+00 7.325599083480722307e+00 7.572050274513276724e-01 6.395833333333334991e+01 6.822916666666665719e+01 5.760933147964170331e+01 4.000000000000000000e+01
3.473953464439375249e+00 1.774473043263517624e+00 3.921729072325825793e+00 6.251042185814301710e-01 5.932291666666667140e+01 5.572916666666667140e+01 4.751023495463456214e+01 4.000000000000000000e+01
3.515112659837269060e+00 1.544643151707930651e+00 4.682016646660951409e+00 6.065801132768103843e-01 6.276041666666667140e+01 6.197916666666667140e+01 5.075970008550500978e+01 4.000000000000000000e+01
3.411189702003358359e+00 1.785305905817198502e+00 3.992329639255502993e+00 6.659039294790016772e-01 5.799465240641711006e+01 5.828877005347592899e+01 4.761516677510420692e+01 4.000000000000000000e+01
3.586363173595479736e+00 1.944343442492291629e+00 4.148357354908790207e+00 6.808415161007302929e-01 5.894736842105262298e+01 6.263157894736841769e+01 4.896822005220888485e+01 4.000000000000000000e+01
3.375437903527044092e+00 1.989215735776978189e+00 3.862159563814942409e+00 6.523594214402385072e-01 6.255347593582887100e+01 6.417112299465239289e+01 5.227251279377075122e+01 4.000000000000000000e+01
3.586363173595479736e+00 1.964822907605731972e+00 4.078107014082279491e+00 6.660832384514555615e-01 5.796717171717173045e+01 6.060606060606060908e+01 4.861111618206822982e+01 4.000000000000000000e+01
3.375437903527041428e+00 2.071933214009505697e+00 3.944875337916523339e+00 7.074335722399466286e-01 5.720899470899471595e+01 5.899470899470900775e+01 4.839213113261859434e+01 4.000000000000000000e+01
3.586363173595479736e+00 1.198428195099026317e+00 4.638971910128008247e+00 7.465112962048329193e-01 5.564171122994652308e+01 5.828877005347592899e+01 4.610697699934593885e+01 4.000000000000000000e+01
3.327479068260029926e+00 1.822990807520854739e+00 3.404964857183729432e+00 5.986479876853211257e-01 6.323979591836735636e+01 6.377551020408164817e+01 5.064367333017636241e+01 4.000000000000000000e+01
6.324555320336764375e+00 4.242640687119277665e+00 6.232408693098729024e+00 7.415303042026955005e-01 5.244949494949495516e+01 4.949494949494948770e+01 4.526678830488516780e+01 4.000000000000000000e+01
3.443857242552258668e+00 1.797514317028157560e+00 4.165522660701691748e+00 6.085092785642259861e-01 6.098717948717948190e+01 6.282051282051281049e+01 4.957317271341720755e+01 4.000000000000000000e+01
3.346195160597230434e+00 2.271700506862488922e+00 3.803037055300564795e+00 6.817601144758883569e-01 6.368421052631580181e+01 6.526315789473683537e+01 5.339519140124016872e+01 4.000000000000000000e+01
3.314454017339988567e+00 1.671709685580634153e+00 3.722800841287835283e+00 5.738654305160680869e-01 6.431122448979593287e+01 6.734693877551022467e+01 5.104832549072586545e+01 4.000000000000000000e+01
3.552343858581806124e+00 2.364342699021921401e+00 3.965792548339160284e+00 7.428173598585843251e-01 6.673913043478262352e+01 7.119565217391303236e+01 5.990853636840047614e+01 4.000000000000000000e+01
3.375437903527041428e+00 1.497968721600153152e+00 3.930204178615803734e+00 5.875070019600764359e-01 6.359693877551022467e+01 6.377551020408164817e+01 5.105489102687012348e+01 4.000000000000000000e+01
3.552343858581806124e+00 1.100265093106017611e+00 4.639448217013902642e+00 6.982469578795644782e-01 5.982051282051281049e+01 5.948717948717947479e+01 4.848064519209788870e+01 4.000000000000000000e+01
3.411189702003358359e+00 1.444672874961625775e+00 3.836984644461133964e+00 6.673058579804025392e-01 6.904040404040404155e+01 7.222222222222221433e+01 5.302895352143979579e+01 4.000000000000000000e+01
