3.443857242552258668e+00 1.828274154938578810e+00 3.186066810041992881e+00 6.581865456960922511e-01 4.546315087065065796e+01 4.331980490523674376e+01 5.931238897135570198e+01 4.000000000000000000e+01
3.335914189305273503e+00 1.323776475535009212e+00 3.452031994958690397e+00 9.822081096794720301e-01 5.250966704024537535e+01 5.068241485383260425e+01 6.582740751942644408e+01 4.000000000000000000e+01
3.515112659837269060e+00 1.454880216148060512e+00 3.189249005398388626e+00 7.514542186810261315e-01 5.775726179473606692e+01 5.394328302202679737e+01 7.361320491430454638e+01 4.000000000000000000e+01
3.552343858581806124e+00 1.231204282769536196e+00 3.401770269200299790e+00 7.812731450872467676e-01 6.751623054447935601e+01 7.251345525971896677e+01 8.137635238006892280e+01 4.000000000000000000e+01
3.473953464439375249e+00 1.637598645177312351e+00 3.079706365371773558e+00 5.526779150293642529e-01 5.694511372021948148e+01 6.054284985323637613e+01 7.614003080095569942e+01 4.000000000000000000e+01
3.501871511350209687e+00 1.690751186770798942e+00 3.315120218142868946e+00 7.844415515929329397e-01 5.020580823462489661e+01 4.175510183252491458e+01 6.484119883605598034e+01 4.000000000000000000e+01
6.324555320336764375e+00 4.199998717857605257e+00 4.853406592853682255e+00 5.692359603329498752e-01 6.035269368044671268e+01 6.212899164017605358e+01 7.877933463451410034e+01 4.000000000000000000e+01
3.515112659837269060e+00 1.872083988885788086e+00 3.368576380352389155e+00 6.752351389583426400e-01 6.427805023011637786e+01 6.632322301104301232e+01 8.392070677172935689e+01 4.000000000000000000e+01
3.335914189305273503e+00 2.253573784600607421e+00 3.260272520569047483e+00 7.972456016081604924e-01 5.975033632063304623e+01 6.094738234709197400e+01 7.893938233418360539e+01 4.000000000000000000e+01
3.552343858581806124e+00 1.799854219049207282e+00 3.398377456751433989e+00 6.612431615017542175e-01 5.835528251668771560e+01 5.656783060182061007e+01 7.585246381889133716e+01 4.000000000000000000e+01
3.375437903527041428e+00 2.849972962875240601e+00 2.811283555618321106e+00 9.427293291901425176e-01 5.736313666495306052e+01 5.276442141156205423e+01 7.294653375382885940e+01 4.000000000000000000e+01
6.324555320336760822e+00 3.639166535166189931e+00 4.981785003207367168e+00 7.026366333462555902e-01 4.562808876787308066e+01 3.956855012189246423e+01 5.616308636780967589e+01 4.000000000000000000e+01
6.324555320336764375e+00 3.872249536204261489e+00 4.837354648979127703e+00 6.678292403948807854e-01 6.633386510428375971e+01 6.774988796186578099e+01 8.388366608165198102e+01 4.000000000000000000e+01
3.314454017339988567e+00 1.405824203411630835e+00 2.983177129468824074e+00 6.664008113278619971e-01 4.567886129587737543e+01 4.299615249307542797e+01 5.941319187887324915e+01 4.000000000000000000e+01
3.617704769439423096e+00 2.595990827847499904e+00 3.287584507904059095e+00 8.610198006501392776e-01 5.547341859717047896e+01 5.625522110628671157e+01 7.014048965347276976e+01 4.000000000000000000e+01
3.346195160597230434e+00 1.937512439893485094e+00 2.939235870109086157e+00 5.376523533951550471e-01 4.979476086989462402e+01 4.666096910421698851e+01 6.165399921491744806e+01 4.000000000000000000e+01
3.375437903527041428e+00 1.484316847091027292e+00 2.897406628037018095e+00 7.738098681168635862e-01 4.509008932881587128e+01 3.851269882800348654e+01 5.338630222564609085e+01 4.000000000000000000e+01
3.335914189305273503e+00 2.192153391453072420e+00 3.132845486790302836e+00 7.119419863441818208e-01 6.227766152512725739e+01 6.451419134083536733e+01 8.190902844738876354e+01 4.000000000000000000e+01
3.411189702003358359e+00 2.010900820758753760e+00 3.026889129078504936e+00 5.891755951862110985e-01 6.335937417810871608e+01 6.634634283120809073e+01 7.910279914424801007e+01 4.000000000000000000e+01
3.411189702003358359e+00 2.198354681904632901e+00 3.081397059641697744e+00 8.856193776524489136e-01 5.968078144021086473e+01 5.590809121753848387e+01 7.343977898086984624e+01 4.000000000000000000e+01
3.515112659837269060e+00 1.727558289489730114e+00 3.231127027049107703e+00 4.371743313719498314e-01 5.790522977126629911e+01 6.259729911729140639e+01 7.604269315200285462e+01 4.000000000000000000e+01
3.586363173595479736e+00 1.879021334210094318e+00 2.936982122087863356e+00 6.535459822842114574e-01 5.485302878503643598e+01 5.676758488473620901e+01 6.903316642094361555e+01 4.000000000000000000e+01
3.443857242552258668e+00 2.045776264447915160e+00 3.190686360406619571e+00 7.029221569878835174e-01 5.482917029951761378e+01 5.522716059203504102e+01 6.970031143018908892e+01 4.000000000000000000e+01
3.375437903527044092e+00 2.424913745601297688e+00 2.898624869262806936e+00 7.635736112322190072e-01 5.954328404911056083e+01 5.550473631398638474e+01 7.628946328333780968e+01 4.000000000000000000e+01
3.411189702003358359e+00 1.726302665464549024e+00 3.294373771188096711e+00 6.310530689902209556e-01 5.270368383597453033e+01 4.499349077374026962e+01 6.932358428748545975e+01 4.000000000000000000e+01
3.314454017339988567e+00 1.604315298887712071e+00 3.176433623236838866e+00 6.239083792772509574e-01 5.493312433873751388e+01 5.512208316801658725e+01 6.863071874662190908e+01 4.000000000000000000e+01
3.335914189305273503e+00 1.477049737504711135e+00 3.361426108371037724e+00 8.625675059558944868e-01 6.647297915537410518e+01 6.901472946063022107e+01 8.216646379073200990e+01 4.000000000000000000e+01
3.586363173595479736e+00 2.094831718149985367e+00 3.403120576183870760e+00 6.987939894462075197e-01 5.532132904358557113e+01 5.589147234329217895e+01 7.159686916213773600e+01 4.000000000000000000e+01
3.335914189305273503e+00 2.100077118298570245e+00 3.614701370960035298e+00 6.212615672175229031e-01 6.351722089398458593e+01 6.546838485921151118e+01 8.106488782010215743e+01 4.000000000000000000e+01
3.427873620019257661e+00 2.690543660810384985e+00 3.161418601494014879e+00 9.843511656080110583e-01 5.149768222030130005e+01 5.166775110147802508e+01 6.804211222639492007e+01 4.000000000000000000e+01
3.515112659837269060e+00 2.273154545723899300e+00 3.395257187728023318e+00 8.577945957630112028e-01 5.876678785837850683e+01 6.459220727582514598e+01 7.706472817014729060e+01 4.000000000000000000e+01
3.375437903527041428e+00 1.535616865069755255e+00 3.016559761589248989e+00 6.619995860106844265e-01 5.966341614429926210e+01 6.315503755593886126e+01 7.326935194872065438e+01 4.000000000000000000e+01
3.586363173595479736e+00 1.580239234270832904e+00 3.078524909812807575e+00 4.897443559829434689e-01 5.344013622346700743e+01 5.419759488791655144e+01 6.740192528889782864e+01 4.000000000000000000e+01
3.552343858581806124e+00 1.156614948882985994e+00 3.275974452487032007e+00 7.635123041425438961e-01 5.727900112472998728e+01 5.861096733336439968e+01 7.094032350159751843e+01 4.000000000000000000e+01
6.324555320336764375e+00 4.745383825256393351e+00 4.659220249498121191e+00 8.173714817030005575e-01 5.895920975576314049e+01 5.289119946218539781e+01 7.754739151634670691e+01 4.000000000000000000e+01
3.473953464439375249e+00 1.363281729110688900e+00 3.597447993879582917e+00 6.828964369622987363e-01 5.512286790511883794e+01 5.534846368630964974e+01 6.833287989098560899e+01 4.000000000000000000e+01
6.324555320336762598e+00 4.457378709163881680e+00 4.533210782657254079e+00 7.182743237602682296e-01 5.364039018124751834e+01 4.959222445879235153e+01 6.676306586195509851e+01 4.000000000000000000e+01
3.515112659837269060e+00 1.145293767247966832e+00 3.515634470123290001e+00 7.473591077017543993e-01 4.622055077544508350e+01 4.152989339635117005e+01 5.836676784344406599e+01 4.000000000000000000e+01
3.552343858581806124e+00 2.132729091378792852e+00 3.466646555224819792e+00 7.028652668192048036e-01 4.827891501356378257e+01 5.065186477861988124e+01 6.124176078488756048e+01 4.000000000000000000e+01
3.552343858581806124e+00 1.570022595231541640e+00 3.672504722542243361e+00 8.308473082216902839e-01 4.822311945568390712e+01 4.401725614257553332e+01 6.297053484457896388e+01 4.000000000000000000e+01
3.411189702003358359e+00 1.736077475384312452e+00 3.227216023027764891e+00 5.501091700603738532e-01 5.195800322886720579e+01 5.431662797358637818e+01 6.543308745888329270e+01 4.000000000000000000e+01
3.443857242552258668e+00 1.733355512549992872e+00 3.223465310181772736e+00 6.964078927744167258e-01 4.977746002996330077e+01 4.755181770458912638e+01 6.336887536153534484e+01 4.000000000000000000e+01
3.443857242552258668e+00 1.744245117167808168e+00 3.323163641677410407e+00 7.516055281794812304e-01 4.995056603498366599e+01 4.796362404793962497e+01 6.479011258155918540e+01 4.000000000000000000e+01
3.443857242552258668e+00 2.018353851970670743e+00 2.984070876117362214e+00 7.261231665413593328e-01 6.617406873047224281e+01 7.381743206066472851e+01 8.289171701900636435e+01 4.000000000000000000e+01
3.473953464439375249e+00 1.492745552671111753e+00 3.171508513420824293e+00 5.479436753694911788e-01 5.886657566442854517e+01 5.669987891443415151e+01 7.427376676225790675e+01 4.000000000000000000e+01
3.443857242552258668e+00 1.446355322836139212e+00 3.196303868175378593e+00 7.555244087503987238e-01 5.738158144327315568e+01 5.815048986468321601e+01 7.105358566756018490e+01 4.000000000000000000e+01
3.443857242552258668e+00 2.398261691455942923e+00 3.039160947040979721e+00 7.320928078941779660e-01 6.361754201544002285e+01 7.564603919303489477e+01 8.220760107963282337e+01 4.000000000000000000e+01
3.411189702003358359e+00 1.440854690124513615e+00 3.170587399970653308e+00 5.993373996449722352e-01 4.409458541446836932e+01 3.964015336512998289e+01 5.559935985924298762e+01 4.000000000000000000e+01
3.443857242552258668e+00 1.694791186655232762e+00 3.076130691260576810e+00 5.446699316937400059e-01 5.793609329374714179e+01 5.259702204164890560e+01 7.406956879556599915e+01 4.000000000000000000e+01
3.501871511350209687e+00 2.391251680504884902e+00 2.967777997724551753e+00 8.405053199616856485e-01 6.234939474408887605e+01 6.357728969131508023e+01 8.126823839570292307e+01 4.000000000000000000e+01
3.552343858581806124e+00 2.712231194876907558e+00 3.312688097936619336e+00 8.981449232101750280e-01 6.267185352542951904e+01 6.637564130942128315e+01 8.077104876509450548e+01 4.000000000000000000e+01
3.411189702003358359e+00 1.542793178495974749e+00 3.268953548947942878e+00 9.354133025383872813e-01 5.094270873618891926e+01 3.669057525172758005e+01 6.297247743692236099e+01 4.000000000000000000e+01
2.456456052231581921e+00 1.493708938678180775e+00 2.469217941769712432e+00 6.877824672729790922e-01 5.310262974792392754e+01 5.899310401348923705e+01 6.977921863509992306e+01 4.000000000000000000e+01
3.411189702003358359e+00 1.735200520391433576e+00 2.863009419214086471e+00 5.395722530241141568e-01 5.856891019096791950e+01 5.539883729200835916e+01 7.501706895014369536e+01 4.000000000000000000e+01
2.501653311125224821e+00 1.423210034804873958e+00 2.432749083379110111e+00 5.535013439410585434e-01 6.246287775543300569e+01 6.666570921726940924e+01 7.807634211613395792e+01 4.000000000000000000e+01
3.335914189305273503e+00 1.808782614353605656e+00 3.010038786347812412e+00 7.029214118020539193e-01 5.371608969194292627e+01 5.918077256635734784e+01 7.001263983309894456e+01 4.000000000000000000e+01
3.552343858581806124e+00 1.685232498810821600e+00 3.533312793338718727e+00 5.452665021394580425e-01 5.591631731188844157e+01 6.320779755959652846e+01 7.471086111059754842e+01 4.000000000000000000e+01
3.473953464439375249e+00 1.831094687784502018e+00 3.000705719654993331e+00 7.077597761218451522e-01 5.515584579547301303e+01 5.749613035137496553e+01 7.209805765232302122e+01 4.000000000000000000e+01
3.427873620019257661e+00 2.453278549707339717e+00 2.959205322635375612e+00 7.945427963312703401e-01 5.562058676743348684e+01 4.679774662353469239e+01 7.166986102924266788e+01 4.000000000000000000e+01
3.411189702003358359e+00 2.175812055034723524e+00 2.961664955530107779e+00 1.036253007419778438e+00 5.467824380018289787e+01 5.264403885631296731e+01 6.727726882579914047e+01 4.000000000000000000e+01
3.515112659837269060e+00 1.433690699371330979e+00 3.499972865667266841e+00 4.618438163059293000e-01 6.694415291995572659e+01 7.017638102521330268e+01 8.473646886672057121e+01 4.000000000000000000e+01
3.473953464439375249e+00 1.462264702804274785e+00 3.346195160597229545e+00 6.890365356454928314e-01 5.508454770353883134e+01 4.943998339320020818e+01 6.985645445020841748e+01 4.000000000000000000e+01
3.552343858581806124e+00 9.768651283467857382e-01 3.297407661567714143e+00 6.200388485295188490e-01 5.629772773206317993e+01 5.504552830632480465e+01 7.006545841493743865e+01 4.000000000000000000e+01
3.473953464439375249e+00 2.118065802045770774e+00 3.278814858723479553e+00 7.451121491114839346e-01 6.068286931071315138e+01 6.192253635323551464e+01 7.982454063018374768e+01 4.000000000000000000e+01
6.324555320336762598e+00 4.551280159628689148e+00 4.582575694955841605e+00 7.494863247440295417e-01 5.181108865125854379e+01 5.182723664638218963e+01 6.406377444742192040e+01 4.000000000000000000e+01
3.375437903527044092e+00 1.863988386609353842e+00 3.002528674528431196e+00 5.676019430797204501e-01 5.299872568862526379e+01 5.094294887099881919e+01 6.535070211660065809e+01 4.000000000000000000e+01
3.586363173595479736e+00 2.064994146182363988e+00 3.400205326345079104e+00 7.248781567104484180e-01 5.389052720174389322e+01 4.953474636434506095e+01 6.733556406249559245e+01 4.000000000000000000e+01
3.552343858581806124e+00 1.513928184125784560e+00 3.630639833260066229e+00 6.419781184560644505e-01 5.244633902510416590e+01 4.758924853335821581e+01 6.755954400323440723e+01 4.000000000000000000e+01
3.586363173595479736e+00 1.910189387836326746e+00 3.140212806857456851e+00 6.299567093263371831e-01 5.989889576884958444e+01 5.923951728365919678e+01 7.610905574048749145e+01 4.000000000000000000e+01
3.375437903527041428e+00 2.177824895284452111e+00 3.318385467181658388e+00 7.756392405968558501e-01 6.094259701682823760e+01 6.461869724469107723e+01 7.704794117819690769e+01 4.000000000000000000e+01
3.352229939440702022e+00 1.803441209941504031e+00 3.096422841247027602e+00 5.288086937048006586e-01 5.822822150033800881e+01 6.242163986468862191e+01 7.537547824945440311e+01 4.000000000000000000e+01
3.346195160597230434e+00 1.477572421143376724e+00 3.227080667200195929e+00 5.967983443437726576e-01 4.920838879930128940e+01 4.896831266001687055e+01 6.412118694455988077e+01 4.000000000000000000e+01
3.527919570223205792e+00 2.177610362813402478e+00 2.874959948277691080e+00 7.386021728225273808e-01 6.905865534400238914e+01 7.942461632093801427e+01 8.715997989029661142e+01 4.000000000000000000e+01
3.443857242552258668e+00 2.082335717041053691e+00 3.503722555732961208e+00 7.972150244523802387e-01 5.651909896159949653e+01 5.247377707314926454e+01 7.294371402472201282e+01 4.000000000000000000e+01
3.427873620019257661e+00 1.957315862723027822e+00 3.289057419902764678e+00 6.813343613768612084e-01 6.809683858802563350e+01 7.115170408742197594e+01 8.700469184689609392e+01 4.000000000000000000e+01
3.586363173595479736e+00 1.782732625015348571e+00 3.062318623301017784e+00 7.902171367740064012e-01 5.452091477991391599e+01 5.398309554672964339e+01 6.833934709194429047e+01 4.000000000000000000e+01
3.473953464439375249e+00 1.584539430408919536e+00 2.828746334542883822e+00 4.079169370150134144e-01 7.122822955933733624e+01 7.000093615149810944e+01 8.700928394261219978e+01 4.000000000000000000e+01
3.346195160597230434e+00 1.818167881413210507e+00 2.883919796965642046e+00 6.557050803749735479e-01 6.227926541378514003e+01 6.495590179473231274e+01 7.989089718624917680e+01 4.000000000000000000e+01
3.375437903527041428e+00 1.595507743569211545e+00 3.445747597791069428e+00 6.462834716926866285e-01 4.879492062182592349e+01 4.718773384485491107e+01 6.476689702179946551e+01 4.000000000000000000e+01
3.552343858581806124e+00 1.376045767744681347e+00 3.654430517878686224e+00 8.806979406375439190e-01 4.779807740800650606e+01 4.641617270909012660e+01 6.322784072634366481e+01 4.000000000000000000e+01
3.443857242552258668e+00 1.953183303671545579e+00 3.105144930599258224e+00 6.394689389791088363e-01 6.692876139156985005e+01 7.236567957096323767e+01 8.167116461105494807e+01 4.000000000000000000e+01
3.443857242552258668e+00 2.208694272968124928e+00 3.324321511533176121e+00 7.746469990057194277e-01 6.917979515797595980e+01 7.618434716615762170e+01 8.800624647287276048e+01 4.000000000000000000e+01
2.521757574239155808e+00 1.167527249251091748e+00 2.500383663824155001e+00 7.763111042796633221e-01 4.857522163558610373e+01 4.303912916314788362e+01 6.278284253732983444e+01 4.000000000000000000e+01
3.402564240911784665e+00 1.684990842223874186e+00 3.137330592189682577e+00 6.012531995022456499e-01 5.556457286372835114e+01 5.237760415976776329e+01 6.859887126594669837e+01 4.000000000000000000e+01
3.314454017339988567e+00 1.878260920328247874e+00 3.013517938852997791e+00 6.237213201082727476e-01 6.086511992405091576e+01 6.681914829269398126e+01 7.869110458793942087e+01 4.000000000000000000e+01
3.473953464439375249e+00 1.157292514073245515e+00 3.361102696642093601e+00 7.741858619461551294e-01 5.564392054511269237e+01 5.524145033484600020e+01 7.064674161136335329e+01 4.000000000000000000e+01
6.324555320336762598e+00 4.281482421486757950e+00 4.727889717037674799e+00 7.168566999548141583e-01 5.635789581567910744e+01 5.617955454183235275e+01 7.316017028013561685e+01 4.000000000000000000e+01
3.375437903527041428e+00 1.555064625483605578e+00 3.272986554786827984e+00 4.724018807129867770e-01 5.365675839866934638e+01 5.532327084398913541e+01 6.775109541892825860e+01 4.000000000000000000e+01
3.375437903527041428e+00 1.761553273659978602e+00 3.307305871616875059e+00 3.884351200588768704e-01 5.775526513460189904e+01 5.776892322346127173e+01 7.495442265353626965e+01 4.000000000000000000e+01
3.443857242552258668e+00 2.172189974634041398e+00 2.825134677111962311e+00 6.247747698983535658e-01 6.317125024738944461e+01 6.887396662548506754e+01 8.000284549562788072e+01 4.000000000000000000e+01
3.335914189305273503e+00 1.779223007022045389e+00 3.258046727412701404e+00 6.189404009484252844e-01 6.283381747892450875e+01 6.369093505968996283e+01 8.117292768067910913e+01 4.000000000000000000e+01
3.473953464439375249e+00 1.879829026794481051e+00 2.918579728371176074e+00 5.827561818274498151e-01 5.584471527194250484e+01 5.267926605993442024e+01 6.860485038988375095e+01 4.000000000000000000e+01
3.515112659837269060e+00 1.963671196699406485e+00 3.443224548750460023e+00 6.049357014712143377e-01 5.885065720549989976e+01 6.093542369908957568e+01 7.953972116804465031e+01 4.000000000000000000e+01
3.443857242552258668e+00 1.677694039304183926e+00 3.286268748027984188e+00 9.193668459910863122e-01 4.407888263806826501e+01 4.041532576387978537e+01 5.336649054060063690e+01 4.000000000000000000e+01
3.375437903527041428e+00 1.376973381099511506e+00 3.368131407325757554e+00 4.349446033751331320e-01 5.656791021223026661e+01 5.761434734861116880e+01 7.147852452048989846e+01 4.000000000000000000e+01
3.552343858581806124e+00 2.595058911278619540e+00 3.169490721415831658e+00 7.953988054089335957e-01 6.475325512013297669e+01 7.079449975448061139e+01 8.459542021366453923e+01 4.000000000000000000e+01
3.552343858581806124e+00 1.998588475548346510e+00 3.434898867557954816e+00 7.781573628218018124e-01 6.733512252413869703e+01 6.281267529850751430e+01 8.489427087581972842e+01 4.000000000000000000e+01
3.515112659837269060e+00 5.977728268628692554e-01 3.545174406810486012e+00 5.796345605512202015e-01 5.826074780689967270e+01 5.960831854131346574e+01 7.307807370284339754e+01 4.000000000000000000e+01
3.375437903527041428e+00 1.940568357127609556e+00 3.024515927316684838e+00 8.678189606579481685e-01 6.298172782318615504e+01 5.771259595083592586e+01 7.887049295920081704e+01 4.000000000000000000e+01
3.427873620019257661e+00 1.251792741308883627e+00 3.360058909179896247e+00 7.408827583886511414e-01 5.718952025162194275e+01 5.818998114667456178e+01 7.448418288670264076e+01 4.000000000000000000e+01
3.586363173595479736e+00 1.854423666147372085e+00 3.269482310339784981e+00 6.482576603944729676e-01 5.212499075711355800e+01 4.857882903761159099e+01 6.748247880731973680e+01 4.000000000000000000e+01
3.515112659837269060e+00 2.465492429889538872e+00 3.227760601348012681e+00 8.832580544090975483e-01 6.267266342954251712e+01 6.767244837782669720e+01 8.104878278649684376e+01 4.000000000000000000e+01
3.375437903527041428e+00 1.834774625226818001e+00 3.264301659424342361e+00 5.721840129487736348e-01 6.139003391743612070e+01 6.269580583892619785e+01 7.840620061528665019e+01 4.000000000000000000e+01
3.443857242552258668e+00 2.243185035140913719e+00 3.306846048781081127e+00 8.409455968497918654e-01 6.129224648768544625e+01 6.579730353348494987e+01 8.064889297189797901e+01 4.000000000000000000e+01
3.473953464439375249e+00 2.200540405651770559e+00 2.900924800123449998e+00 7.740747117682009737e-01 6.055344865459306192e+01 5.805569109221051605e+01 7.520674244541859821e+01 4.000000000000000000e+01
3.411189702003358359e+00 2.247705547298508133e+00 2.921274686809858689e+00 8.618899357013289908e-01 4.662816412790848375e+01 4.137447196956061646e+01 5.712107350405590012e+01 4.000000000000000000e+01
3.586363173595479736e+00 1.924977938990417359e+00 3.314283221859581907e+00 6.251409905754674590e-01 6.139407338479685450e+01 6.926117782429005842e+01 7.658860871988005670e+01 4.000000000000000000e+01
3.411189702003358359e+00 2.264947331847272149e+00 3.140940688971280537e+00 7.967862868460156012e-01 6.080829172071801736e+01 6.226910056498111601e+01 7.619853948575932634e+01 4.000000000000000000e+01
3.411189702003358359e+00 1.641124877274342309e+00 3.184303206544284670e+00 6.749137567123504322e-01 5.645190568814005871e+01 5.471480203161646472e+01 7.125775432211399618e+01 4.000000000000000000e+01
3.473953464439375249e+00 1.648320944773340235e+00 3.061512204705838069e+00 5.737180285062671858e-01 6.448659722425695406e+01 6.809619854802561179e+01 8.257541080186567228e+01 4.000000000000000000e+01
3.375437903527041428e+00 1.362380529217108949e+00 3.250898283518340648e+00 7.093005278544177727e-01 5.461374699550948719e+01 5.113776582801754245e+01 6.859439702474767842e+01 4.000000000000000000e+01
3.375437903527041428e+00 1.657515905887200658e+00 2.912474754219229744e+00 6.324780320030054526e-01 5.530166162033088284e+01 4.999835378794458052e+01 6.982208451330160415e+01 4.000000000000000000e+01
3.443857242552258668e+00 1.799654245173026856e+00 3.269547021644504614e+00 6.706677827630325162e-01 5.690220757985314748e+01 5.325741769059966657e+01 7.034088668246779719e+01 4.000000000000000000e+01
3.552343858581806124e+00 8.954542690175948394e-01 3.704242042748737251e+00 6.979848351823841890e-01 5.194867335020160937e+01 5.132807552522960748e+01 6.530937480229289349e+01 4.000000000000000000e+01
3.443857242552258668e+00 1.143076253250082441e+00 3.219897571227404942e+00 7.542882039896536828e-01 6.723828820459092981e+01 6.680328565785058004e+01 8.338945196250824665e+01 4.000000000000000000e+01
3.402564240911784665e+00 1.807363475366241090e+00 2.836829751319475790e+00 5.996527021616315789e-01 6.363409633858572079e+01 6.440622945621900897e+01 7.748443467835129184e+01 4.000000000000000000e+01
3.552343858581806124e+00 1.924532170620863347e+00 3.138033853154326369e+00 6.283198732628491046e-01 5.296473121435365528e+01 5.815788640209643745e+01 6.927780203401701442e+01 4.000000000000000000e+01
3.515112659837269060e+00 1.570874565138916212e+00 3.290199453941279550e+00 6.936053832359776461e-01 5.672598772293781622e+01 5.380151466768698043e+01 7.086274991482679297e+01 4.000000000000000000e+01
3.586363173595479736e+00 1.622609971259693529e+00 3.736190172961589173e+00 7.692141297784802489e-01 6.087559114045652109e+01 5.702641364132493607e+01 7.705590730153916468e+01 4.000000000000000000e+01
6.324555320336764375e+00 4.341619630844386180e+00 4.991659710623978619e+00 9.349473533532662861e-01 6.198164343471398752e+01 6.330212319190724202e+01 7.890211299169934023e+01 4.000000000000000000e+01
3.375437903527041428e+00 9.969883409288539111e-01 3.445929532002144580e+00 5.125795767558420923e-01 5.311209462741370402e+01 5.248671589967850082e+01 6.545546866556699683e+01 4.000000000000000000e+01
3.552343858581806124e+00 2.024273499025916134e+00 3.477658081037913629e+00 7.476192516310639080e-01 5.026481756551392976e+01 4.176498962659728420e+01 6.307685819114403358e+01 4.000000000000000000e+01
3.552343858581806124e+00 1.033544561159410291e+00 3.732496272092811651e+00 6.376350402672411599e-01 6.105116276735839165e+01 6.364606229576950369e+01 7.651509147116023257e+01 4.000000000000000000e+01
3.552343858581806124e+00 2.344899236162149680e+00 3.201145430989704721e+00 8.265892118858790827e-01 6.043976865536735232e+01 6.413179683364961647e+01 7.988875412239285367e+01 4.000000000000000000e+01
3.443857242552258668e+00 1.851327792415199625e+00 2.889216908466469835e+00 6.973490030700596476e-01 5.381088804072341958e+01 4.898589790533069532e+01 6.735957780887751767e+01 4.000000000000000000e+01
3.375437903527044092e+00 1.714360362251602377e+00 2.731868492323627606e+00 7.304743627929426442e-01 6.477521662660227264e+01 6.325342944275580237e+01 8.016029189187618442e+01 4.000000000000000000e+01
3.515112659837269060e+00 1.615863777644051424e+00 3.389583968824283478e+00 8.226725704156088170e-01 5.939896624645805900e+01 6.041476516592960877e+01 7.536194340240329836e+01 4.000000000000000000e+01
3.443857242552258668e+00 1.708572411408647351e+00 2.919251387205188841e+00 9.545294803002720707e-01 4.823867354814907316e+01 4.438035199096707828e+01 6.263502786047945392e+01 4.000000000000000000e+01
3.515112659837269060e+00 1.413938990799469275e+00 3.418888810136565315e+00 6.103078663859519137e-01 5.676568478419391539e+01 5.868189112254331263e+01 7.171617730656929268e+01 4.000000000000000000e+01
3.411189702003358359e+00 1.885017645694008648e+00 3.115217811991032093e+00 6.089754648460907749e-01 6.377575327366636770e+01 6.542446398253962059e+01 8.181191405951769013e+01 4.000000000000000000e+01
3.473953464439375249e+00 9.934446651038314480e-01 3.740714746283371195e+00 9.640320485106004256e-01 5.654880627876013932e+01 5.778769420330588247e+01 7.054667374156680637e+01 4.000000000000000000e+01
3.586363173595479736e+00 1.032034230018831877e+00 3.795239338669807339e+00 5.122827085863709273e-01 5.479573489849776990e+01 5.579358627008303273e+01 6.827154526210189545e+01 4.000000000000000000e+01
3.411189702003358359e+00 2.032844533741437587e+00 2.901950838599460791e+00 8.111067660073387753e-01 5.347362209012442946e+01 5.411975800737917552e+01 6.745971699960047374e+01 4.000000000000000000e+01
3.646778057984198629e+00 1.457520001113605579e+00 3.517232224265112173e+00 6.783499353912991747e-01 4.562374052828573667e+01 4.508118071123790571e+01 5.681544043248423748e+01 4.000000000000000000e+01
3.473953464439375249e+00 2.510986453430524179e+00 2.813989151879453310e+00 9.168711926743697838e-01 5.798618694360928316e+01 5.932846901552758823e+01 7.389409231475642059e+01 4.000000000000000000e+01
3.473953464439375249e+00 1.353033014141195700e+00 3.587314793545161695e+00 5.836230280763702316e-01 4.885272627405885970e+01 5.263638841987724248e+01 6.141125941005242339e+01 4.000000000000000000e+01
3.473953464439375249e+00 1.537449958566980746e+00 3.296886705456583577e+00 5.457845010439843492e-01 6.643076461480335126e+01 6.804821659880298057e+01 8.637925475196331604e+01 4.000000000000000000e+01
3.586363173595479736e+00 1.453742983356195451e+00 3.795470585909734407e+00 6.199620477588166922e-01 6.272096819991168815e+01 6.814444703567772876e+01 8.039111181210429891e+01 4.000000000000000000e+01
3.375437903527041428e+00 1.896627635563486347e+00 3.123646842481855312e+00 7.849706017316629980e-01 5.449259466648080519e+01 4.974733084551100148e+01 6.849116016836327958e+01 4.000000000000000000e+01
3.402564240911784665e+00 1.878732039583462132e+00 2.943484507439112274e+00 5.983393659814455479e-01 7.105382921565337995e+01 7.294946182727156270e+01 8.893226295832299400e+01 4.000000000000000000e+01
3.411189702003358359e+00 1.974718757096002753e+00 3.026613173182229222e+00 4.724630890384022841e-01 5.840314402790335180e+01 6.444419029147898925e+01 7.545110109691256639e+01 4.000000000000000000e+01
3.241313193385525260e+00 1.892370057537268613e+00 2.715021896448515104e+00 7.553236953333435366e-01 5.134802493301197757e+01 4.577300248499306434e+01 6.552353575645450690e+01 4.000000000000000000e+01
3.375437903527041428e+00 1.422447376058317392e+00 3.227838476703744242e+00 7.907068160632478859e-01 4.765909360262455863e+01 3.954274199624554598e+01 5.928888983842983862e+01 4.000000000000000000e+01
3.515112659837269060e+00 1.475572817996830821e+00 2.827131921096700307e+00 6.097488392188364914e-01 5.090045823775185596e+01 5.342828300460793400e+01 6.741167948816416811e+01 4.000000000000000000e+01
3.617704769439423096e+00 2.070001985528191035e+00 3.283521887899899738e+00 7.189221598770291211e-01 6.043485499991362531e+01 6.341281907643956828e+01 7.689123476450417627e+01 4.000000000000000000e+01
3.515112659837269060e+00 1.721529695017769424e+00 3.282700267772463931e+00 7.447157673416507917e-01 4.595566756372419803e+01 4.124849896812440164e+01 5.645748147940515338e+01 4.000000000000000000e+01
3.443857242552258668e+00 1.968236388858677355e+00 2.974009822933561864e+00 4.293125340609423857e-01 6.381544292461653356e+01 6.916775406782277003e+01 8.156968996819507822e+01 4.000000000000000000e+01
3.375437903527041428e+00 1.463432403739185039e+00 3.143122120455156931e+00 6.418530697118588479e-01 5.792208370417199603e+01 5.675213043716734518e+01 7.457812331821956775e+01 4.000000000000000000e+01
3.411189702003358359e+00 1.587307208455613239e+00 3.057283732657811726e+00 7.704594423772503919e-01 6.483696256887589016e+01 6.022019424468550142e+01 8.188924488732858720e+01 4.000000000000000000e+01
3.473953464439375249e+00 1.472331247907244567e+00 3.536005079898600023e+00 6.301204763399516073e-01 6.251606328453824091e+01 6.185824482549774928e+01 8.171092584238486722e+01 4.000000000000000000e+01
3.527919570223205792e+00 2.297508685820457863e+00 3.103186847965372142e+00 7.155161347216240086e-01 6.538417549944583129e+01 7.809998699004722766e+01 8.400178051562002679e+01 4.000000000000000000e+01
6.324555320336767927e+00 4.719364481698431035e+00 5.081159495448046570e+00 8.695304055275349109e-01 6.378878885496948925e+01 7.233530648934547003e+01 8.187559222585872476e+01 4.000000000000000000e+01
3.473953464439375249e+00 1.685085828759798066e+00 3.221886953359150318e+00 6.705085325633652893e-01 6.016583867543086228e+01 5.904686644837424581e+01 7.340850551829667836e+01 4.000000000000000000e+01
3.501871511350209687e+00 1.706305964987529844e+00 3.175284071479362868e+00 6.240517155322682363e-01 5.887231174628207953e+01 5.672361062952700905e+01 7.409663115736280758e+01 4.000000000000000000e+01
3.552343858581806124e+00 1.928656497989427843e+00 3.412851673443387135e+00 6.962275191412884423e-01 5.682284622518523776e+01 5.620426069339142572e+01 7.577368278673937141e+01 4.000000000000000000e+01
3.515112659837269060e+00 1.620259640461442885e+00 3.330018679217370270e+00 6.830850306782686454e-01 5.381750985849038926e+01 5.319627934858191054e+01 6.646262848167657467e+01 4.000000000000000000e+01
3.552343858581806124e+00 1.656595029525091300e+00 3.180361118994263325e+00 7.733913611153278023e-01 4.745238537192410888e+01 4.365398564240940260e+01 5.789785298607577602e+01 4.000000000000000000e+01
3.375437903527041428e+00 1.865058586986097833e+00 3.023978611231245228e+00 6.316712796654030404e-01 5.564004336157904618e+01 5.675788810021257547e+01 6.938070130850013584e+01 4.000000000000000000e+01
3.443857242552258668e+00 2.340918441929810356e+00 2.921376535007877084e+00 7.878720995802753757e-01 5.949332569486878697e+01 6.258066314318114109e+01 7.449015665702059152e+01 4.000000000000000000e+01
3.335914189305273503e+00 1.217301095895018559e+00 3.019424169277667325e+00 9.322034430967980345e-01 4.758202874999229692e+01 4.274076653009662152e+01 5.963294301539257702e+01 4.000000000000000000e+01
3.427873620019257661e+00 2.113943716271335926e+00 3.450326050742384520e+00 6.741527474271080678e-01 6.956584991903611126e+01 7.304947512568787715e+01 9.421863717934473925e+01 4.000000000000000000e+01
3.552343858581806124e+00 2.014233958839287020e+00 3.231112337415718905e+00 6.076870843889462526e-01 7.084859992719725597e+01 7.378587334330380543e+01 8.859481978054112972e+01 4.000000000000000000e+01
3.473953464439375249e+00 2.404462869508391165e+00 3.121428623488582854e+00 8.539776062522417277e-01 5.991591259220822252e+01 7.169360572320769620e+01 7.599943237906079219e+01 4.000000000000000000e+01
3.375437903527041428e+00 2.217047752744299327e+00 2.930105804975694728e+00 6.258653364565838206e-01 4.875721999937206164e+01 4.945767822508393152e+01 6.289675849541740860e+01 4.000000000000000000e+01
6.324555320336762598e+00 3.425171560704247664e+00 4.892170615721954441e+00 6.933166565234816225e-01 5.362996422393678131e+01 5.753200253634975780e+01 6.790980358210039469e+01 4.000000000000000000e+01
3.411189702003358359e+00 1.947860097279507263e+00 3.307076022420485817e+00 5.869893427352084192e-01 5.681799795386048402e+01 5.485476722503305069e+01 7.062584394902302165e+01 4.000000000000000000e+01
3.427873620019257661e+00 1.410963097724045934e+00 3.402154589610008717e+00 8.845666816402996124e-01 5.521824843612464662e+01 5.115257875398049947e+01 6.721474196779294630e+01 4.000000000000000000e+01
3.552343858581806124e+00 2.438861209041680134e+00 3.247435562570649914e+00 8.134776363386129194e-01 5.626952072517387649e+01 6.609122360386388095e+01 7.350308175313463721e+01 4.000000000000000000e+01
3.515112659837269060e+00 2.117227708629619620e+00 3.446679105664005149e+00 7.384190345564057845e-01 5.810803001764044495e+01 6.406407088461568833e+01 7.224566758891185714e+01 4.000000000000000000e+01
3.314454017339988567e+00 1.281374857138732670e+00 2.978831424581652954e+00 8.123789154279300595e-01 4.982525337065149529e+01 4.762735334776752438e+01 6.317426864496167127e+01 4.000000000000000000e+01
3.515112659837269060e+00 1.946149009545383501e+00 2.772810677059165840e+00 7.183008385466785883e-01 6.412669356107217311e+01 7.661961766459022272e+01 8.358066464283338348e+01 4.000000000000000000e+01
3.552343858581806124e+00 2.001399048000914949e+00 3.121243155483016452e+00 6.515900415447128946e-01 5.243643637294978532e+01 5.362553865702506783e+01 6.705442289574916970e+01 4.000000000000000000e+01
3.515112659837269060e+00 2.485056548656909836e+00 3.065447423114044057e+00 9.259571468176395204e-01 5.976871637905407653e+01 6.934634954262821793e+01 7.771389992407901559e+01 4.000000000000000000e+01
3.473953464439375249e+00 1.449870095022673278e+00 3.178828291178858123e+00 5.020558062192894688e-01 6.168397725711054846e+01 6.360729559710036796e+01 7.961684197155199172e+01 4.000000000000000000e+01
3.443857242552258668e+00 1.675071958506544112e+00 3.249441775816535483e+00 5.676086160390838575e-01 6.343525617076650036e+01 6.361591380569979037e+01 7.981350424366783614e+01 4.000000000000000000e+01
3.427873620019257661e+00 2.430036431497754723e+00 3.221383162883892481e+00 7.847577018300078144e-01 6.751666995765708634e+01 7.464010940094327395e+01 8.660791081679560932e+01 4.000000000000000000e+01
3.443857242552258668e+00 2.111386892657900027e+00 2.756828249623621385e+00 6.918282805640106892e-01 5.912612223829615488e+01 6.188765269795451474e+01 7.591793062668493519e+01 4.000000000000000000e+01
3.375437903527044092e+00 2.155098214879838103e+00 2.866837830709322077e+00 7.423495929451549014e-01 6.086021200842272805e+01 6.645819917531594001e+01 7.693970561911622497e+01 4.000000000000000000e+01
6.324555320336767927e+00 4.094572925017964771e+00 5.090097337879786465e+00 8.116102381914918062e-01 6.355925355668823329e+01 6.537202255181935584e+01 8.245462454687177001e+01 4.000000000000000000e+01
3.552343858581806124e+00 2.374764071152156930e+00 3.243761824575367214e+00 7.479489905623295520e-01 6.823180196536964104e+01 7.013062237180389502e+01 8.494883141073850652e+01 4.000000000000000000e+01
3.411189702003358359e+00 1.906380727742196246e+00 3.194812651118787095e+00 7.694774906820502913e-01 4.480594639607932095e+01 4.279913378573117910e+01 5.579363075064156163e+01 4.000000000000000000e+01
3.552343858581806124e+00 8.440300668492421998e-01 3.375437903527040095e+00 6.133493625087030887e-01 5.482084045630720937e+01 5.579860591598264108e+01 7.030399809333390237e+01 4.000000000000000000e+01
3.375437903527044092e+00 1.674945297302864455e+00 3.093863666876385921e+00 7.134847326804604206e-01 4.989143150963001005e+01 5.063738617094391259e+01 6.359930857319953645e+01 4.000000000000000000e+01
3.515112659837269060e+00 1.824434142614203891e+00 3.431370720973733413e+00 6.943536872694043849e-01 6.151156519220763386e+01 6.538184462624563764e+01 7.826215361028124562e+01 4.000000000000000000e+01
3.586363173595479736e+00 2.003548677784874332e+00 3.106388113324243694e+00 7.294826767664843725e-01 6.635311730945602449e+01 7.651981719989102260e+01 8.503906224792439161e+01 4.000000000000000000e+01
3.501871511350209687e+00 1.250233477024689455e+00 3.346082934323485691e+00 8.257963079626876590e-01 4.397612283958400070e+01 4.029828847645379852e+01 5.232347332817025176e+01 4.000000000000000000e+01
3.375437903527041428e+00 1.820144855471591328e+00 3.223829644204406542e+00 6.712754970598623361e-01 6.195273234806929707e+01 6.230999279734164986e+01 7.692486868630767560e+01 4.000000000000000000e+01
3.346195160597230434e+00 2.137028398088236525e+00 2.974968512492169648e+00 7.686128506762387458e-01 5.604744461294230007e+01 5.731951988242335005e+01 7.247337080745178639e+01 4.000000000000000000e+01
3.473953464439375249e+00 1.641415024399853095e+00 2.666777145604191546e+00 5.151439423350250291e-01 5.572891057624316602e+01 5.454334453589336107e+01 7.166365602670133228e+01 4.000000000000000000e+01
3.375437903527041428e+00 1.651900334387680136e+00 3.030609662590604714e+00 7.529228198611295220e-01 4.846115179596270650e+01 4.627111388560593497e+01 6.185850873211009571e+01 4.000000000000000000e+01
3.427873620019257661e+00 2.569618589510356266e+00 3.029128695875858313e+00 8.456047202802461360e-01 5.935277862492426948e+01 5.949238361375670081e+01 7.580714506500380878e+01 4.000000000000000000e+01
3.411189702003358359e+00 1.162335222191215767e+00 3.321306894139006705e+00 8.369919863137637028e-01 4.557617473497109728e+01 3.345674200789477482e+01 5.664410085123670058e+01 4.000000000000000000e+01
3.375437903527041428e+00 1.664127691718951363e+00 3.022320111613081561e+00 7.298274767120895845e-01 5.762770441980548242e+01 5.536022794120150792e+01 7.510286934095633171e+01 4.000000000000000000e+01
3.473953464439375249e+00 1.830598506126648095e+00 3.180785700660269999e+00 6.235190787009855518e-01 6.274622719146633898e+01 6.816806202589546615e+01 7.975439620644276317e+01 4.000000000000000000e+01
3.515112659837269060e+00 8.251191377376003722e-01 3.359416127852658196e+00 6.454245886263652032e-01 5.844871042814708773e+01 5.903978763126104923e+01 7.387011995161664402e+01 4.000000000000000000e+01
3.427873620019257661e+00 1.462249630383126719e+00 3.578127767469597931e+00 9.317919126545879394e-01 4.768155617938766966e+01 4.827175083942311318e+01 6.157182441386373739e+01 4.000000000000000000e+01
3.552343858581806124e+00 2.163013457900152758e+00 3.243158208664351339e+00 6.655768355314778395e-01 6.612505476198846566e+01 7.022084333110102250e+01 8.453857747379100829e+01 4.000000000000000000e+01
3.515112659837269060e+00 1.819225043552916254e+00 3.322509677126546990e+00 5.342177735227108260e-01 5.739805604009027462e+01 5.980071558545896693e+01 7.459188609137194703e+01 4.000000000000000000e+01
3.617704769439423096e+00 2.167825355306933321e+00 3.181700916427290693e+00 7.944213254589675977e-01 5.874135514749340103e+01 5.594354568679137429e+01 7.477273960884095061e+01 4.000000000000000000e+01
3.617704769439423096e+00 1.506139260616096598e+00 3.675697837371817656e+00 8.153435173160672456e-01 4.565865721103336483e+01 3.697473106734693005e+01 5.427995203925264889e+01 4.000000000000000000e+01
