3.402564240911784665e+00 2.239510432927145356e+00 2.875859216399445195e+00 7.728625240431455934e-01 6.505050505050506615e+01 6.893939393939395188e+01 5.899630856018283964e+01 4.000000000000000000e+01
3.527919570223205792e+00 2.182857161831908588e+00 2.848360824334595254e+00 6.839438065976074510e-01 7.065384615384616041e+01 7.615384615384616041e+01 6.307515038910771921e+01 4.000000000000000000e+01
3.443857242552258668e+00 1.886749688517131762e+00 3.262491269353319456e+00 6.661662492278639380e-01 7.015384615384616041e+01 7.948717948717948900e+01 6.179827030576839064e+01 4.000000000000000000e+01
3.411189702003358359e+00 1.624764942466074613e+00 2.985142548302799348e+00 6.102696176484777579e-01 6.002551020408164106e+01 6.020408163265307877e+01 5.267141281307348777e+01 4.000000000000000000e+01
3.375437903527041428e+00 1.624504792712473389e+00 3.580761204035500356e+00 6.821438253091076653e-01 6.167112299465241421e+01 6.417112299465239289e+01 5.511363125236945137e+01 4.000000000000000000e+01
6.324555320336760822e+00 4.690415759823420849e+00 4.772077877898397880e+00 9.443343496345619759e-01 5.428571428571428470e+01 5.317460317460316332e+01 5.176655658657526971e+01 4.000000000000000000e+01
3.552343858581806124e+00 2.608409374656930346e+00 3.021051685967163003e+00 9.170530760177706409e-01 5.820054945054945250e+01 5.521978021978021900e+01 5.598026714271007620e+01 4.000000000000000000e+01
3.335914189305273503e+00 1.988783626184220443e+00 3.128802197316853384e+00 7.420635016861172328e-01 6.565789473684210975e+01 7.315789473684210975e+01 5.948826692553464568e+01 4.000000000000000000e+01
3.411189702003358359e+00 1.924849831977140768e+00 3.093524768962431448e+00 7.303541679258804820e-01 6.064171122994652308e+01 6.711229946524063905e+01 5.444047285860738583e+01 4.000000000000000000e+01
3.586363173595479736e+00 2.023695881835616994e+00 3.452053280771019583e+00 7.519900779109918165e-01 6.782828282828283761e+01 7.171717171717173755e+01 6.076739982716135557e+01 4.000000000000000000e+01
3.552343858581806124e+00 2.180522776167068244e+00 3.430918957270001179e+00 7.499155841706145464e-01 6.697368421052631504e+01 7.315789473684210975e+01 6.152743542946732447e+01 4.000000000000000000e+01
3.473953464439375249e+00 2.006991266218929315e+00 3.129403515552407367e+00 7.844500859206916532e-01 6.062500000000000000e+01 6.700000000000000000e+01 5.535347552226588874e+01 4.000000000000000000e+01
3.375437903527041428e+00 1.806565431234991470e+00 3.120543142036797057e+00 7.724782805632531835e-01 6.284759358288768993e+01 6.417112299465239289e+01 5.590290448365297493e+01 4.000000000000000000e+01
3.586363173595479736e+00 1.968879275214654223e+00 3.310367392063671588e+00 7.884329381354724386e-01 5.756613756613757005e+01 5.661375661375662105e+01 5.275504931380543638e+01 4.000000000000000000e+01
3.586363173595479736e+00 2.274922710254045910e+00 2.883676194367188916e+00 8.319066683688526309e-01 6.006613756613757005e+01 5.661375661375662105e+01 5.601886929412884086e+01 4.000000000000000000e+01
3.515112659837269060e+00 2.335165005344451039e+00 3.167134735619896002e+00 9.025010064054372894e-01 5.839999999999999858e+01 5.950000000000000000e+01 5.522432711952270523e+01 4.000000000000000000e+01
3.646778057984198629e+00 1.544446894372636603e+00 3.373309376038507779e+00 7.029439123302999581e-01 5.948717948717948190e+01 5.948717948717947479e+01 5.240241363896372917e+01 4.000000000000000000e+01
3.335914189305273503e+00 1.882373725214796290e+00 2.807964215565703192e+00 6.358256310933965150e-01 6.417112299465240710e+01 6.417112299465239289e+01 5.689549970592160122e+01 4.000000000000000000e+01
6.324555320336762598e+00 4.358898943540673976e+00 4.690415759823430619e+00 8.530991280354246475e-01 5.779040404040403445e+01 5.858585858585858119e+01 5.380790512895514155e+01 4.000000000000000000e+01
3.346195160597230434e+00 1.487499547306980086e+00 3.111728544235534244e+00 9.454437941914352050e-01 4.880050505050505905e+01 3.838383838383838764e+01 4.147134250948773371e+01 4.000000000000000000e+01
3.375437903527041428e+00 1.472733357534688148e+00 3.499803178447273400e+00 8.783785760365987461e-01 6.216836734693879407e+01 6.377551020408164817e+01 5.495571361567215263e+01 4.000000000000000000e+01
3.617704769439423096e+00 1.221777610788558954e+00 3.765072423073746233e+00 8.662270828522602439e-01 5.435185185185185475e+01 5.661375661375662105e+01 4.981304016651895239e+01 4.000000000000000000e+01
3.586363173595479736e+00 2.331780377022985462e+00 3.245591815380401979e+00 8.611817991272878725e-01 6.131313131313130782e+01 6.767676767676768179e+01 5.717358689619545231e+01 4.000000000000000000e+01
3.443857242552258668e+00 2.133295158459119545e+00 3.116332049238924373e+00 8.024261049192101813e-01 6.434210526315789025e+01 7.315789473684210975e+01 5.806405958691006219e+01 4.000000000000000000e+01
6.324555320336764375e+00 4.898979485566353098e+00 4.663689526544407826e+00 8.865975730206356875e-01 5.530423280423280374e+01 5.132275132275130858e+01 5.196709295862071087e+01 4.000000000000000000e+01
3.552343858581806124e+00 2.064715725358309051e+00 3.410684436826692423e+00 7.733962733760868513e-01 6.037500000000000000e+01 6.450000000000000000e+01 5.521289992719688655e+01 4.000000000000000000e+01
3.473953464439375249e+00 1.907167413928592348e+00 3.269141255718828187e+00 6.659499763268662553e-01 6.651041666666667140e+01 7.135416666666667140e+01 6.054578517325850129e+01 4.000000000000000000e+01
3.411189702003358359e+00 1.722853095247564914e+00 3.059549195530144594e+00 7.104063306366334984e-01 6.163265306122450937e+01 5.663265306122450227e+01 5.406041021565734894e+01 4.000000000000000000e+01
3.427873620019257661e+00 1.451738680710129348e+00 3.294761913695038569e+00 7.961779542833791190e-01 6.049465240641711006e+01 5.828877005347592899e+01 5.498367213465778036e+01 4.000000000000000000e+01
3.346195160597230434e+00 1.958966075559322562e+00 3.148390590786867449e+00 6.577679505219090617e-01 7.145408163265308588e+01 7.806122448979593287e+01 6.342203716754436726e+01 4.000000000000000000e+01
3.586363173595479736e+00 1.483895695674813719e+00 3.516498626949780437e+00 8.887833668885906091e-01 5.657894736842105488e+01 5.210526315789473983e+01 5.131752422068296937e+01 4.000000000000000000e+01
3.346195160597230434e+00 2.174930839016133710e+00 2.846231460578286132e+00 7.840722858739315182e-01 5.837500000000000000e+01 6.450000000000000000e+01 5.298429522195864649e+01 4.000000000000000000e+01
3.411189702003358359e+00 1.923816967611925000e+00 2.643835244902701831e+00 7.487526973666839281e-01 5.652406417112299408e+01 4.652406417112299408e+01 5.012409049321101406e+01 4.000000000000000000e+01
3.443857242552258668e+00 2.041533708203650210e+00 3.310980601186840122e+00 8.295633496614144287e-01 5.412500000000000000e+01 5.200000000000000000e+01 4.884691068817456028e+01 4.000000000000000000e+01
3.646778057984198629e+00 1.775887536959624535e+00 3.643642380947834880e+00 7.759551718137476239e-01 5.776315789473685669e+01 5.210526315789473983e+01 5.225933782683904383e+01 4.000000000000000000e+01
3.402564240911784665e+00 1.738007887922219163e+00 3.068696342549823264e+00 6.666384633989359543e-01 6.256410256410254789e+01 6.102564102564102910e+01 5.465914180875520145e+01 4.000000000000000000e+01
3.473953464439375249e+00 2.081100570905360492e+00 3.046464233676182687e+00 7.751010359289285390e-01 5.875000000000000000e+01 5.700000000000000000e+01 5.310518876309436109e+01 4.000000000000000000e+01
3.346195160597230434e+00 2.070417402042644461e+00 3.000468148484910280e+00 7.605318847036858232e-01 6.039473684210526727e+01 5.473684210526315752e+01 5.443972349588619863e+01 4.000000000000000000e+01
3.291665350506605581e+00 1.213305875819849833e+00 3.256721575912473465e+00 8.826075717867122306e-01 5.841836734693879407e+01 5.663265306122450227e+01 5.112000663605519435e+01 4.000000000000000000e+01
3.241313193385526148e+00 2.007829377205692989e+00 2.994548716167480418e+00 8.063688050336942359e-01 5.851851851851851904e+01 5.661375661375662105e+01 5.375570230277803319e+01 4.000000000000000000e+01
3.552343858581806124e+00 1.973984560332938454e+00 3.262606642623905540e+00 7.200889998378268153e-01 6.657828282828283761e+01 6.616161616161616621e+01 6.004298780386263701e+01 4.000000000000000000e+01
3.375437903527041428e+00 2.260864267511063286e+00 2.933379090898540209e+00 7.948309061012786003e-01 5.982804232804232925e+01 6.137566137566138735e+01 5.520650073347073317e+01 4.000000000000000000e+01
3.515112659837269060e+00 2.095617004924551274e+00 3.148646137042244053e+00 7.996073926849247560e-01 6.108585858585858119e+01 6.767676767676768179e+01 5.581509900372444832e+01 4.000000000000000000e+01
6.324555320336766151e+00 3.741657386773939109e+00 4.913538149119955456e+00 6.983520179696854902e-01 6.652406417112300119e+01 6.417112299465239289e+01 5.948974786707793072e+01 4.000000000000000000e+01
3.552343858581806124e+00 1.438327849578693529e+00 3.400983984701256180e+00 8.710025111180641488e-01 6.215384615384614619e+01 5.948717948717947479e+01 5.563414820785817483e+01 4.000000000000000000e+01
3.411189702003358359e+00 1.856366091316877798e+00 3.021459199991700206e+00 6.709577663966135308e-01 6.815384615384616041e+01 6.615384615384614619e+01 6.111112298235963891e+01 4.000000000000000000e+01
3.586363173595479736e+00 1.420807812414873084e+00 3.632815713886185627e+00 8.397063823528886362e-01 5.824494949494950902e+01 5.505050505050505194e+01 5.266536178103745414e+01 4.000000000000000000e+01
3.335914189305273503e+00 1.637822188150906078e+00 3.129954317549330067e+00 6.691596263102377318e-01 6.225935828877005918e+01 6.417112299465239289e+01 5.618065573986971373e+01 4.000000000000000000e+01
3.427873620019257661e+00 1.109761788660323267e+00 3.854855654498445361e+00 9.184288382566910824e-01 5.402173913043476716e+01 5.815217391304345540e+01 5.002592820826416187e+01 4.000000000000000000e+01
3.443857242552258668e+00 2.172204460590434039e+00 3.217502990512885575e+00 7.547580775828347521e-01 6.289473684210526017e+01 6.789473684210526017e+01 5.679339838997833567e+01 4.000000000000000000e+01
3.335914189305273503e+00 1.448621082028665352e+00 3.546950020787044799e+00 7.184450402018760506e-01 5.755347593582888521e+01 5.240641711229945798e+01 5.099460166195349586e+01 4.000000000000000000e+01
3.515112659837269060e+00 1.589430481424118025e+00 2.925656681611710663e+00 5.864320138566500029e-01 6.525641025641024839e+01 6.102564102564102910e+01 5.723429812959555107e+01 4.000000000000000000e+01
3.411189702003358359e+00 1.966307221637433100e+00 3.219382884595579863e+00 7.589550024252115223e-01 6.052631578947368496e+01 6.263157894736841769e+01 5.429277352001059853e+01 4.000000000000000000e+01
3.552343858581806124e+00 1.770241996090531345e+00 3.464066818103319179e+00 7.938018758899972882e-01 5.925000000000000000e+01 5.950000000000000000e+01 5.389576992317302029e+01 4.000000000000000000e+01
3.411189702003358359e+00 1.719444769278677176e+00 3.256012378374260940e+00 7.909126651002301722e-01 6.632051282051281760e+01 6.615384615384614619e+01 5.850807092296267342e+01 4.000000000000000000e+01
3.617704769439423096e+00 2.220643034922918702e+00 3.268556372468922167e+00 7.959434994661831464e-01 5.756613756613757005e+01 5.899470899470900775e+01 5.317774668120807036e+01 4.000000000000000000e+01
3.501871511350209687e+00 2.035379869041061163e+00 2.848395260141756591e+00 6.585164625319712695e-01 7.234693877551022467e+01 8.163265306122450227e+01 6.421817309222122105e+01 4.000000000000000000e+01
3.586363173595479736e+00 1.849899521301034966e+00 3.432956512221512657e+00 8.721223215554968489e-01 6.372994652406417515e+01 6.417112299465239289e+01 5.788523811665593399e+01 4.000000000000000000e+01
3.443857242552258668e+00 1.973023280360572063e+00 3.241654113721081476e+00 6.909162817918761412e-01 6.963541666666667140e+01 7.447916666666667140e+01 6.197859185230121426e+01 4.000000000000000000e+01
3.335914189305273503e+00 2.092946135922918671e+00 3.067339830720399174e+00 7.648110532715971521e-01 6.312500000000000000e+01 6.950000000000000000e+01 5.726932083602498835e+01 4.000000000000000000e+01
3.427873620019257661e+00 1.073985662936319807e+00 3.314454017339988567e+00 8.627030268871507257e-01 5.062500000000000000e+01 4.950000000000000000e+01 4.516689774605280405e+01 4.000000000000000000e+01
3.427873620019257661e+00 1.145466924742242654e+00 3.725475528521742241e+00 9.259964977594828950e-01 4.950000000000000000e+01 4.150000000000000000e+01 4.544129988324363012e+01 4.000000000000000000e+01
3.411189702003358359e+00 1.720500219450466162e+00 3.263338384304942164e+00 6.554045810955113627e-01 6.135416666666667140e+01 5.885416666666667140e+01 5.409785091155486469e+01 4.000000000000000000e+01
3.515112659837269060e+00 1.277434667083462871e+00 3.627061115072914621e+00 8.555588111243634941e-01 6.056122448979593287e+01 5.663265306122450227e+01 5.334495068045507793e+01 4.000000000000000000e+01
3.473953464439375249e+00 1.752156350149172592e+00 3.008895776672599887e+00 7.488962271761160361e-01 6.987179487179487580e+01 7.256410256410256920e+01 6.102304014741544336e+01 4.000000000000000000e+01
3.335914189305273503e+00 2.341907381065160276e+00 3.082945663817109772e+00 7.717875616177117815e-01 6.437500000000000000e+01 6.950000000000000000e+01 5.813994307345242163e+01 4.000000000000000000e+01
3.586363173595479736e+00 1.785228268630198567e+00 3.272721686549542763e+00 6.551152798069924676e-01 6.151041666666667140e+01 6.510416666666667140e+01 5.555967778604317431e+01 4.000000000000000000e+01
3.443857242552258668e+00 1.724714358976113804e+00 3.133708624188013214e+00 8.250290306477914282e-01 5.054232804232804455e+01 4.708994708994709555e+01 4.572256950574087853e+01 4.000000000000000000e+01
3.552343858581806124e+00 1.708688283050362244e+00 3.166383522043756837e+00 9.553640721822415083e-01 5.047193877551019625e+01 4.948979591836735636e+01 4.836176599082300953e+01 4.000000000000000000e+01
3.411189702003358359e+00 2.146085198260579752e+00 3.514928303742455462e+00 8.906838296258441368e-01 5.864583333333333570e+01 4.947916666666666430e+01 5.424781101805201899e+01 4.000000000000000000e+01
3.443857242552258668e+00 2.084317161178869782e+00 2.976531105988706294e+00 7.741850898024167371e-01 6.143939393939394478e+01 6.616161616161616621e+01 5.549124908249368815e+01 4.000000000000000000e+01
3.335914189305273503e+00 1.292248069048809622e+00 3.087124998466186376e+00 9.729000313243643117e-01 6.593750000000001421e+01 6.614583333333334281e+01 5.797448693724093971e+01 4.000000000000000000e+01
3.552343858581806124e+00 2.270752250414480589e+00 3.183834382074662184e+00 8.612578535388030199e-01 5.589999999999999858e+01 5.350000000000000000e+01 5.275338508433040374e+01 4.000000000000000000e+01
3.586363173595479736e+00 1.483895695674815274e+00 3.513533161499237334e+00 8.658040337279053755e-01 5.407828282828284472e+01 5.505050505050505194e+01 4.853836992892023261e+01 4.000000000000000000e+01
3.473953464439375249e+00 1.817743753329531975e+00 3.240143909608821371e+00 6.546025647361726207e-01 6.005050505050505905e+01 6.338383838383838764e+01 5.449430147059726437e+01 4.000000000000000000e+01
3.586363173595479736e+00 2.402141760933343306e+00 3.122736066176363234e+00 8.485810032610342502e-01 6.449494949494949481e+01 7.676767676767676107e+01 5.963951499166875436e+01 4.000000000000000000e+01
3.586363173595479736e+00 1.935606840701439735e+00 3.431068510912403724e+00 6.967911208404178325e-01 6.697916666666667140e+01 7.447916666666667140e+01 6.026379101374470082e+01 4.000000000000000000e+01
3.552343858581806124e+00 1.926208318109738249e+00 3.583283199340043357e+00 8.022174730828485201e-01 5.744708994708994254e+01 5.661375661375662105e+01 5.222104909438834852e+01 4.000000000000000000e+01
3.552343858581806124e+00 1.390389170315909029e+00 3.342938960072354693e+00 1.020957197512566861e+00 7.650000000000000000e+01 7.950000000000000000e+01 6.580730023142714913e+01 4.000000000000000000e+01
3.411189702003358359e+00 1.825700122815098858e+00 3.349869882676441701e+00 6.739900783226080438e-01 6.807291666666667140e+01 6.822916666666667140e+01 6.043630187713409896e+01 4.000000000000000000e+01
3.515112659837269060e+00 2.110019309123825071e+00 3.494824291387256032e+00 9.107145946065339226e-01 5.629999999999999716e+01 4.950000000000000000e+01 5.311643258967559689e+01 4.000000000000000000e+01
3.586363173595479736e+00 1.612432874642857117e+00 3.336333714616369406e+00 8.172305963111061722e-01 5.593582887700535622e+01 5.534759358288769704e+01 4.983616793212653562e+01 4.000000000000000000e+01
3.586363173595479736e+00 1.467889544974973148e+00 3.760961294009910638e+00 8.464589036752500073e-01 5.962500000000000000e+01 5.950000000000000000e+01 5.451938489792782150e+01 4.000000000000000000e+01
3.335914189305273503e+00 1.684834497228206773e+00 3.506743516070056632e+00 7.430876461791972032e-01 6.446524064171123314e+01 6.417112299465239289e+01 5.764438223647145776e+01 4.000000000000000000e+01
3.617704769439423096e+00 1.698941650469296238e+00 3.694686044558032734e+00 7.840706765755796059e-01 5.662500000000000000e+01 5.450000000000000000e+01 5.196877824629589782e+01 4.000000000000000000e+01
3.501871511350209687e+00 2.337746750552611719e+00 2.849036588121922176e+00 8.664065883987918104e-01 5.800000000000000000e+01 5.200000000000000000e+01 5.336580669686991740e+01 4.000000000000000000e+01
3.586363173595479736e+00 1.705321759141656734e+00 3.415763283971430919e+00 7.409720906638619375e-01 6.314171122994653729e+01 6.417112299465239289e+01 5.715118341126392210e+01 4.000000000000000000e+01
3.375437903527041428e+00 1.624504792712470724e+00 3.133904899787232079e+00 7.992038350828165605e-01 5.616161616161617331e+01 4.949494949494949481e+01 4.973923620673222956e+01 4.000000000000000000e+01
3.443857242552258668e+00 1.823907848239987306e+00 3.209084358908161683e+00 7.066364859087354011e-01 6.635416666666667140e+01 6.822916666666667140e+01 5.867676178276384036e+01 4.000000000000000000e+01
3.552343858581806124e+00 2.270309219887980845e+00 3.145703477465414455e+00 8.753670547185494755e-01 5.710858585858585457e+01 6.767676767676768179e+01 5.318089005121630919e+01 4.000000000000000000e+01
3.586363173595479736e+00 1.760784254976665686e+00 3.280047574671827615e+00 6.294221855768292739e-01 6.248717948717947479e+01 6.615384615384614619e+01 5.560639932431475785e+01 4.000000000000000000e+01
3.443857242552258668e+00 2.200975232410581128e+00 2.992337290069673639e+00 7.546002457794798168e-01 6.699494949494950902e+01 7.727272727272729469e+01 6.082396173314677412e+01 4.000000000000000000e+01
3.346195160597230434e+00 1.825361748125031491e+00 3.301638745873574088e+00 6.926572314419501275e-01 6.588541666666667140e+01 7.135416666666667140e+01 5.905891176376141516e+01 4.000000000000000000e+01
3.411189702003358359e+00 1.923816967611924111e+00 3.132446952220879322e+00 7.785210757147724703e-01 5.880050505050505905e+01 6.060606060606060908e+01 5.264974393053852708e+01 4.000000000000000000e+01
3.427873620019257661e+00 1.992370347452864010e+00 2.939406142817843737e+00 7.635308569611120033e-01 5.643939393939394478e+01 5.227272727272728048e+01 5.093682435474747194e+01 4.000000000000000000e+01
3.552343858581806124e+00 1.469819844269061537e+00 3.543654415708339389e+00 8.411280759163167753e-01 6.432291666666667140e+01 6.822916666666667140e+01 5.746323722824701719e+01 4.000000000000000000e+01
3.515112659837269060e+00 1.830601622249133253e+00 3.685278680414912245e+00 8.178799914919272496e-01 5.574494949494949481e+01 5.631313131313130782e+01 5.054470824119319872e+01 4.000000000000000000e+01
3.402564240911784665e+00 2.153195518625655502e+00 2.794635669666969413e+00 7.449371830831273966e-01 6.270053475935829113e+01 6.711229946524063905e+01 5.696951165911634263e+01 4.000000000000000000e+01
3.586363173595479736e+00 2.360483792476619769e+00 3.231093208009884421e+00 8.169186031869293263e-01 6.043478260869565588e+01 6.902173913043476716e+01 5.651538810896985865e+01 4.000000000000000000e+01
3.501871511350209687e+00 1.810852241674501206e+00 3.532429759502279776e+00 7.538144035447768010e-01 5.810606060606062329e+01 5.505050505050505194e+01 5.240544433139442049e+01 4.000000000000000000e+01
3.411189702003358359e+00 1.759542436544883737e+00 3.214813627229278659e+00 8.626086593765149857e-01 5.812500000000000000e+01 4.950000000000000000e+01 5.296085052785370095e+01 4.000000000000000000e+01
3.552343858581806124e+00 1.212627101548796604e+00 3.724581927109702928e+00 9.327414277347669813e-01 5.363756613756613945e+01 5.185185185185186185e+01 4.880503518802820651e+01 4.000000000000000000e+01
3.515112659837269060e+00 1.671442019254610445e+00 3.314378250597541431e+00 7.133505857109340154e-01 5.810606060606062329e+01 6.338383838383838764e+01 5.197533284588152469e+01 4.000000000000000000e+01
3.335914189305273503e+00 1.627857861507231663e+00 3.344286333568307068e+00 7.351029182879396107e-01 5.618421052631580181e+01 5.736842105263158231e+01 5.106052179154281134e+01 4.000000000000000000e+01
3.552343858581806124e+00 1.485990148839641201e+00 3.717818273180777844e+00 8.963050532538808790e-01 5.906250000000001421e+01 6.614583333333332860e+01 5.639999031487896985e+01 4.000000000000000000e+01
3.346195160597230434e+00 2.161477499484954379e+00 2.920686883555657865e+00 8.226107505930386754e-01 5.866161616161617331e+01 4.671717171717171624e+01 5.265948741597330240e+01 4.000000000000000000e+01
3.617704769439423096e+00 1.448992095440332806e+00 3.362724237507272562e+00 8.381873271274555837e-01 6.026315789473684248e+01 5.736842105263158231e+01 5.514102235860214307e+01 4.000000000000000000e+01
3.375437903527041428e+00 1.728062029958075785e+00 3.036633637705977939e+00 7.082832873247010275e-01 5.532828282828284472e+01 5.782828282828282340e+01 4.962477549373596730e+01 4.000000000000000000e+01
3.586363173595479736e+00 2.508245660113585629e+00 3.090780457303217155e+00 9.020113387685203543e-01 5.770000000000000284e+01 5.750000000000000000e+01 5.499568293054090873e+01 4.000000000000000000e+01
3.375437903527041428e+00 2.012346617085557288e+00 3.240677558494510890e+00 8.123003285002172724e-01 5.869949494949495516e+01 6.767676767676768179e+01 5.398457908442573228e+01 4.000000000000000000e+01
3.402564240911784665e+00 2.105295082279191821e+00 2.898649113865521265e+00 6.673679419200871932e-01 6.765384615384616041e+01 6.948717948717947479e+01 6.056993591478544658e+01 4.000000000000000000e+01
3.402564240911784665e+00 2.038334265783384502e+00 3.212420192344134229e+00 6.529152526091916986e-01 7.515384615384616041e+01 8.615384615384616041e+01 6.647318714038250675e+01 4.000000000000000000e+01
3.473953464439375249e+00 1.930782036686521375e+00 3.250187770971408430e+00 6.671226897021959035e-01 6.185606060606062329e+01 6.616161616161616621e+01 5.673836303384455704e+01 4.000000000000000000e+01
3.586363173595479736e+00 2.035382528123291568e+00 3.285068669495980753e+00 7.120405484109210148e-01 6.637700534759358106e+01 7.005347593582887100e+01 6.003244878028343123e+01 4.000000000000000000e+01
6.324555320336764375e+00 4.358898943540673088e+00 4.707217302912848567e+00 8.386152060653576656e-01 5.510869565217390686e+01 5.815217391304345540e+01 5.164008860905184406e+01 4.000000000000000000e+01
3.515112659837269060e+00 1.929763420769190718e+00 3.407339276841776954e+00 7.325564590787364549e-01 6.949494949494950902e+01 7.727272727272729469e+01 6.208849896973612204e+01 4.000000000000000000e+01
3.375437903527041428e+00 1.701423712623193252e+00 3.261931065008258912e+00 9.781034381129329880e-01 4.869565217391303946e+01 4.293478260869564167e+01 4.408156884600197145e+01 4.000000000000000000e+01
3.473953464439375249e+00 1.834629509284803284e+00 3.141528270218608032e+00 6.929125378892808662e-01 5.979166666666667140e+01 6.197916666666667140e+01 5.313058530232318333e+01 4.000000000000000000e+01
3.515112659837269060e+00 2.099497356722775709e+00 3.412822133215834164e+00 8.421158607777596838e-01 5.916666666666667140e+01 5.781249999999999289e+01 5.465547640782342853e+01 4.000000000000000000e+01
3.586363173595479736e+00 1.901155700610865029e+00 2.956662684373098315e+00 7.066205105636145234e-01 6.322916666666667140e+01 6.510416666666667140e+01 5.692872246474603060e+01 4.000000000000000000e+01
3.375437903527041428e+00 1.901326330284796473e+00 2.965178920139857066e+00 6.545160338839823844e-01 6.556122448979593287e+01 6.377551020408164817e+01 5.820446545955367412e+01 4.000000000000000000e+01
3.314454017339988567e+00 2.118273403145676692e+00 3.070453389382776788e+00 7.383219269595499012e-01 6.736842105263157521e+01 7.315789473684210975e+01 6.086170097543455171e+01 4.000000000000000000e+01
3.473953464439375249e+00 1.633177457717501335e+00 3.272404464991763184e+00 8.696792318147450462e-01 5.200000000000000000e+01 4.950000000000000000e+01 4.860714077371640940e+01 4.000000000000000000e+01
3.346195160597230434e+00 2.202409254368609570e+00 2.947855831988710928e+00 7.532422585398947934e-01 6.116161616161617331e+01 6.060606060606060908e+01 5.510134868926910201e+01 4.000000000000000000e+01
2.430710570620360222e+00 1.103054252422069448e+00 2.541280878975304081e+00 7.353939901697746917e-01 6.306122448979593287e+01 6.377551020408164817e+01 5.529679653062632383e+01 4.000000000000000000e+01
3.411189702003358359e+00 1.750396258794106874e+00 3.116822693238520792e+00 6.076007391656246259e-01 6.841836734693877986e+01 6.734693877551022467e+01 6.037645798567744038e+01 4.000000000000000000e+01
3.375437903527041428e+00 1.982381334079511781e+00 3.095159767831621167e+00 7.220993101955265336e-01 6.078877005347593609e+01 6.122994652406416094e+01 5.459805660235434033e+01 4.000000000000000000e+01
3.501871511350209687e+00 2.087722983133654342e+00 3.038880212892880017e+00 7.600124344938616883e-01 6.799465240641710295e+01 7.593582887700534911e+01 6.172146988847010363e+01 4.000000000000000000e+01
3.411189702003358359e+00 2.033660891788510394e+00 2.960217244279892856e+00 7.877010644746785806e-01 5.671052631578947967e+01 5.736842105263158231e+01 5.135633064906357959e+01 4.000000000000000000e+01
3.552343858581806124e+00 1.225915844378471897e+00 3.732062538237958638e+00 9.214028480686945466e-01 4.885416666666667140e+01 4.739583333333332860e+01 4.448846177185406248e+01 4.000000000000000000e+01
3.586363173595479736e+00 1.967856857078712274e+00 3.396434169800602199e+00 8.011184507424521373e-01 5.589947089947089154e+01 5.661375661375662105e+01 5.137548068390890421e+01 4.000000000000000000e+01
3.411189702003358359e+00 2.003378223960128324e+00 3.031433133020797310e+00 7.733681385198707403e-01 6.012500000000000000e+01 5.950000000000000000e+01 5.547320218902144262e+01 4.000000000000000000e+01
3.515112659837269060e+00 1.956086271583482139e+00 3.261333812854469105e+00 7.436169532397423065e-01 6.315789473684211686e+01 6.789473684210526017e+01 5.694417242350781549e+01 4.000000000000000000e+01
3.552343858581806124e+00 2.124248246979243415e+00 2.651048152058606000e+00 7.953107409833012342e-01 5.537500000000000000e+01 5.200000000000000000e+01 5.043196589570666788e+01 4.000000000000000000e+01
3.473953464439375249e+00 2.024640973094073981e+00 3.011264084999123458e+00 7.379538862650921738e-01 6.770053475935830534e+01 7.005347593582887100e+01 6.152975692124893925e+01 4.000000000000000000e+01
3.515112659837269060e+00 2.285454742447711851e+00 3.094097547641717405e+00 8.303177467405872259e-01 5.978260869565217916e+01 5.815217391304345540e+01 5.513081730399456148e+01 4.000000000000000000e+01
3.473953464439375249e+00 1.982688037407137838e+00 3.037427653159680219e+00 7.891272605297363629e-01 5.915384615384614619e+01 5.615384615384613909e+01 5.232340699275836471e+01 4.000000000000000000e+01
3.515112659837269060e+00 1.839695806871926909e+00 3.598131845394953565e+00 7.870590225877394097e-01 5.875000000000000000e+01 5.950000000000000000e+01 5.290772145107457192e+01 4.000000000000000000e+01
3.411189702003358359e+00 1.444672874961625775e+00 3.298471110065378298e+00 7.444124940430112414e-01 6.822916666666667140e+01 5.781250000000001421e+01 5.916204230917323770e+01 4.000000000000000000e+01
3.411189702003358359e+00 1.516391870162943967e+00 3.014708824911756846e+00 9.265622694349768818e-01 4.934210526315789735e+01 4.157894736842106198e+01 4.286344365543740764e+01 4.000000000000000000e+01
3.411189702003358359e+00 1.585823023902388718e+00 3.224643003491579840e+00 8.680148802275926556e-01 5.916666666666667140e+01 5.572916666666667140e+01 5.265296195209958796e+01 4.000000000000000000e+01
3.375437903527041428e+00 1.904675977896374661e+00 3.441838861299681529e+00 7.096008126228688928e-01 6.276315789473683537e+01 6.789473684210526017e+01 5.619821391002427902e+01 4.000000000000000000e+01
3.552343858581806124e+00 1.822827207868280786e+00 3.596758007115511191e+00 7.102937521259449216e-01 6.102272727272729469e+01 6.616161616161616621e+01 5.490740540152422255e+01 4.000000000000000000e+01
3.375437903527044092e+00 1.782602457966002696e+00 3.173644611835958251e+00 7.364488251567946620e-01 5.729166666666667140e+01 5.572916666666667140e+01 5.075580172882210661e+01 4.000000000000000000e+01
3.586363173595479736e+00 1.746467035210724328e+00 3.680842354093933011e+00 7.271993236797359428e-01 6.637700534759358106e+01 7.005347593582887100e+01 5.920031894628098001e+01 4.000000000000000000e+01
3.335914189305273503e+00 1.350696462193851533e+00 3.153054568043563766e+00 1.010778588193773420e+00 4.825000000000000000e+01 4.200000000000000000e+01 4.294145920658630899e+01 4.000000000000000000e+01
3.617704769439423096e+00 2.010304644766922166e+00 3.065038842948407893e+00 7.563289532728133535e-01 5.685606060606062329e+01 5.505050505050505194e+01 5.139621411055478006e+01 4.000000000000000000e+01
3.443857242552258668e+00 1.867083985173484839e+00 3.186708769871326119e+00 7.102453825280607980e-01 6.806122448979594708e+01 7.091836734693877986e+01 6.000399522395850482e+01 4.000000000000000000e+01
2.540515226981212127e+00 1.288359471336665285e+00 2.318153342950511231e+00 6.269784931981571274e-01 6.237179487179486159e+01 6.871794871794871540e+01 5.419612338474464508e+01 4.000000000000000000e+01
3.427873620019257661e+00 1.506307770041187544e+00 3.484184386961079571e+00 8.309105990538284692e-01 5.642676767676767469e+01 5.631313131313130782e+01 5.194996778344069810e+01 4.000000000000000000e+01
3.515112659837269060e+00 2.105757327513465338e+00 3.175834564895329226e+00 8.432009184297005744e-01 5.619565217391303946e+01 5.815217391304345540e+01 5.249674038334914172e+01 4.000000000000000000e+01
3.473953464439375249e+00 1.615001178221781020e+00 3.214797949788463338e+00 7.906732865703438584e-01 5.885416666666667140e+01 6.510416666666667140e+01 5.236569326808751157e+01 4.000000000000000000e+01
2.479980506953562092e+00 1.420807812414872640e+00 2.468840722966398005e+00 7.268743066634471006e-01 6.417112299465240710e+01 6.417112299465239289e+01 5.727776595308669982e+01 4.000000000000000000e+01
3.473953464439375249e+00 1.063228939498285008e+00 3.801557996378156723e+00 8.139542442963486613e-01 5.197368421052632925e+01 5.210526315789473983e+01 4.619952586103531900e+01 4.000000000000000000e+01
3.272353897487798591e+00 1.857171632204052569e+00 3.027660247711760455e+00 6.363585978074917104e-01 6.482051282051283181e+01 6.615384615384614619e+01 5.720060103707417198e+01 4.000000000000000000e+01
3.515112659837269060e+00 1.125877088999956310e+00 3.527346437197709683e+00 7.923069143389330771e-01 5.681818181818180591e+01 5.240641711229945798e+01 5.075576141674572739e+01 4.000000000000000000e+01
3.552343858581806124e+00 1.876028259098333040e+00 3.514585917961261519e+00 7.226643941687495021e-01 6.681818181818182723e+01 7.005347593582887100e+01 6.042134236095103006e+01 4.000000000000000000e+01
6.324555320336764375e+00 4.582575694955834500e+00 5.223572942509206563e+00 8.855513257449798559e-01 6.640000000000000568e+01 7.750000000000000000e+01 6.231042311673897416e+01 4.000000000000000000e+01
3.402564240911784665e+00 2.069636219801215926e+00 2.877880174226203458e+00 6.903730974797093189e-01 6.697916666666667140e+01 6.822916666666667140e+01 5.983804398406513769e+01 4.000000000000000000e+01
3.515112659837269060e+00 1.928761315081802374e+00 3.578881445373260028e+00 8.825445207501801947e-01 5.450000000000000000e+01 5.150000000000000000e+01 5.037349714802386558e+01 4.000000000000000000e+01
3.375437903527041428e+00 1.915675295850277626e+00 3.113575971844437351e+00 6.800748669202271168e-01 6.727272727272729469e+01 7.171717171717173755e+01 6.014714244964223866e+01 4.000000000000000000e+01
3.411189702003358359e+00 1.995609045842458462e+00 3.216379921953473442e+00 7.490172775649486248e-01 6.526315789473683537e+01 7.052631578947368496e+01 5.954234584876952141e+01 4.000000000000000000e+01
3.443857242552258668e+00 1.677070295716690751e+00 3.214813627229275994e+00 7.319250576560327737e-01 6.166666666666667140e+01 6.197916666666667140e+01 5.524135182243696818e+01 4.000000000000000000e+01
3.314454017339988567e+00 1.696841210268572597e+00 2.880793502376655102e+00 7.829466067511813288e-01 5.505347593582887100e+01 5.534759358288769704e+01 4.898673184161516758e+01 4.000000000000000000e+01
3.375437903527041428e+00 1.961893329258142415e+00 3.169890997099239716e+00 7.324762467390273368e-01 5.921717171717173045e+01 6.060606060606060908e+01 5.337044811927303556e+01 4.000000000000000000e+01
3.346195160597230434e+00 1.591121462464749836e+00 3.341495265715732632e+00 7.906304938925571291e-01 5.744791666666667140e+01 4.947916666666667140e+01 5.030452110044046776e+01 4.000000000000000000e+01
3.473953464439375249e+00 1.160865082180793317e+00 3.402564240911783777e+00 8.849276948050596170e-01 4.923913043478260931e+01 4.293478260869564167e+01 4.479528983262316899e+01 4.000000000000000000e+01
3.443857242552258668e+00 1.696609047423273342e+00 2.937231393854430994e+00 8.920335234585523576e-01 6.038265306122450937e+01 6.020408163265307877e+01 5.321309214581902580e+01 4.000000000000000000e+01
3.515112659837269060e+00 1.880482826768163029e+00 2.848980545649132168e+00 7.295769497641945156e-01 6.034759358288770414e+01 6.122994652406416094e+01 5.397662307845450869e+01 4.000000000000000000e+01
3.443857242552258668e+00 1.513331440538913331e+00 3.039468524153737583e+00 7.971035432501216711e-01 5.588383838383839475e+01 4.393939393939394478e+01 4.943225122659342219e+01 4.000000000000000000e+01
3.411189702003358359e+00 1.808295042614737946e+00 2.963354614639942319e+00 6.651779163305753251e-01 6.915384615384616041e+01 7.948717948717948900e+01 6.156895006404475623e+01 4.000000000000000000e+01
3.586363173595479736e+00 2.338219548113404489e+00 3.207877175372733980e+00 8.710791928961826303e-01 6.163043478260868824e+01 6.249999999999998579e+01 5.821200660900400692e+01 4.000000000000000000e+01
3.552343858581806124e+00 2.256988841827195724e+00 2.927901469009787316e+00 8.443496997859097908e-01 6.316137566137566495e+01 6.375661375661375985e+01 5.876757237731314376e+01 4.000000000000000000e+01
3.346195160597230434e+00 1.571435672960770358e+00 2.891092358644346216e+00 7.811702725774362088e-01 5.515384615384614619e+01 5.948717948717947479e+01 4.820479653279385701e+01 4.000000000000000000e+01
3.586363173595479736e+00 1.807742734433935183e+00 3.460297568803237578e+00 9.163205661207440844e-01 4.989583333333333570e+01 4.322916666666667140e+01 4.600075300035243941e+01 4.000000000000000000e+01
3.443857242552258668e+00 1.458507904334218619e+00 3.361426108371035948e+00 7.444717044964613839e-01 6.656250000000000000e+01 6.614583333333334281e+01 5.766699145246958125e+01 4.000000000000000000e+01
3.443857242552258668e+00 2.438201790171426353e+00 3.238132175269620827e+00 8.880512428686556659e-01 5.970000000000000284e+01 5.950000000000000000e+01 5.543691861766968287e+01 4.000000000000000000e+01
3.586363173595479736e+00 2.113518382806782281e+00 3.177462571523872903e+00 7.422101001413655696e-01 6.315789473684211686e+01 6.526315789473683537e+01 5.687580192242092636e+01 4.000000000000000000e+01
3.586363173595479736e+00 2.023695881835616550e+00 3.056872507940284311e+00 8.520653336193902971e-01 5.195652173913041594e+01 5.380434782608694633e+01 4.853816165822340167e+01 4.000000000000000000e+01
3.375437903527044092e+00 1.702468100894255265e+00 3.124668707904292297e+00 6.086280567708776124e-01 6.698979591836736347e+01 6.734693877551022467e+01 5.863811159963042030e+01 4.000000000000000000e+01
3.617704769439423096e+00 1.496863612452127068e+00 3.658080261270853839e+00 9.230787179252817332e-01 5.225000000000000000e+01 4.700000000000000000e+01 4.669724616318480770e+01 4.000000000000000000e+01
3.411189702003358359e+00 1.661162039935428325e+00 3.129965652848308633e+00 7.658186029869691325e-01 6.681122448979593287e+01 7.091836734693877986e+01 5.883052196739623696e+01 4.000000000000000000e+01
3.515112659837269060e+00 1.856366091316880018e+00 3.391334837585091577e+00 6.532722083818290892e-01 6.417112299465240710e+01 6.417112299465239289e+01 5.901396609591765241e+01 4.000000000000000000e+01
3.335914189305273503e+00 1.533674686838556234e+00 3.131711567562575294e+00 9.492533048921931726e-01 4.958333333333334281e+01 4.114583333333333570e+01 4.532547956829946401e+01 4.000000000000000000e+01
2.479980506953562092e+00 1.257660785076474719e+00 2.513841977626063873e+00 7.891482863473539000e-01 5.965384615384614619e+01 5.948717948717947479e+01 5.308662915221658096e+01 4.000000000000000000e+01
3.375437903527041428e+00 1.986001907974440428e+00 2.797791618788264767e+00 6.791994181455126567e-01 6.446524064171123314e+01 6.711229946524063905e+01 5.738712109472269418e+01 4.000000000000000000e+01
3.443857242552258668e+00 2.113930817004600726e+00 3.226167366039077056e+00 7.455535226519983683e-01 6.652406417112300119e+01 6.417112299465239289e+01 6.015194114299391259e+01 4.000000000000000000e+01
3.402564240911784665e+00 1.617925055561776349e+00 3.149750358360858371e+00 7.612805948352715513e-01 6.048717948717948190e+01 5.948717948717947479e+01 5.332412316894802018e+01 4.000000000000000000e+01
3.443857242552258668e+00 1.818735394018927920e+00 3.301785494887000905e+00 7.280171379264650522e-01 6.078877005347594320e+01 6.417112299465239289e+01 5.455766678857775531e+01 4.000000000000000000e+01
3.617704769439423096e+00 1.385151685421241785e+00 3.514631578430033265e+00 7.368352134578436408e-01 6.948717948717947479e+01 7.641025641025640880e+01 6.084498389384092576e+01 4.000000000000000000e+01
3.473953464439375249e+00 1.631433355863005197e+00 3.722609208558854021e+00 7.658636642312821596e-01 6.052631578947368496e+01 5.473684210526315752e+01 5.522246507952920069e+01 4.000000000000000000e+01
3.411189702003358359e+00 1.674779944833199252e+00 3.229120101968277368e+00 7.181037761412063514e-01 6.598717948717947479e+01 6.615384615384614619e+01 5.787991047535081179e+01 4.000000000000000000e+01
3.552343858581806124e+00 2.309661710466102580e+00 3.073192902943155946e+00 8.491140618444774635e-01 5.994708994708994254e+01 6.851851851851851904e+01 5.581381249206980755e+01 4.000000000000000000e+01
6.324555320336764375e+00 3.872983346207407251e+00 5.072803301265813580e+00 7.679423338884245887e-01 5.790404040404040131e+01 6.313131313131312083e+01 5.345894299137999894e+01 4.000000000000000000e+01
3.411189702003358359e+00 1.425367709987946929e+00 2.873232133366566021e+00 6.736753425126832395e-01 6.091836734693879407e+01 5.306122448979593287e+01 5.339353012066163018e+01 4.000000000000000000e+01
3.411189702003358359e+00 1.942522883023686475e+00 2.808340454334210978e+00 8.530862337289371045e-01 6.770408163265308588e+01 7.448979591836736347e+01 6.038976746261446493e+01 4.000000000000000000e+01
3.443857242552258668e+00 1.780852492008824672e+00 3.117436716998066348e+00 7.690175283329226952e-01 6.119791666666667140e+01 6.197916666666667140e+01 5.446599358836821381e+01 4.000000000000000000e+01
3.473953464439375249e+00 2.188631751927586855e+00 3.074097445117716987e+00 7.668764463463834113e-01 6.078947368421052744e+01 6.263157894736841769e+01 5.573746089260493619e+01 4.000000000000000000e+01
3.473953464439375249e+00 2.102330091870926232e+00 2.937589700046265406e+00 8.135219325446148009e-01 5.630050505050506615e+01 5.505050505050505194e+01 5.041591765630355582e+01 4.000000000000000000e+01
3.617704769439423096e+00 1.870750760050020167e+00 3.484705314718482327e+00 8.233600365663275022e-01 6.362500000000000000e+01 6.700000000000000000e+01 5.824189163824810578e+01 4.000000000000000000e+01
