3.375437903527044092e+00 1.961893329258141527e+00 3.676540097156260956e+00 6.445668834330122721e-01 6.041666666666667140e+01 6.822916666666667140e+01 7.337122079130826080e+01 4.000000000000000000e+01
3.617704769439423096e+00 1.677070295716690307e+00 4.645003498580122958e+00 6.475198020577915825e-01 5.546717171717173045e+01 5.505050505050505194e+01 6.763112173048659770e+01 4.000000000000000000e+01
3.375437903527041428e+00 2.200701520576142656e+00 3.544227532584505624e+00 7.392454233010071762e-01 6.130434782608695343e+01 7.119565217391303236e+01 7.701587953745898574e+01 4.000000000000000000e+01
3.443857242552258668e+00 1.696609047423274230e+00 4.171218738587644026e+00 7.121174823023499467e-01 6.229166666666667140e+01 6.197916666666667140e+01 7.577655711565783747e+01 4.000000000000000000e+01
3.473953464439375249e+00 1.978264092222640436e+00 3.840400815400406120e+00 7.063093094810150019e-01 6.088541666666667140e+01 6.197916666666667140e+01 7.424243724482990103e+01 4.000000000000000000e+01
3.411189702003358359e+00 1.849669469011465228e+00 4.010580446936452326e+00 7.078857506910171127e-01 5.979166666666667140e+01 6.197916666666667140e+01 7.254047013963494805e+01 4.000000000000000000e+01
6.324555320336760822e+00 4.358898943540670423e+00 6.285549888165231636e+00 7.431533176776643490e-01 5.427083333333334991e+01 5.156250000000000000e+01 6.693799122123016332e+01 4.000000000000000000e+01
3.346195160597230434e+00 1.884854394289735335e+00 3.652271227807663667e+00 6.712506061937528745e-01 5.697368421052631504e+01 5.736842105263158231e+01 6.980900520588542690e+01 4.000000000000000000e+01
3.411189702003358359e+00 1.895547298399654634e+00 3.893816432316502762e+00 6.096602639582494598e-01 6.682291666666667140e+01 6.822916666666667140e+01 8.306185314620709903e+01 4.000000000000000000e+01
3.314454017339988567e+00 1.976804650704269140e+00 3.516883130041058791e+00 6.762726128351522759e-01 5.960526315789473983e+01 5.736842105263158231e+01 7.289134019833804246e+01 4.000000000000000000e+01
3.411189702003358359e+00 1.895547298399653968e+00 3.716578039204301742e+00 7.241862240851133503e-01 5.150000000000000000e+01 5.200000000000000000e+01 6.195540498048494271e+01 4.000000000000000000e+01
3.552343858581806124e+00 2.458160007507539380e+00 3.676925375793974382e+00 7.740530567201612255e-01 5.531250000000000000e+01 5.156250000000000000e+01 6.831897991944835269e+01 4.000000000000000000e+01
3.443857242552258668e+00 1.913700164010283533e+00 3.773557510256627445e+00 6.448604337122243457e-01 6.034759358288770414e+01 6.417112299465239289e+01 7.415389526878642812e+01 4.000000000000000000e+01
3.473953464439375249e+00 1.907167413928590793e+00 4.251391258156303365e+00 6.558375943885260684e-01 6.078947368421052744e+01 6.263157894736841769e+01 7.634879742240045175e+01 4.000000000000000000e+01
3.617704769439423096e+00 2.305092499075507728e+00 3.944852844432417793e+00 6.835130004008669324e-01 6.407894736842105488e+01 6.789473684210526017e+01 7.925349199071135331e+01 4.000000000000000000e+01
3.552343858581806124e+00 1.917246174012340543e+00 4.676638158199525108e+00 6.488049593165249318e-01 6.588383838383839475e+01 6.616161616161616621e+01 8.258728734209601896e+01 4.000000000000000000e+01
3.473953464439375249e+00 1.903238187682961380e+00 3.989198268229013689e+00 5.902267022692507803e-01 6.591836734693877986e+01 7.091836734693877986e+01 7.940393578197594593e+01 4.000000000000000000e+01
3.443857242552258668e+00 1.913700164010281313e+00 3.818778123514771305e+00 6.394911063961000730e-01 6.604166666666667140e+01 7.447916666666667140e+01 8.066545884765308472e+01 4.000000000000000000e+01
3.473953464439375249e+00 1.185867778627802016e+00 4.115595429442365116e+00 7.897352820316178024e-01 4.864583333333333570e+01 4.114583333333333570e+01 5.849708043167051130e+01 4.000000000000000000e+01
3.586363173595479736e+00 1.452102115290485829e+00 4.861026992023941951e+00 7.137282044867244712e-01 6.025000000000000000e+01 5.950000000000000000e+01 7.396142079219353604e+01 4.000000000000000000e+01
3.411189702003358359e+00 1.895547298399653080e+00 3.919847252631674994e+00 7.020436492472033052e-01 5.460526315789473983e+01 5.473684210526315752e+01 6.701462434797002743e+01 4.000000000000000000e+01
2.430710570620360222e+00 1.125877088999955422e+00 3.191751992424340045e+00 6.530012688459345682e-01 5.915384615384614619e+01 5.948717948717947479e+01 7.236666788128952987e+01 4.000000000000000000e+01
3.402564240911784665e+00 1.821083696655927398e+00 3.754481973159150332e+00 5.488680377691833590e-01 7.322916666666667140e+01 7.447916666666667140e+01 8.938647999189346649e+01 4.000000000000000000e+01
3.411189702003358359e+00 1.921464705731439571e+00 3.880524647768445856e+00 6.189487046679623683e-01 6.104166666666667140e+01 6.197916666666667140e+01 7.466030365452731132e+01 4.000000000000000000e+01
3.375437903527041428e+00 2.016072781167976391e+00 3.964794235822122648e+00 6.213648023208800941e-01 6.776041666666667140e+01 7.447916666666667140e+01 8.435933307521999325e+01 4.000000000000000000e+01
3.314454017339988567e+00 2.079482065373687405e+00 3.518031794156133873e+00 6.585813758903680259e-01 6.240641711229945798e+01 5.828877005347592899e+01 7.602926688770965313e+01 4.000000000000000000e+01
3.375437903527041428e+00 1.483265984976933405e+00 3.842249393866412621e+00 7.066092590138866036e-01 5.619791666666667140e+01 5.572916666666667140e+01 6.791201274217719686e+01 4.000000000000000000e+01
3.352229939440702022e+00 1.733471111309856427e+00 3.661276840269488630e+00 6.112694341406582632e-01 6.552083333333332860e+01 6.614583333333334281e+01 7.783613215364928806e+01 4.000000000000000000e+01
2.479980506953562092e+00 1.169409142670268409e+00 3.208317593200590512e+00 5.817631114187101771e-01 6.864583333333334281e+01 6.614583333333334281e+01 8.252414492002213819e+01 4.000000000000000000e+01
3.552343858581806124e+00 2.053581605077687833e+00 4.582003599248412939e+00 6.973070000936728574e-01 6.500000000000000000e+01 6.950000000000000000e+01 8.185980351241876463e+01 4.000000000000000000e+01
3.375437903527041428e+00 1.396623134248802023e+00 4.115622475451133688e+00 7.257561963911868252e-01 5.882051282051282470e+01 5.282051282051281049e+01 7.125669698830793664e+01 4.000000000000000000e+01
2.501653311125224821e+00 1.013442690579665406e+00 3.283190878794045808e+00 6.386169363866887050e-01 6.635416666666667140e+01 6.614583333333334281e+01 7.929004966143894251e+01 4.000000000000000000e+01
3.501871511350209687e+00 1.766237362943188005e+00 4.484293187699853078e+00 6.645063265323299939e-01 5.546717171717171624e+01 4.949494949494949481e+01 6.784663802487045814e+01 4.000000000000000000e+01
3.552343858581806124e+00 2.118686765243162906e+00 4.231264848736600470e+00 7.209070541880653327e-01 5.792328042328043125e+01 6.375661375661375985e+01 7.187575631754612004e+01 4.000000000000000000e+01
3.411189702003358359e+00 2.324616130478847520e+00 3.902594650984487767e+00 7.411744653721457077e-01 5.506313131313130782e+01 4.949494949494948770e+01 6.826988516261556583e+01 4.000000000000000000e+01
3.443857242552258668e+00 2.348115377162789397e+00 3.609413813440546903e+00 6.926461157449104178e-01 6.625000000000000000e+01 6.950000000000000000e+01 8.328654073117530743e+01 4.000000000000000000e+01
3.335914189305273503e+00 2.195642492350681430e+00 3.837331859586850857e+00 7.885148420268366376e-01 5.573979591836735636e+01 5.841836734693878697e+01 7.057260381225589185e+01 4.000000000000000000e+01
3.375437903527041428e+00 1.853083307892007481e+00 3.857526644835273633e+00 6.030386710170216880e-01 6.838541666666667140e+01 6.822916666666667140e+01 8.483786706211286344e+01 4.000000000000000000e+01
3.501871511350209687e+00 2.277510487041876974e+00 3.725251624266123329e+00 6.940270555666914198e-01 6.236842105263157521e+01 6.000000000000000000e+01 7.740245698711632372e+01 4.000000000000000000e+01
3.473953464439375249e+00 2.368635798431839579e+00 3.747674700064103970e+00 7.881219450073559951e-01 5.956349206349205616e+01 6.613756613756611102e+01 7.594311768640409355e+01 4.000000000000000000e+01
3.346195160597230434e+00 1.690026997428969890e+00 3.798808835005562212e+00 5.701111294906586746e-01 6.002551020408163396e+01 6.377551020408164817e+01 7.213933399045039607e+01 4.000000000000000000e+01
3.375437903527041428e+00 2.273682339647006945e+00 4.013489308558581214e+00 7.266669984981736219e-01 5.697089947089947515e+01 5.661375661375662105e+01 7.083438379847913779e+01 4.000000000000000000e+01
3.375437903527041428e+00 1.757861752938489230e+00 3.793239320345789256e+00 6.976974944325763373e-01 5.850000000000000000e+01 5.450000000000000000e+01 7.244990781713990202e+01 4.000000000000000000e+01
3.375437903527041428e+00 2.453350325763145712e+00 3.743852030132069242e+00 7.264770882634763449e-01 7.199494949494949481e+01 8.585858585858585457e+01 9.125835001296908899e+01 4.000000000000000000e+01
3.501871511350209687e+00 1.725189655267894917e+00 4.173591169618338093e+00 5.244395632732361534e-01 7.006410256410256920e+01 7.256410256410256920e+01 8.506965477978199885e+01 4.000000000000000000e+01
3.411189702003358359e+00 2.010285013939998144e+00 3.364989400303099121e+00 6.347902998201214730e-01 6.526041666666667140e+01 7.135416666666667140e+01 7.994947535677466988e+01 4.000000000000000000e+01
3.515112659837269060e+00 2.207665492699009580e+00 4.068414088615368129e+00 7.223511331786333090e-01 6.040404040404038710e+01 6.767676767676768179e+01 7.590384986549661051e+01 4.000000000000000000e+01
3.443857242552258668e+00 1.640324638430586957e+00 3.631132491339665425e+00 5.736801723598101699e-01 5.822916666666667140e+01 5.572916666666667140e+01 7.073259348027694671e+01 4.000000000000000000e+01
3.515112659837269060e+00 1.906020226086587277e+00 4.088171716872402328e+00 6.910580949935902773e-01 6.105263157894737702e+01 6.526315789473683537e+01 7.491215215520561799e+01 4.000000000000000000e+01
3.411189702003358359e+00 1.680515452088511275e+00 4.161962514159478488e+00 6.274699152301022043e-01 6.282051282051282470e+01 5.948717948717947479e+01 7.606120706580347246e+01 4.000000000000000000e+01
6.324555320336764375e+00 4.795831523312719114e+00 6.640756517410389748e+00 7.770820255863859494e-01 5.579999999999999716e+01 5.950000000000000000e+01 6.972940816636629791e+01 4.000000000000000000e+01
3.586363173595479736e+00 1.389265617456331370e+00 4.482498138654325892e+00 7.247030007386874306e-01 5.351851851851851904e+01 4.470899470899471595e+01 6.497176888310788456e+01 4.000000000000000000e+01
3.375437903527041428e+00 2.360727863490928780e+00 3.781115025172858246e+00 7.635890213077884958e-01 6.166666666666667140e+01 5.989583333333332860e+01 7.784881265337497780e+01 4.000000000000000000e+01
3.443857242552258668e+00 2.179326371649329630e+00 3.775592012973603140e+00 7.014413898111828694e-01 6.075000000000000000e+01 5.450000000000000000e+01 7.582912989265004455e+01 4.000000000000000000e+01
3.552343858581806124e+00 1.917246174012341875e+00 4.012912590221211495e+00 5.959933640904963026e-01 7.148717948717948900e+01 7.615384615384616041e+01 8.781993288540866160e+01 4.000000000000000000e+01
3.411189702003358359e+00 1.828011299142143775e+00 3.927924708614416005e+00 6.369886076947570697e-01 6.475935828877005918e+01 6.417112299465239289e+01 8.018103881634226582e+01 4.000000000000000000e+01
3.443857242552258668e+00 2.133295158459119545e+00 4.141766435150699088e+00 6.723700431239122421e-01 6.289473684210526017e+01 7.052631578947368496e+01 7.799826148997496489e+01 4.000000000000000000e+01
3.617704769439423096e+00 1.208901382091163379e+00 4.984426344467006942e+00 7.657902127702501671e-01 5.199494949494948770e+01 5.176767676767676107e+01 6.298223087211624005e+01 4.000000000000000000e+01
3.443857242552258668e+00 1.886749688517131540e+00 3.954476032548159825e+00 6.857616811310159877e-01 5.750000000000000000e+01 6.000000000000000000e+01 7.132620760842924312e+01 4.000000000000000000e+01
3.411189702003358359e+00 2.043501419628634963e+00 4.000730150306248234e+00 6.676122608158119309e-01 6.315789473684211686e+01 6.789473684210526017e+01 7.884533713897570806e+01 4.000000000000000000e+01
3.375437903527041428e+00 2.018461144191480372e+00 3.521468066520707207e+00 6.931482939155662049e-01 6.262500000000000000e+01 6.450000000000000000e+01 7.784872730579951394e+01 4.000000000000000000e+01
3.375437903527041428e+00 1.605026436222665831e+00 3.713207527608255454e+00 6.808322626077807360e-01 5.697916666666667140e+01 5.260416666666667140e+01 6.870480048073027035e+01 4.000000000000000000e+01
3.473953464439375249e+00 1.148698354997035764e+00 4.233550691678840572e+00 8.283617099845886900e-01 5.030423280423281085e+01 4.232804232804233635e+01 6.037953733895781738e+01 4.000000000000000000e+01
6.324555320336766151e+00 4.898979485566350434e+00 6.455525264823715581e+00 7.908097395595290457e-01 5.762362637362636519e+01 6.291208791208790529e+01 7.231846949807916758e+01 4.000000000000000000e+01
3.375437903527041428e+00 1.680233393190091684e+00 3.894717890562318985e+00 7.993229895964176768e-01 4.854166666666667140e+01 4.114583333333333570e+01 5.842195464744828826e+01 4.000000000000000000e+01
3.411189702003358359e+00 1.828011299142141555e+00 3.667847140718220267e+00 7.905045801824588381e-01 5.085858585858585457e+01 4.040404040404040131e+01 6.162229169781506499e+01 4.000000000000000000e+01
3.515112659837269060e+00 2.395436285677457811e+00 3.976725865838627083e+00 7.980291276531301659e-01 5.358516483516482509e+01 5.714285714285713880e+01 6.531381872731411420e+01 4.000000000000000000e+01
6.324555320336767927e+00 4.690415759823427067e+00 6.916302270583390310e+00 8.273146591679299000e-01 5.839080459770115539e+01 5.977011494252871415e+01 7.319124847369781151e+01 4.000000000000000000e+01
6.324555320336762598e+00 4.242640687119283882e+00 6.544419109154365088e+00 7.487775436824031239e-01 5.137566137566138025e+01 4.232804232804233635e+01 6.187502651775448470e+01 4.000000000000000000e+01
3.515112659837269060e+00 2.291765986101293340e+00 3.926850709245814475e+00 7.453695052419292422e-01 6.326086956521738358e+01 7.554347826086956275e+01 7.922928741658729734e+01 4.000000000000000000e+01
3.552343858581806124e+00 2.160740839661320578e+00 3.756063701064897842e+00 6.990460137703571331e-01 5.842105263157894512e+01 5.210526315789473983e+01 7.113642078226776277e+01 4.000000000000000000e+01
2.479980506953562092e+00 1.213897544793072880e+00 3.136018719872957217e+00 6.275684030445856099e-01 6.127551020408164106e+01 6.377551020408164817e+01 7.390253419858480299e+01 4.000000000000000000e+01
3.375437903527044092e+00 1.657227008669991841e+00 4.007917786075670286e+00 5.664316744745874210e-01 6.698717948717948900e+01 6.871794871794871540e+01 8.040614215125908970e+01 4.000000000000000000e+01
3.617704769439423096e+00 2.238410657662659009e+00 3.715630101301589328e+00 7.454914885789450940e-01 5.565217391304346961e+01 5.597826086956520442e+01 6.922108287074010491e+01 4.000000000000000000e+01
3.346195160597230434e+00 1.717045371843283652e+00 3.704342996168984214e+00 6.521534441309911889e-01 5.682291666666667140e+01 5.572916666666667140e+01 6.879474332128077663e+01 4.000000000000000000e+01
3.346195160597230434e+00 2.161477499484954823e+00 3.988933336426683240e+00 7.110171546871451032e-01 6.449494949494949481e+01 7.222222222222221433e+01 8.228344486284555614e+01 4.000000000000000000e+01
3.443857242552258668e+00 2.084317161178868894e+00 3.695010960199705874e+00 6.529629062596116196e-01 6.637700534759359527e+01 7.005347593582887100e+01 8.277443948307464439e+01 4.000000000000000000e+01
3.375437903527044092e+00 1.702468100894254377e+00 3.780981942146368180e+00 6.115178547010529098e-01 6.198717948717947479e+01 5.948717948717947479e+01 7.567562084603058281e+01 4.000000000000000000e+01
3.411189702003358359e+00 1.784902657940263815e+00 3.679045371647735596e+00 5.554921431051362823e-01 7.044871794871794179e+01 7.256410256410256920e+01 8.426348205433366445e+01 4.000000000000000000e+01
3.515112659837269060e+00 2.313587905252996180e+00 4.304319917117416239e+00 7.716408290100272849e-01 5.679999999999999716e+01 5.750000000000000000e+01 7.119445381141733264e+01 4.000000000000000000e+01
3.411189702003358359e+00 2.203460776638944019e+00 3.706412515050418577e+00 7.388852091674795730e-01 5.880434782608696054e+01 6.902173913043476716e+01 7.317275431417317577e+01 4.000000000000000000e+01
3.586363173595479736e+00 1.405115826483646080e+00 4.293559390786192864e+00 7.066598948164575233e-01 5.994791666666667140e+01 6.197916666666667140e+01 7.287978686149526197e+01 4.000000000000000000e+01
3.473953464439375249e+00 1.874937858930225687e+00 4.307883432396399925e+00 7.140036268058148616e-01 5.847222222222221433e+01 5.858585858585858119e+01 7.358130946005597650e+01 4.000000000000000000e+01
3.335914189305273503e+00 1.924151282921134909e+00 4.087520005198273410e+00 6.614075684427955792e-01 6.122994652406417515e+01 6.122994652406416094e+01 7.470594447848377229e+01 4.000000000000000000e+01
3.272353897487798591e+00 2.061621641423335483e+00 3.662202062617149423e+00 6.540443909749923401e-01 6.328877005347593609e+01 6.417112299465239289e+01 7.831329312727308434e+01 4.000000000000000000e+01
3.586363173595479736e+00 1.854543712216394580e+00 4.078368033492945521e+00 6.663707718684840353e-01 6.227272727272729469e+01 6.060606060606060908e+01 7.697693862720632296e+01 4.000000000000000000e+01
3.515112659837269060e+00 2.313587905252994847e+00 3.857014941327188584e+00 7.234724973417127059e-01 5.915404040404040131e+01 5.858585858585858119e+01 7.408914110876888515e+01 4.000000000000000000e+01
3.443857242552258668e+00 2.029536674781132977e+00 3.863743787206140645e+00 6.699261392992720276e-01 6.199494949494950902e+01 6.616161616161616621e+01 7.665421980191982243e+01 4.000000000000000000e+01
3.473953464439375249e+00 1.361074368956821878e+00 3.993484761470542210e+00 6.722314709752146289e-01 5.815789473684211686e+01 5.210526315789473983e+01 7.122761250524956722e+01 4.000000000000000000e+01
3.473953464439375249e+00 2.033759735548089864e+00 4.311260098985380651e+00 6.816735220765803849e-01 6.662500000000000000e+01 7.450000000000000000e+01 8.398411383230632055e+01 4.000000000000000000e+01
3.515112659837269060e+00 1.906020226086588165e+00 4.646736786326576052e+00 7.642830779716718315e-01 5.531250000000001421e+01 4.531250000000000000e+01 6.833284397881008942e+01 4.000000000000000000e+01
3.473953464439375249e+00 1.971586212208532141e+00 3.775344238361634908e+00 6.603442244417030427e-01 6.314171122994653729e+01 7.005347593582887100e+01 7.763551585128583099e+01 4.000000000000000000e+01
6.324555320336766151e+00 4.582575694955832724e+00 7.033686126668791339e+00 7.629009265688894148e-01 6.260000000000000142e+01 6.750000000000000000e+01 7.895378415119650128e+01 4.000000000000000000e+01
3.473953464439375249e+00 2.040239133467531385e+00 4.105089804984265456e+00 6.324385412389630368e-01 6.322916666666667140e+01 6.510416666666667140e+01 7.780167329843001767e+01 4.000000000000000000e+01
3.443857242552258668e+00 1.989603913425656234e+00 4.220295405215447992e+00 6.535089023575986200e-01 6.518939393939396609e+01 7.171717171717173755e+01 8.150140759358900766e+01 4.000000000000000000e+01
6.324555320336762598e+00 4.690415759823425290e+00 6.711322755409517171e+00 7.756193247860543316e-01 5.939999999999999858e+01 5.950000000000000000e+01 7.438070850231449072e+01 4.000000000000000000e+01
3.411189702003358359e+00 1.776480587275394152e+00 4.037930597024011803e+00 6.653916750120143497e-01 5.657828282828284472e+01 5.505050505050505194e+01 6.880979201927256383e+01 4.000000000000000000e+01
3.443857242552258668e+00 2.022563741355297928e+00 3.842921556803238214e+00 6.565296173750666542e-01 6.137700534759357396e+01 5.240641711229945798e+01 7.539302406853057903e+01 4.000000000000000000e+01
3.375437903527044092e+00 1.986001907974439096e+00 3.543796428612609795e+00 6.634497567815296204e-01 5.725935828877005207e+01 5.240641711229945798e+01 6.913201060892464511e+01 4.000000000000000000e+01
3.515112659837269060e+00 1.772915795064504030e+00 4.011984696715759746e+00 6.077223742141972807e-01 6.448717948717947479e+01 5.948717948717947479e+01 7.841559634277268742e+01 4.000000000000000000e+01
3.586363173595479736e+00 1.575952708124078505e+00 4.592415051912110968e+00 6.147349712230283370e-01 6.798717948717948900e+01 7.282051282051281760e+01 8.419536228069996753e+01 4.000000000000000000e+01
3.443857242552258668e+00 1.986412705907818044e+00 3.689375693075961138e+00 6.654423063826750973e-01 6.225935828877005207e+01 5.828877005347592899e+01 7.585010992412961173e+01 4.000000000000000000e+01
3.515112659837269060e+00 2.127442900317823238e+00 3.851112550834594916e+00 7.360020443123230782e-01 5.813131313131312794e+01 6.313131313131312083e+01 7.286616282160180447e+01 4.000000000000000000e+01
3.272353897487798591e+00 1.818398310169518917e+00 4.161585084274702417e+00 5.255394663044644643e-01 7.256410256410255499e+01 7.641025641025640880e+01 8.918793498252674112e+01 4.000000000000000000e+01
3.617704769439423096e+00 1.870750760050018613e+00 4.516548023172512139e+00 7.371920925016244297e-01 5.972222222222222854e+01 6.540404040404040131e+01 7.433011393589119109e+01 4.000000000000000000e+01
3.473953464439375249e+00 1.526556599311595708e+00 4.313866262125268136e+00 7.315871080257818626e-01 5.605263157894737702e+01 5.210526315789473983e+01 6.902645721468067563e+01 4.000000000000000000e+01
2.501653311125224821e+00 1.094661986430041534e+00 3.132050646495842638e+00 6.318679716834174620e-01 6.544871794871795601e+01 6.487179487179487580e+01 7.884613985838129224e+01 4.000000000000000000e+01
3.552343858581806124e+00 1.407330396379514958e+00 4.499721822835002882e+00 7.150247784943285501e-01 6.432051282051283181e+01 6.615384615384614619e+01 7.808699386150455268e+01 4.000000000000000000e+01
3.552343858581806124e+00 1.343786033152178483e+00 4.512593865840867302e+00 6.150304714182662780e-01 6.348717948717948190e+01 6.282051282051281049e+01 7.741129729913251367e+01 4.000000000000000000e+01
3.552343858581806124e+00 2.004499625248189254e+00 4.398464883871616493e+00 7.339655372971845004e-01 5.771739130434781373e+01 5.597826086956520442e+01 7.235589625988183116e+01 4.000000000000000000e+01
3.515112659837269060e+00 1.187130023286579350e+00 4.579685008483115105e+00 7.867956325347446045e-01 5.487500000000000000e+01 5.450000000000000000e+01 6.721923958868076454e+01 4.000000000000000000e+01
3.411189702003358359e+00 1.841063440183751121e+00 4.017816584308491201e+00 6.647029957417426305e-01 5.880050505050506615e+01 6.060606060606060908e+01 7.267170573030415426e+01 4.000000000000000000e+01
3.443857242552258668e+00 1.916434130381951650e+00 4.061169855115428717e+00 6.775490725724591101e-01 5.643939393939394478e+01 5.227272727272728048e+01 6.874594197034728893e+01 4.000000000000000000e+01
3.411189702003358359e+00 1.784902657940265591e+00 4.038441116779594608e+00 5.954267377214835788e-01 6.398717948717948190e+01 6.615384615384614619e+01 7.821708221616920298e+01 4.000000000000000000e+01
3.586363173595479736e+00 1.467889544974973592e+00 4.543153966907239827e+00 7.040217504464285625e-01 6.157894736842105488e+01 5.736842105263158231e+01 7.544513742390613231e+01 4.000000000000000000e+01
3.473953464439375249e+00 2.113059271433765929e+00 3.548822013007088216e+00 7.506383416462153457e-01 5.225000000000000000e+01 4.700000000000000000e+01 6.322002430394246630e+01 4.000000000000000000e+01
3.346195160597230434e+00 1.665676872056109037e+00 3.933779259536316353e+00 5.478468745664516470e-01 7.064102564102562098e+01 7.641025641025640880e+01 8.502489699887365759e+01 4.000000000000000000e+01
3.473953464439375249e+00 2.182986851235793502e+00 3.966985134256985290e+00 7.315684472568960706e-01 6.445652173913043725e+01 6.902173913043476716e+01 8.167935948898103504e+01 4.000000000000000000e+01
3.335914189305273503e+00 2.062620612955086585e+00 3.490686432478455004e+00 6.913786626639545352e-01 6.263157894736841058e+01 5.736842105263158231e+01 7.699476493709713054e+01 4.000000000000000000e+01
3.411189702003358359e+00 1.698030007254223595e+00 3.798044599652748321e+00 6.158597927310366371e-01 6.234693877551022467e+01 6.020408163265307877e+01 7.587517345586887529e+01 4.000000000000000000e+01
3.515112659837269060e+00 1.101318490338617728e+00 4.566663233190219273e+00 6.692108647653949305e-01 5.784759358288768993e+01 5.534759358288769704e+01 6.976355352545355970e+01 4.000000000000000000e+01
3.346195160597230434e+00 2.281526717920230318e+00 3.627659000321969973e+00 7.005496660976738843e-01 6.487500000000000000e+01 6.950000000000000000e+01 8.053087795746577626e+01 4.000000000000000000e+01
3.279716080596871919e+00 1.964741058740442359e+00 3.704267301196354278e+00 6.421359280223791766e-01 6.637700534759359527e+01 7.005347593582887100e+01 8.199008235711012560e+01 4.000000000000000000e+01
3.375437903527041428e+00 2.195281922459058066e+00 3.727343111760528682e+00 6.933050805195797306e-01 6.462500000000000000e+01 6.200000000000000000e+01 8.079672459668030626e+01 4.000000000000000000e+01
3.552343858581806124e+00 1.485990148839640312e+00 4.354951602187157711e+00 7.159187449622544941e-01 6.365384615384614619e+01 6.282051282051281049e+01 7.695791785326724721e+01 4.000000000000000000e+01
3.443857242552258668e+00 1.612469734885435990e+00 3.992853824004656271e+00 5.699048359957783472e-01 6.288265306122449516e+01 6.377551020408164817e+01 7.641511559128352360e+01 4.000000000000000000e+01
3.411189702003358359e+00 1.550935664811453396e+00 4.389887154271155723e+00 6.514893505631804693e-01 6.871794871794871540e+01 6.487179487179487580e+01 8.310134202258275593e+01 4.000000000000000000e+01
3.402564240911784665e+00 2.029355296699081990e+00 3.773360022536406344e+00 6.205476976091446328e-01 6.432051282051283181e+01 6.615384615384614619e+01 7.845159344238349775e+01 4.000000000000000000e+01
3.402564240911784665e+00 1.919982697990691767e+00 3.426730194366816917e+00 5.775246601513537303e-01 6.833333333333332860e+01 7.256410256410256920e+01 8.170568672091350493e+01 4.000000000000000000e+01
3.335914189305273503e+00 1.725034076252578652e+00 3.897839678861366064e+00 6.575378901133213105e-01 5.917112299465240710e+01 5.828877005347592899e+01 7.186845468473127596e+01 4.000000000000000000e+01
3.515112659837269060e+00 1.377200297664967099e+00 4.518640035350105499e+00 6.331603875348397192e-01 5.872994652406417515e+01 5.828877005347592899e+01 7.206456879883587874e+01 4.000000000000000000e+01
3.515112659837269060e+00 1.125877088999956310e+00 4.281773952720792309e+00 6.970737249920976319e-01 5.858288770053476213e+01 5.828877005347592899e+01 7.118121861904346304e+01 4.000000000000000000e+01
3.346195160597230434e+00 1.888175022589803742e+00 3.483940012296361743e+00 6.639985306755199490e-01 5.824494949494950902e+01 5.505050505050505194e+01 7.167779997780313295e+01 4.000000000000000000e+01
3.586363173595479736e+00 1.935606840701439957e+00 4.776195978882352478e+00 6.711179974290985006e-01 6.526315789473683537e+01 6.789473684210526017e+01 8.142414445221456276e+01 4.000000000000000000e+01
6.324555320336764375e+00 4.472135954999571616e+00 6.948089044654388147e+00 7.182603274850524189e-01 6.222222222222222854e+01 6.540404040404040131e+01 7.820045160094753101e+01 4.000000000000000000e+01
3.352229939440702022e+00 1.975538800020685271e+00 3.652236528469474219e+00 5.913576388348904533e-01 7.359693877551022467e+01 8.520408163265307167e+01 9.014647439818712371e+01 4.000000000000000000e+01
3.515112659837269060e+00 1.614773354916105408e+00 3.950814426883033637e+00 6.946511230016116922e-01 5.225935828877005918e+01 5.240641711229945798e+01 6.275796383520403765e+01 4.000000000000000000e+01
3.617704769439423096e+00 1.146176414088217577e+00 4.613937802025838586e+00 6.828838301510709030e-01 6.064102564102564941e+01 6.102564102564102910e+01 7.259833658930034517e+01 4.000000000000000000e+01
3.473953464439375249e+00 1.136659144139364086e+00 4.651474533083063356e+00 7.167649916384798425e-01 5.979166666666667140e+01 5.885416666666667140e+01 7.265629718738733800e+01 4.000000000000000000e+01
3.586363173595479736e+00 2.035382528123291124e+00 3.909790050091927149e+00 6.231208448583323012e-01 6.869791666666667140e+01 7.447916666666667140e+01 8.414900343965160801e+01 4.000000000000000000e+01
3.515112659837269060e+00 1.584404856477753309e+00 4.276728885120849810e+00 5.519971812206677653e-01 6.681122448979593287e+01 7.091836734693877986e+01 8.129656237609346192e+01 4.000000000000000000e+01
3.515112659837269060e+00 1.856894293715809274e+00 4.055070729960496223e+00 8.318814320098640858e-01 5.743386243386242995e+01 5.502645502645501097e+01 7.201302618524812260e+01 4.000000000000000000e+01
3.515112659837269060e+00 2.127442900317825902e+00 4.770303482125749284e+00 7.323593071984570990e-01 5.826086956521738358e+01 6.032608695652172059e+01 7.376703841213766566e+01 4.000000000000000000e+01
3.552343858581806124e+00 1.391787260574933072e+00 4.452890736359019996e+00 7.228471988661880898e-01 5.673280423280423435e+01 5.423280423280424145e+01 6.986032491523580745e+01 4.000000000000000000e+01
3.473953464439375249e+00 2.032327007319318479e+00 3.410199085570013278e+00 6.662370228159223418e-01 6.343582887700535622e+01 7.005347593582887100e+01 7.699554334294904834e+01 4.000000000000000000e+01
3.375437903527044092e+00 2.053136413658843917e+00 3.787838519751891120e+00 6.242065714396893839e-01 6.979166666666667140e+01 7.447916666666667140e+01 8.629995807008181430e+01 4.000000000000000000e+01
3.346195160597230434e+00 1.687718951763520270e+00 3.946999790832699695e+00 6.563254155808617707e-01 6.082051282051281049e+01 6.282051282051281049e+01 7.383587209965595832e+01 4.000000000000000000e+01
3.443857242552258668e+00 1.596479274086296751e+00 3.970291400686206007e+00 6.353623035733622082e-01 5.877551020408164106e+01 5.663265306122450227e+01 7.015535229096698799e+01 4.000000000000000000e+01
3.346195160597230434e+00 2.035349287347993918e+00 3.731836843552619687e+00 6.483472437735179339e-01 6.385416666666667140e+01 6.822916666666667140e+01 7.741881856116273752e+01 4.000000000000000000e+01
3.451605276052132520e+00 1.694622638669915249e+00 3.919277674525207811e+00 6.051535098734049933e-01 6.145408163265306456e+01 6.377551020408164817e+01 7.305992717789413859e+01 4.000000000000000000e+01
3.515112659837269060e+00 2.138094672837542731e+00 3.825562158701539595e+00 6.790305414800422712e-01 6.421052631578947967e+01 6.526315789473683537e+01 7.954389985984747113e+01 4.000000000000000000e+01
3.473953464439375249e+00 1.453198460282266957e+00 4.435529730524660152e+00 7.445014317484872635e-01 5.921717171717171624e+01 6.060606060606060908e+01 7.336792011309212569e+01 4.000000000000000000e+01
3.443857242552258668e+00 1.736976732219686514e+00 4.250158439298408197e+00 6.647051877533736164e-01 5.532828282828283761e+01 5.505050505050505194e+01 6.735158012040425035e+01 4.000000000000000000e+01
3.552343858581806124e+00 1.542605688316086576e+00 4.485678007904097875e+00 5.580285333658021596e-01 7.064102564102562098e+01 6.871794871794871540e+01 8.566624090226127919e+01 4.000000000000000000e+01
3.473953464439375249e+00 2.071933214009505253e+00 3.838314762805543179e+00 6.641358781562907154e-01 5.740641711229945088e+01 5.534759358288769704e+01 6.991891849084771593e+01 4.000000000000000000e+01
3.411189702003358359e+00 1.674779944833201695e+00 4.125473077197148619e+00 6.586221624180561562e-01 5.637700534759358817e+01 5.828877005347592899e+01 6.859652002478013344e+01 4.000000000000000000e+01
3.473953464439375249e+00 2.188631751927587299e+00 3.703477879736930323e+00 7.365835524610270246e-01 5.710858585858586167e+01 6.313131313131312083e+01 7.138226579162282803e+01 4.000000000000000000e+01
3.515112659837269060e+00 1.313022547033054988e+00 4.369036607844795306e+00 6.722918723457933510e-01 5.948717948717947479e+01 5.948717948717947479e+01 7.170861655004314628e+01 4.000000000000000000e+01
3.515112659837269060e+00 2.095617004924551274e+00 4.270817659832703228e+00 6.820739953371244280e-01 6.587500000000000000e+01 7.450000000000000000e+01 8.234071547695472759e+01 4.000000000000000000e+01
3.515112659837269060e+00 1.150126214522814827e+00 4.755778373444055518e+00 7.430344853807000494e-01 5.915404040404040131e+01 6.767676767676768179e+01 7.228410876309607147e+01 4.000000000000000000e+01
3.473953464439375249e+00 2.047273004074205982e+00 3.857268823026941185e+00 6.726223545659086867e-01 6.104166666666667140e+01 6.510416666666667140e+01 7.351908650890825925e+01 4.000000000000000000e+01
3.552343858581806124e+00 1.770241996090530456e+00 4.163422087217457879e+00 7.377019145762810926e-01 5.597222222222222854e+01 4.949494949494948770e+01 6.922404873339613118e+01 4.000000000000000000e+01
3.314454017339988567e+00 1.595154937013574692e+00 3.910616786698128511e+00 7.200957786143366013e-01 6.906250000000000000e+01 6.614583333333334281e+01 8.286451559551997548e+01 4.000000000000000000e+01
2.430710570620360222e+00 1.065994318432684995e+00 3.212086318942088514e+00 7.266487840972495338e-01 6.282051282051282470e+01 6.282051282051281049e+01 7.680218340985663872e+01 4.000000000000000000e+01
3.314454017339988567e+00 1.760399706158278121e+00 4.131268831038912737e+00 7.288869741120688195e-01 5.210526315789473983e+01 5.210526315789473983e+01 6.328327778426157835e+01 4.000000000000000000e+01
3.402564240911784665e+00 2.059325500406066656e+00 3.842155002785699214e+00 6.087292516109364948e-01 6.915384615384616041e+01 7.615384615384616041e+01 8.458101930063820362e+01 4.000000000000000000e+01
3.346195160597230434e+00 1.790914446088356815e+00 3.916518931476500320e+00 5.551814908920933433e-01 6.794871794871795601e+01 6.871794871794871540e+01 8.247193411138228214e+01 4.000000000000000000e+01
3.473953464439375249e+00 1.631433355863007417e+00 3.711374782072198286e+00 7.040135981705744062e-01 5.211229946524063905e+01 4.652406417112299408e+01 6.278792052041854532e+01 4.000000000000000000e+01
3.515112659837269060e+00 1.839695806871926465e+00 4.267977355161987951e+00 6.203384332056919304e-01 6.776041666666667140e+01 6.822916666666667140e+01 8.427654238045795410e+01 4.000000000000000000e+01
6.324555320336767927e+00 4.358898943540665982e+00 7.032000658215979527e+00 7.370195963284040808e-01 5.718750000000000000e+01 5.572916666666665719e+01 7.231958615824609637e+01 4.000000000000000000e+01
3.617704769439423096e+00 2.102705206625856693e+00 4.136726013655372292e+00 6.445131366477163670e-01 6.622994652406417515e+01 6.417112299465239289e+01 8.153464351195349025e+01 4.000000000000000000e+01
3.346195160597230434e+00 2.101576905995643507e+00 3.698457165800490110e+00 6.877521785273246202e-01 6.131578947368421240e+01 6.000000000000000000e+01 7.571243374376895474e+01 4.000000000000000000e+01
3.515112659837269060e+00 1.977578503571542079e+00 3.907708877106292888e+00 7.771878890821439789e-01 5.223901098901098550e+01 4.560439560439560580e+01 6.428637427614002320e+01 4.000000000000000000e+01
3.586363173595479736e+00 1.161072213126828290e+00 4.623371770550112281e+00 7.061696994164622376e-01 5.697916666666667140e+01 4.635416666666667140e+01 6.788976698805598176e+01 4.000000000000000000e+01
3.411189702003358359e+00 2.173507319180712383e+00 3.728497845256550924e+00 7.259449698798879913e-01 5.550000000000000000e+01 4.700000000000000000e+01 6.812561206238032696e+01 4.000000000000000000e+01
3.375437903527041428e+00 2.160740839661320134e+00 3.665947693628871740e+00 7.061403845776735855e-01 6.287500000000000000e+01 6.950000000000000000e+01 7.893467164239399381e+01 4.000000000000000000e+01
3.586363173595479736e+00 1.173439004638433536e+00 5.087907723562970830e+00 7.551539020026009075e-01 5.423280423280423435e+01 5.185185185185186185e+01 6.587822379877631818e+01 4.000000000000000000e+01
3.375437903527044092e+00 2.042711495840893399e+00 4.110774433725381982e+00 6.048122517010721122e-01 7.048717948717947479e+01 7.282051282051281760e+01 8.775391118871380058e+01 4.000000000000000000e+01
3.552343858581806124e+00 2.149976246217199183e+00 4.173093639766171314e+00 7.130945255436198504e-01 5.732804232804234346e+01 6.137566137566138735e+01 7.077114518497454299e+01 4.000000000000000000e+01
6.324555320336762598e+00 3.872983346207409472e+00 6.681552704462148995e+00 6.683473017631845758e-01 6.130050505050506615e+01 6.338383838383838764e+01 7.528905340276571678e+01 4.000000000000000000e+01
3.375437903527041428e+00 1.662902403554704200e+00 4.260875178883874348e+00 6.944932187915029420e-01 5.991161616161617331e+01 6.060606060606060908e+01 7.331585442272934472e+01 4.000000000000000000e+01
3.617704769439423096e+00 1.120509284415517337e+00 4.664138019150834147e+00 6.640030370648474234e-01 5.755347593582888521e+01 5.828877005347592899e+01 6.926608465268002135e+01 4.000000000000000000e+01
3.473953464439375249e+00 1.711435888012372564e+00 3.749686695410675785e+00 7.593834175707852019e-01 5.119949494949494095e+01 4.722222222222222143e+01 6.126723389488888216e+01 4.000000000000000000e+01
3.411189702003358359e+00 1.641711143305434994e+00 4.235916613925116536e+00 6.853381838720513652e-01 5.894736842105262298e+01 5.736842105263158231e+01 7.229052280701706934e+01 4.000000000000000000e+01
3.501871511350209687e+00 2.050103823136943948e+00 3.703379717783255920e+00 7.297851844133099730e-01 5.588383838383839475e+01 5.505050505050505194e+01 6.801193167705390863e+01 4.000000000000000000e+01
2.558103574801532165e+00 1.100632522094238119e+00 3.303700106674061221e+00 6.917882730274776959e-01 5.307291666666667140e+01 4.322916666666667140e+01 6.317964198209484294e+01 4.000000000000000000e+01
3.411189702003358359e+00 1.895898683669045015e+00 4.133258724101798620e+00 6.310573406962073362e-01 6.822916666666667140e+01 6.822916666666667140e+01 8.464405035006548417e+01 4.000000000000000000e+01
3.515112659837269060e+00 1.150126214522814827e+00 4.447188742992002730e+00 7.359800639734305205e-01 5.463383838383839475e+01 4.949494949494949481e+01 6.594832860269386288e+01 4.000000000000000000e+01
3.473953464439375249e+00 1.839847166114150001e+00 4.391558954043606633e+00 7.918403260848073666e-01 5.368131868131867890e+01 4.752747252747252560e+01 6.707415009593488264e+01 4.000000000000000000e+01
3.375437903527041428e+00 1.853083307892010145e+00 4.153858527972203341e+00 6.808961573649984222e-01 6.157894736842105488e+01 5.736842105263158231e+01 7.662094402094024304e+01 4.000000000000000000e+01
3.552343858581806124e+00 1.073741879910667940e+00 4.438214110541525592e+00 6.791092876396703781e-01 5.604166666666667140e+01 5.572916666666667140e+01 6.806378343469839365e+01 4.000000000000000000e+01
3.411189702003358359e+00 1.946866900987674454e+00 3.965685483982916981e+00 6.305571323507952464e-01 6.211229946524063905e+01 7.005347593582887100e+01 7.609201501215117958e+01 4.000000000000000000e+01
3.515112659837269060e+00 1.994945449165143714e+00 3.757726694209667428e+00 6.755076619707149899e-01 5.947368421052631504e+01 6.263157894736841769e+01 7.260883713001463491e+01 4.000000000000000000e+01
3.501871511350209687e+00 1.970129123382452496e+00 3.371835098956719623e+00 7.544646636385378136e-01 5.368421052631580181e+01 4.684210526315789735e+01 6.532290646890055541e+01 4.000000000000000000e+01
3.617704769439423096e+00 1.741101126592247805e+00 3.812923345334891856e+00 6.767140697511655478e-01 5.741161616161617331e+01 5.505050505050505194e+01 7.036973722998112635e+01 4.000000000000000000e+01
3.375437903527041428e+00 1.782602457966002918e+00 4.099517356213175923e+00 5.689511147112172873e-01 6.865384615384616041e+01 7.282051282051281760e+01 8.483283629190880504e+01 4.000000000000000000e+01
3.586363173595479736e+00 2.138976544428806914e+00 4.160509294293703419e+00 6.603233933902471486e-01 6.725935828877004496e+01 7.593582887700534911e+01 8.239747823367406454e+01 4.000000000000000000e+01
3.473953464439375249e+00 1.990265733299816153e+00 3.989339226486031897e+00 6.948085801855037325e-01 6.518518518518519045e+01 6.851851851851851904e+01 8.225898419038485088e+01 4.000000000000000000e+01
3.443857242552258668e+00 1.793493200670971177e+00 3.732911371195461125e+00 6.077461288761154545e-01 6.632051282051283181e+01 6.615384615384614619e+01 8.160700005608622121e+01 4.000000000000000000e+01
3.375437903527041428e+00 2.096244778937915942e+00 3.955167808543834873e+00 6.979462451337614670e-01 6.241161616161617331e+01 6.616161616161616621e+01 7.717779191844866205e+01 4.000000000000000000e+01
