1.120000000000000000e+02 1.164581865307124104e+02 1.086901425240787944e+02
1.080000000000000000e+02 1.168425830010177009e+02 1.026153767679679305e+02
7.700000000000000000e+01 8.611092342693824264e+01 7.704644391283231641e+01
4.900000000000000000e+01 7.922055215117526927e+01 6.908026038962539417e+01
6.000000000000000000e+01 5.996585619183605331e+01 5.282548916228559932e+01
4.600000000000000000e+01 4.754425550783986409e+01 4.419974387839307894e+01
2.800000000000000000e+01 6.819355024893917516e+01 5.458168018244364816e+01
6.100000000000000000e+01 5.043026725817954059e+01 4.634392776845766804e+01
3.000000000000000000e+01 5.529173902277348418e+01 5.030751263800761564e+01
4.700000000000000000e+01 5.211421829490626578e+01 4.914973721142071383e+01
7.000000000000000000e+00 3.037791122240532360e+01 3.165308233756290690e+01
4.000000000000000000e+00 1.668438919589374336e+01 1.729529682094010568e+01
2.400000000000000000e+01 4.584699264549288245e+01 4.134134480665514388e+01
1.440000000000000000e+02 1.375540654787123174e+02 1.178599333164152512e+02
9.000000000000000000e+00 2.071726555262984348e+01 2.060682705589669794e+01
7.200000000000000000e+01 1.184922423199343200e+02 1.024461140914251303e+02
1.150000000000000000e+02 9.080429573300433788e+01 8.309471757838157657e+01
9.700000000000000000e+01 1.042847656230795650e+02 8.714106373149348883e+01
1.490000000000000000e+02 1.039017913541564866e+02 9.123790107394577831e+01
1.180000000000000000e+02 1.214931189275584558e+02 1.070704972476307688e+02
2.200000000000000000e+01 4.732560361498198631e+01 4.408842318928045501e+01
1.400000000000000000e+01 2.654667516429231711e+01 2.536282491905043202e+01
1.040000000000000000e+02 9.084349303989404234e+01 8.018933848438170742e+01
8.800000000000000000e+01 1.253806290403004340e+02 1.042761897460537597e+02
1.600000000000000000e+01 2.883838047366104718e+01 2.808850448147051893e+01
7.100000000000000000e+01 8.215617024809746738e+01 7.419694411864348638e+01
1.100000000000000000e+02 8.289514011911633418e+01 7.274541088869709426e+01
1.400000000000000000e+02 1.440288296906953178e+02 1.244535842223598792e+02
2.000000000000000000e+01 3.846743729923154831e+01 3.731539406550945159e+01
5.300000000000000000e+01 6.645630418943488849e+01 6.504903704951021837e+01
1.280000000000000000e+02 8.495453487419912619e+01 7.531555679315553675e+01
1.300000000000000000e+02 8.390727879823415947e+01 7.641194869722643546e+01
8.000000000000000000e+00 2.032125140181396361e+01 1.828146622272928212e+01
1.230000000000000000e+02 1.297844859078338970e+02 1.100596007849477616e+02
6.900000000000000000e+01 8.472787280630879536e+01 7.981715907076764438e+01
7.200000000000000000e+01 5.742541131479268302e+01 5.144552024434752013e+01
9.600000000000000000e+01 1.030787864148315691e+02 9.433808565717110639e+01
8.600000000000000000e+01 5.660133210809251381e+01 5.284390749945214338e+01
8.200000000000000000e+01 1.270620609475729879e+02 1.045551447612437244e+02
1.500000000000000000e+01 3.043034099492801303e+01 2.929108828160651612e+01
7.400000000000000000e+01 7.645206881825308187e+01 6.828149817169027358e+01
2.500000000000000000e+01 3.506798594408088121e+01 3.236292087497633929e+01
2.600000000000000000e+01 6.403847950449112147e+01 5.856787866804400267e+01
1.200000000000000000e+01 3.356410287609664067e+01 3.233265560646670878e+01
1.280000000000000000e+02 9.546122508530464756e+01 8.614380497377689494e+01
9.200000000000000000e+01 9.557767558264184515e+01 8.437284298997407461e+01
1.600000000000000000e+01 5.621472982615240710e+01 5.005351136920445754e+01
1.060000000000000000e+02 1.463444782123312962e+02 1.279307607765523898e+02
1.380000000000000000e+02 1.461500328774737625e+02 1.219391101133949462e+02
9.400000000000000000e+01 6.081604182015847471e+01 5.387205433218728956e+01
4.600000000000000000e+01 6.622190958729551369e+01 5.967614074108143996e+01
6.700000000000000000e+01 6.366013654568957492e+01 5.569202331518821580e+01
5.500000000000000000e+01 6.579262211866952725e+01 5.818448052092303158e+01
1.350000000000000000e+02 1.659717717747243455e+02 1.425710166428027890e+02
1.050000000000000000e+02 9.313596808772734903e+01 8.075038176435201365e+01
2.800000000000000000e+01 5.607835215825219422e+01 5.201733252604075375e+01
3.800000000000000000e+01 8.306423739268772977e+01 6.759700427004341350e+01
8.900000000000000000e+01 7.313825210613210004e+01 6.594382377630620340e+01
1.470000000000000000e+02 1.397759040080319153e+02 1.200120285112882641e+02
1.430000000000000000e+02 1.258935174347318480e+02 1.074116697479770295e+02
1.360000000000000000e+02 1.077810315689313114e+02 9.780172875738101368e+01
2.200000000000000000e+01 4.765889831486434502e+01 4.717116477088934801e+01
8.300000000000000000e+01 8.346088095129208284e+01 7.440841757765352327e+01
4.200000000000000000e+01 4.489449815258369370e+01 4.123461551943699277e+01
7.100000000000000000e+01 1.183770252263351210e+02 1.038078629136650477e+02
4.100000000000000000e+01 5.104728785901682642e+01 4.845318802160470995e+01
1.090000000000000000e+02 1.150150701781706744e+02 1.015987241891793360e+02
1.320000000000000000e+02 1.184221499750453006e+02 1.032427139737436335e+02
8.000000000000000000e+00 1.847650294524467540e+01 1.732052523816123824e+01
1.460000000000000000e+02 9.652529495469174492e+01 8.616217185697568937e+01
1.220000000000000000e+02 9.496748914731075786e+01 8.622775865237643700e+01
1.220000000000000000e+02 1.409600878840250289e+02 1.195177140312499802e+02
1.200000000000000000e+01 4.089976893129813362e+01 3.643335894462285296e+01
1.400000000000000000e+02 1.114921043960211051e+02 9.959305379564652583e+01
2.800000000000000000e+01 4.938483519287081691e+01 4.255204357178447339e+01
5.000000000000000000e+01 6.804772870345227886e+01 6.241743982509910182e+01
5.900000000000000000e+01 6.739779045755834375e+01 6.070443147754008351e+01
9.000000000000000000e+00 2.621609526594370720e+01 2.559232075064047862e+01
1.190000000000000000e+02 1.099629252724924982e+02 9.611985354316725250e+01
7.500000000000000000e+01 6.754181112052974356e+01 5.718861854723842697e+01
1.390000000000000000e+02 1.193975284919957147e+02 1.058841138096281043e+02
6.300000000000000000e+01 5.614127982516825455e+01 5.374881686855853502e+01
6.900000000000000000e+01 9.953721199448344237e+01 8.589292110894108134e+01
1.410000000000000000e+02 1.038777484074019526e+02 9.127692823647345222e+01
5.400000000000000000e+01 5.633686295959019219e+01 5.328257080678910995e+01
7.400000000000000000e+01 1.085777979205710295e+02 9.482384749031940885e+01
5.100000000000000000e+01 6.294701462083568799e+01 5.901959394929068026e+01
1.140000000000000000e+02 1.226602298389186814e+02 1.040340331586823339e+02
3.000000000000000000e+00 2.276469246988051864e+01 2.423290235729780662e+01
1.000000000000000000e+02 5.273043790408186737e+01 4.737178666084000156e+01
1.160000000000000000e+02 1.592662430191277565e+02 1.447353440820078276e+02
2.800000000000000000e+01 5.268521990983806802e+01 4.732190217700569690e+01
1.370000000000000000e+02 9.288429702630604368e+01 8.586255781023527334e+01
2.500000000000000000e+01 3.419541076981214900e+01 3.421262909459844082e+01
1.100000000000000000e+01 2.825791760753925530e+01 2.772727523795192539e+01
1.000000000000000000e+01 3.579627239204677380e+01 3.499955526887853807e+01
1.450000000000000000e+02 9.922763632461553129e+01 9.093925831886380706e+01
3.600000000000000000e+01 4.075924343953522566e+01 3.817748116162104566e+01
1.220000000000000000e+02 8.643060802496535189e+01 7.828102563401633063e+01
1.100000000000000000e+02 6.800189385942265119e+01 6.289015768591355737e+01
1.470000000000000000e+02 1.376464855348641549e+02 1.162860833572584340e+02
7.700000000000000000e+01 1.401710896415006289e+02 1.122388946807485155e+02
1.160000000000000000e+02 1.319211921499941127e+02 1.130747947944783363e+02
1.060000000000000000e+02 7.724036492311056179e+01 6.930038227696564945e+01
7.600000000000000000e+01 9.350445305361685655e+01 8.072083958872701714e+01
1.190000000000000000e+02 1.490186412244593441e+02 1.310632854813266874e+02
5.000000000000000000e+00 1.114076361376986490e+01 1.150986111020871405e+01
6.000000000000000000e+01 5.750600831364464938e+01 5.454018515786639654e+01
1.470000000000000000e+02 1.103267666988606663e+02 9.675210238103379368e+01
1.490000000000000000e+02 1.921112843819869624e+02 1.610578331059840878e+02
9.000000000000000000e+01 1.068800835100169451e+02 8.842941205116611059e+01
7.000000000000000000e+01 1.199360749986658590e+02 1.031980990716933775e+02
1.500000000000000000e+02 1.238757493697807490e+02 1.102089096613016892e+02
6.500000000000000000e+01 7.689706718151475684e+01 6.673754067376196986e+01
4.100000000000000000e+01 4.335560372870074985e+01 4.091958446664580862e+01
4.700000000000000000e+01 6.875898309312911749e+01 5.965902095474619671e+01
4.100000000000000000e+01 4.601197923488739860e+01 4.036764902787460585e+01
2.000000000000000000e+00 6.369396148419159687e+00 6.202965954338107935e+00
1.500000000000000000e+01 3.616102705662511596e+01 3.363133911428888467e+01
1.450000000000000000e+02 1.146787519621107236e+02 1.016488603304670022e+02
1.170000000000000000e+02 1.165670989004196514e+02 1.060807029954426355e+02
1.110000000000000000e+02 6.090067693364252221e+01 5.572641377941808116e+01
3.000000000000000000e+01 5.897810714101992602e+01 5.322213271333043139e+01
2.300000000000000000e+01 4.084774260918025846e+01 3.503093207923024721e+01
1.210000000000000000e+02 1.081248133382821379e+02 9.810292315776331407e+01
3.100000000000000000e+01 7.118032950555118532e+01 5.961561488083560789e+01
1.500000000000000000e+01 3.022604002507621601e+01 2.893194020327817384e+01
1.230000000000000000e+02 8.730872350159107498e+01 7.916835644229384172e+01
5.400000000000000000e+01 1.023991455037536866e+02 9.368237139148020276e+01
3.700000000000000000e+01 8.855518846783402864e+01 7.231801149224443748e+01
1.000000000000000000e+02 1.079868400952107805e+02 9.967466444854173346e+01
1.600000000000000000e+01 3.827526747700631660e+01 3.546248063378264703e+01
5.600000000000000000e+01 3.831431406806270701e+01 3.775524873958681837e+01
6.200000000000000000e+01 4.586056973971368222e+01 4.346160963043843140e+01
7.500000000000000000e+01 9.391392001003106316e+01 7.936659350003883162e+01
5.100000000000000000e+01 7.394890895067405268e+01 6.619505124274947150e+01
1.800000000000000000e+01 5.234764849651122631e+01 4.919007021650284628e+01
2.400000000000000000e+01 3.520256260391792580e+01 3.149924807878524291e+01
6.300000000000000000e+01 8.270389474160320731e+01 7.077898178107496108e+01
1.020000000000000000e+02 8.792402737693086578e+01 7.820354927606489071e+01
6.500000000000000000e+01 9.155306638667921959e+01 7.928755719099832788e+01
8.900000000000000000e+01 1.062359142810490482e+02 9.324100532404759178e+01
7.000000000000000000e+00 2.403340345658505584e+01 2.419875079983242472e+01
4.300000000000000000e+01 5.282012634527349348e+01 4.742009398380300667e+01
9.000000000000000000e+01 9.739935917830202072e+01 8.441246074313352210e+01
1.250000000000000000e+02 1.226117892729650549e+02 1.044699911456232826e+02
7.200000000000000000e+01 7.694805664363137510e+01 7.057036534322688226e+01
1.090000000000000000e+02 1.230370155488775481e+02 1.069101904511879439e+02
8.300000000000000000e+01 8.854747468308146097e+01 7.652116882973693635e+01
5.700000000000000000e+01 6.252758166414820806e+01 5.297573522761246068e+01
1.390000000000000000e+02 1.428103551856884224e+02 1.213243466641724950e+02
3.200000000000000000e+01 4.136617193355561284e+01 3.946940766791252742e+01
6.700000000000000000e+01 1.067568088699917723e+02 9.584130742133716296e+01
3.000000000000000000e+01 6.197636496462753541e+01 5.548906556003240098e+01
1.110000000000000000e+02 1.068978747726352054e+02 9.267388446853088624e+01
1.070000000000000000e+02 8.411171533254771759e+01 7.292179441539781237e+01
1.450000000000000000e+02 5.923764191588584538e+01 5.451192338718163199e+01
4.300000000000000000e+01 6.582457993604941748e+01 6.085248504674687098e+01
4.900000000000000000e+01 6.138213984548727353e+01 5.444974388899932904e+01
6.600000000000000000e+01 1.056947308742771412e+02 8.741420460100165712e+01
2.200000000000000000e+01 3.832421219122775113e+01 3.650355644967281421e+01
7.300000000000000000e+01 7.041257491734342011e+01 6.582299467152532202e+01
9.700000000000000000e+01 8.960313192252087333e+01 8.134492825395609827e+01
9.200000000000000000e+01 1.315606559913058220e+02 1.199503574363764642e+02
6.400000000000000000e+01 9.736674920674367684e+01 8.032008398090169976e+01
8.800000000000000000e+01 6.188035810581816065e+01 5.457785558784231483e+01
4.500000000000000000e+01 6.511180534261829678e+01 5.677594948565640465e+01
1.420000000000000000e+02 1.443434690946490377e+02 1.274107472794862872e+02
1.080000000000000000e+02 1.172647727599818808e+02 1.040981509381639256e+02
1.400000000000000000e+01 2.593461466823892536e+01 2.591865439739733290e+01
6.200000000000000000e+01 7.480819506231543414e+01 6.670560483607127367e+01
5.300000000000000000e+01 8.202672558727856256e+01 7.335093897289472409e+01
9.900000000000000000e+01 1.199555354782409751e+02 1.009107619680922738e+02
2.000000000000000000e+01 6.280212252895049119e+01 5.552460750521264288e+01
7.300000000000000000e+01 7.991929467178979962e+01 7.377118520543145053e+01
1.000000000000000000e+02 8.761844902601909268e+01 7.634573432809918359e+01
1.050000000000000000e+02 1.073022407481636549e+02 9.094492177195611760e+01
7.300000000000000000e+01 1.353389555026029427e+02 1.158314017380605350e+02
3.500000000000000000e+01 5.759643010956230569e+01 5.415627885311764089e+01
8.000000000000000000e+01 1.387823083702824363e+02 1.175192142209934474e+02
1.270000000000000000e+02 1.072683072191974105e+02 9.297882745328439569e+01
1.200000000000000000e+01 3.051480577875595301e+01 2.980691594200659722e+01
3.400000000000000000e+01 4.393043577690007595e+01 3.951114710205541058e+01
8.700000000000000000e+01 1.088115934775158991e+02 9.400538540879084337e+01
1.050000000000000000e+02 1.208273700955588623e+02 1.028966600143390480e+02
1.430000000000000000e+02 1.408039505779062210e+02 1.238035458103749704e+02
4.000000000000000000e+00 1.788159566672504752e+01 1.544242192612255948e+01
3.100000000000000000e+01 5.819702901742285661e+01 5.248105592027896904e+01
9.300000000000000000e+01 6.051759320416985588e+01 5.601801506428736133e+01
1.220000000000000000e+02 1.547261718798068557e+02 1.306249989320981513e+02
1.130000000000000000e+02 1.139383380946642035e+02 9.508786152481184217e+01
1.350000000000000000e+02 6.846372127495422433e+01 6.144515636248028301e+01
2.000000000000000000e+01 3.230384058980140338e+01 2.969181018219995849e+01
1.160000000000000000e+02 1.508126890409103851e+02 1.258498315594625012e+02
5.100000000000000000e+01 5.458499899069995109e+01 4.892665219318921288e+01
6.400000000000000000e+01 6.429969343173618768e+01 5.715713975516741385e+01
7.700000000000000000e+01 7.359555223401284252e+01 6.813862843783827827e+01
5.300000000000000000e+01 9.861376260749712230e+01 8.526846321388131855e+01
6.500000000000000000e+01 6.373994871236791937e+01 5.876496193625489894e+01
8.400000000000000000e+01 5.624414775476044071e+01 5.033471485346308327e+01
4.500000000000000000e+01 5.680039927460004634e+01 5.179791690426212369e+01
9.200000000000000000e+01 1.193362491319893763e+02 9.992881852919167329e+01
1.470000000000000000e+02 1.247266688951775677e+02 1.082402366831136220e+02
1.410000000000000000e+02 1.074456734343111464e+02 9.465445149760695642e+01
4.700000000000000000e+01 9.206310850032299697e+01 7.489431762027993500e+01
5.200000000000000000e+01 8.366351588905007475e+01 7.446683794701684178e+01
4.200000000000000000e+01 6.555861088346455290e+01 5.566231603599890576e+01
1.800000000000000000e+01 3.450990953274925488e+01 3.078767724610063539e+01
1.480000000000000000e+02 1.805019916645370586e+02 1.542704988216323727e+02
2.200000000000000000e+01 4.394243521104576899e+01 3.926443684857763117e+01
1.200000000000000000e+02 6.772330147379651066e+01 6.116158352195805747e+01
2.900000000000000000e+01 5.909160214993163862e+01 5.430394312506537347e+01
2.500000000000000000e+01 5.980310895085349188e+01 5.428800529580583856e+01
1.020000000000000000e+02 1.195535772010235860e+02 9.727957505353856504e+01
3.400000000000000000e+01 6.818020590706875339e+01 6.013592799875332418e+01
2.400000000000000000e+01 5.026410964014911542e+01 4.326831738638644254e+01
1.030000000000000000e+02 1.034973727293645283e+02 9.128072052202523423e+01
5.000000000000000000e+00 1.531931908774885009e+01 1.483681684211623164e+01
8.500000000000000000e+01 8.731294395884702908e+01 7.550426829014359953e+01
5.800000000000000000e+01 6.202634297166243016e+01 5.636618468188794395e+01
1.140000000000000000e+02 8.103695154821741653e+01 7.711744726076084078e+01
4.400000000000000000e+01 8.438451868773435649e+01 7.199539225250252628e+01
2.000000000000000000e+01 3.305601938739621914e+01 3.238314237641127846e+01
5.400000000000000000e+01 6.622997338581485849e+01 6.207165198028123854e+01
7.300000000000000000e+01 5.540983111649524773e+01 5.661700893899946152e+01
1.300000000000000000e+01 3.516521997740911587e+01 3.336422904106007081e+01
5.900000000000000000e+01 6.281572341607947862e+01 5.756031426928743144e+01
1.030000000000000000e+02 9.820326683182810257e+01 8.605333618812248631e+01
8.400000000000000000e+01 6.898663072661663875e+01 6.055610616620915465e+01
1.100000000000000000e+02 5.836580780068033647e+01 5.443344689148981530e+01
1.270000000000000000e+02 8.200730914746922906e+01 7.389094028741162390e+01
1.340000000000000000e+02 1.151539927152790881e+02 9.917717729710722097e+01
2.900000000000000000e+01 6.328535831664927258e+01 5.771075520538114745e+01
4.000000000000000000e+00 1.973319494731874002e+01 1.942003817232433960e+01
1.290000000000000000e+02 1.190177005139727555e+02 1.047593930830965405e+02
8.200000000000000000e+01 8.200726133115776406e+01 7.498587801394999985e+01
5.700000000000000000e+01 5.798178688054790086e+01 4.952744700720673876e+01
7.500000000000000000e+01 7.751099842536066831e+01 6.930737648618207913e+01
1.100000000000000000e+02 1.055976558235519605e+02 9.313807197840172591e+01
1.070000000000000000e+02 8.437613515404414954e+01 7.078262728607589338e+01
1.180000000000000000e+02 9.226400924242915380e+01 7.856573967461547170e+01
5.400000000000000000e+01 4.279669017934900666e+01 3.950451309568354219e+01
4.800000000000000000e+01 9.628559630802165259e+01 8.434930400355345625e+01
2.300000000000000000e+01 3.474698401484999266e+01 3.091355861070136157e+01
4.200000000000000000e+01 5.494650448982625335e+01 5.052226995268024012e+01
3.800000000000000000e+01 8.442269454115417204e+01 7.005463524583065293e+01
5.200000000000000000e+01 5.869858112713620812e+01 5.291884893701404735e+01
8.500000000000000000e+01 9.334523075408218062e+01 8.191770279880671524e+01
1.240000000000000000e+02 1.481867651517277125e+02 1.206148889857988138e+02
9.500000000000000000e+01 1.152879586727816417e+02 1.004048863253819519e+02
7.800000000000000000e+01 1.168147693880719231e+02 9.728803855209574181e+01
1.600000000000000000e+01 4.175290438469716037e+01 4.084337841347716136e+01
1.300000000000000000e+02 9.393001824826222901e+01 8.425034380664341427e+01
7.800000000000000000e+01 9.088521940469549065e+01 7.710745014859860191e+01
2.900000000000000000e+01 5.507502405348677854e+01 4.753910559283910686e+01
1.210000000000000000e+02 1.175391831662890638e+02 1.059274602438981248e+02
6.700000000000000000e+01 7.688712099901914598e+01 7.071416305504301647e+01
6.100000000000000000e+01 8.189442272966222447e+01 7.210267938912127761e+01
1.350000000000000000e+02 1.020342375949299765e+02 8.856175539143092124e+01
1.310000000000000000e+02 9.638256390350431957e+01 8.426005414588422582e+01
5.500000000000000000e+01 1.013475050881224746e+02 8.670494266918075255e+01
8.400000000000000000e+01 1.581027025306656242e+02 1.350268040322854404e+02
8.700000000000000000e+01 1.061927168771528329e+02 9.206079059442473067e+01
8.600000000000000000e+01 1.138433624810185023e+02 9.746426732457420883e+01
1.110000000000000000e+02 8.950360096660509157e+01 8.180621377163194552e+01
1.460000000000000000e+02 1.261890575133854213e+02 1.065804060714223880e+02
8.500000000000000000e+01 1.203480394966033771e+02 1.035365405700015629e+02
3.300000000000000000e+01 4.888331904387842286e+01 4.502505759809848485e+01
1.150000000000000000e+02 1.183133322368328066e+02 1.017972328302913780e+02
6.800000000000000000e+01 5.845360030577506905e+01 5.346060424146365619e+01
1.480000000000000000e+02 1.412941016999702981e+02 1.244634361419926876e+02
3.100000000000000000e+01 3.862018864513106564e+01 3.729906198019578056e+01
9.400000000000000000e+01 7.181164677838275168e+01 6.358603231668853795e+01
8.100000000000000000e+01 1.026818682504967626e+02 9.251662839195677179e+01
6.000000000000000000e+01 8.541048577359092064e+01 7.511105199001363530e+01
1.040000000000000000e+02 9.464378575999134569e+01 8.435883283494946738e+01
4.700000000000000000e+01 7.329170130135912586e+01 6.810622342784259331e+01
1.420000000000000000e+02 1.145911637194351869e+02 9.500645427820650468e+01
2.600000000000000000e+01 4.383049109084398509e+01 4.051382525210654251e+01
5.800000000000000000e+01 1.165211749992940469e+02 9.954186699482330880e+01
3.200000000000000000e+01 4.015202539440713991e+01 3.940472274820277931e+01
1.500000000000000000e+01 4.366626804478724466e+01 3.954655302710999365e+01
1.270000000000000000e+02 1.937493555442661375e+02 1.690421938001827868e+02
4.400000000000000000e+01 5.929484697298746454e+01 5.378790452826099511e+01
9.900000000000000000e+01 9.935300680796017048e+01 8.550012497706042325e+01
1.700000000000000000e+01 3.175597017829049307e+01 3.111408194711464503e+01
2.100000000000000000e+01 3.828087303458269730e+01 3.645904508360855800e+01
8.300000000000000000e+01 1.083821840831987799e+02 9.306390572606584044e+01
6.000000000000000000e+01 7.122156757825585771e+01 6.292506226054321417e+01
1.100000000000000000e+01 3.462639730292571727e+01 3.278578800664469384e+01
8.100000000000000000e+01 6.895468565603829347e+01 6.330357290519835800e+01
1.190000000000000000e+02 1.163488516883267181e+02 1.027924079200613647e+02
1.340000000000000000e+02 7.544628799262248720e+01 6.697058182989684383e+01
3.900000000000000000e+01 7.457501771636540866e+01 6.473592945470764448e+01
1.250000000000000000e+02 1.130695685300065634e+02 1.016975350779308229e+02
1.460000000000000000e+02 1.151687224329512986e+02 9.704272330057723650e+01
5.200000000000000000e+01 7.809747000664646066e+01 7.279271716456298691e+01
1.310000000000000000e+02 7.519221688267148807e+01 6.776934902770493352e+01
7.900000000000000000e+01 8.438622484953829428e+01 7.355479184107409196e+01
1.030000000000000000e+02 8.608902430021424834e+01 7.643183654372369062e+01
1.900000000000000000e+01 3.405546975156487122e+01 3.432063132301805553e+01
1.000000000000000000e+01 3.306158323050387082e+01 3.165957594316520485e+01
3.000000000000000000e+00 1.315144526930894919e+01 1.136076381830457294e+01
6.000000000000000000e+00 2.923623696703173280e+01 2.716694548190462655e+01
1.270000000000000000e+02 1.385961448863676253e+02 1.188797451389836652e+02
6.800000000000000000e+01 6.947653557096450072e+01 6.268039494900312292e+01
3.700000000000000000e+01 5.418965469207422103e+01 4.713139065353393420e+01
5.500000000000000000e+01 6.854165134967060169e+01 6.385700483762311563e+01
1.440000000000000000e+02 1.285013058069375802e+02 1.125431274156006225e+02
9.900000000000000000e+01 1.502876773230078129e+02 1.318407086611192369e+02
9.700000000000000000e+01 1.051218097926853829e+02 9.159601208525721461e+01
1.370000000000000000e+02 1.257902535566245064e+02 1.099793393512738220e+02
6.100000000000000000e+01 5.733184993618325365e+01 4.795445766397205034e+01
1.100000000000000000e+01 3.023284816781078987e+01 2.520213611755141514e+01
1.140000000000000000e+02 1.090177236299727923e+02 9.491056758161899154e+01
7.900000000000000000e+01 7.598557748598925343e+01 6.906689170886846796e+01
8.600000000000000000e+01 7.059968298584941238e+01 6.514910358361507292e+01
1.330000000000000000e+02 1.005320275919050630e+02 9.058067257077401280e+01
7.600000000000000000e+01 1.095174960438350524e+02 9.351261505354386827e+01
1.350000000000000000e+02 1.032988188327607730e+02 9.443243795041543365e+01
1.400000000000000000e+02 1.100485089277213149e+02 9.507858974244398098e+01
5.700000000000000000e+01 6.761299806859601347e+01 5.819086980639915652e+01
3.400000000000000000e+01 3.580201356807703661e+01 3.360975420416009740e+01
1.420000000000000000e+02 1.778370983713273858e+02 1.523417167510054924e+02
1.170000000000000000e+02 1.089348887845316796e+02 9.573264112440952545e+01
8.900000000000000000e+01 9.017408275492451253e+01 8.430786779921518814e+01
1.320000000000000000e+02 1.345697498750841135e+02 1.134187427494159692e+02
7.800000000000000000e+01 1.036823544655540701e+02 9.106217635460986060e+01
1.070000000000000000e+02 8.394841950572104849e+01 7.573396894794755951e+01
9.900000000000000000e+01 8.546299180596842859e+01 7.634932331927846860e+01
5.000000000000000000e+01 8.073594295572625867e+01 7.195383051668801500e+01
1.500000000000000000e+02 1.002438330325903166e+02 9.251392325533304017e+01
1.010000000000000000e+02 1.639315039646360788e+02 1.414907635699791513e+02
1.440000000000000000e+02 1.227043099410691553e+02 1.099973267473619671e+02
6.000000000000000000e+00 1.868991748647392015e+01 1.817414226819720113e+01
1.160000000000000000e+02 9.416519876254969290e+01 8.576587672728923906e+01
1.410000000000000000e+02 9.711124884009505820e+01 9.302397523674791557e+01
9.800000000000000000e+01 7.421506141526403155e+01 6.824131393409611235e+01
1.410000000000000000e+02 1.603186310970285149e+02 1.439870404338493302e+02
4.500000000000000000e+01 6.300238931764116757e+01 5.572320406365842871e+01
1.200000000000000000e+02 1.149929910031009967e+02 1.018449547105406054e+02
4.300000000000000000e+01 3.516529265833195694e+01 3.413031898597010638e+01
8.700000000000000000e+01 9.328063393107201762e+01 7.931198211267937381e+01
4.100000000000000000e+01 5.117296891779005819e+01 4.456207197517473872e+01
5.800000000000000000e+01 7.588524007510797276e+01 6.748343411818187576e+01
1.040000000000000000e+02 8.950513576861123966e+01 8.068102555159045153e+01
4.000000000000000000e+01 5.956994723633980016e+01 5.640284832083187183e+01
3.000000000000000000e+00 1.339586534859476963e+01 1.324989238824469773e+01
1.180000000000000000e+02 8.969855249794349561e+01 8.090282426115145142e+01
3.300000000000000000e+01 1.132305030651507707e+02 1.010905472742794160e+02
9.500000000000000000e+01 7.900119311705822156e+01 6.992439657606277592e+01
3.700000000000000000e+01 4.789484611337431375e+01 4.617265222662426538e+01
1.310000000000000000e+02 1.483210627402121702e+02 1.210981183051458601e+02
1.430000000000000000e+02 1.029028313047111425e+02 8.953996622300705610e+01
2.400000000000000000e+01 3.965324704776298859e+01 3.773304876847299738e+01
2.300000000000000000e+01 4.388601936892101918e+01 3.946919227692035292e+01
7.000000000000000000e+01 9.230978713047480255e+01 8.401141566729113208e+01
3.500000000000000000e+01 4.643579802085680086e+01 4.481742075730967656e+01
1.700000000000000000e+01 5.500463487308987709e+01 4.826361244016949570e+01
1.090000000000000000e+02 7.809264598617914999e+01 6.982866687558531282e+01
5.600000000000000000e+01 7.238951563687952273e+01 6.223644359681625815e+01
1.400000000000000000e+02 7.572808947502441868e+01 6.944198080689859864e+01
7.100000000000000000e+01 4.923920681630936258e+01 4.557710826397767079e+01
9.200000000000000000e+01 8.064108992376675644e+01 7.417055693351433376e+01
5.600000000000000000e+01 4.882637529600793158e+01 4.750523716555348841e+01
1.330000000000000000e+02 1.315332556901726377e+02 1.171625013725679452e+02
8.100000000000000000e+01 1.020842404450476693e+02 8.901616693643335054e+01
1.240000000000000000e+02 1.711640689879114916e+02 1.371044612377485521e+02
1.080000000000000000e+02 7.753978963822137871e+01 6.965085659455644418e+01
1.100000000000000000e+01 3.435001050841272985e+01 3.363258239499975844e+01
7.700000000000000000e+01 1.355504418670638529e+02 1.106876327138534748e+02
1.280000000000000000e+02 8.186932801728329423e+01 7.521753570851369375e+01
1.300000000000000000e+01 2.589248334167210430e+01 2.356220284394070674e+01
7.600000000000000000e+01 6.649567511133051312e+01 5.856454233029784007e+01
3.200000000000000000e+01 4.484889157664773762e+01 4.092330462537120894e+01
3.400000000000000000e+01 6.002025308814076965e+01 5.596111399479978843e+01
3.800000000000000000e+01 7.073997022752355690e+01 6.132995540361860520e+01
6.200000000000000000e+01 6.674325670036316183e+01 6.201258439381042820e+01
1.060000000000000000e+02 5.340823498473039876e+01 5.047413963125644898e+01
9.600000000000000000e+01 1.240554258701819066e+02 1.038432790259311815e+02
1.180000000000000000e+02 8.302326112888951570e+01 7.497830628642512352e+01
1.120000000000000000e+02 1.213828281272059257e+02 1.002332539915608862e+02
1.440000000000000000e+02 1.432094123595439896e+02 1.239048739762379654e+02
6.900000000000000000e+01 7.021555442134605585e+01 6.348978564130703717e+01
1.000000000000000000e+02 1.204394360703255558e+02 1.046314871020313149e+02
9.100000000000000000e+01 7.519484390156452491e+01 6.766547849553560923e+01
9.100000000000000000e+01 8.008846528720360425e+01 7.102807497194474706e+01
8.000000000000000000e+00 2.124215889341092378e+01 1.912207913228338185e+01
8.400000000000000000e+01 1.044765920025925681e+02 9.041727333635668629e+01
1.370000000000000000e+02 1.254753548747690672e+02 1.075626092098035542e+02
8.300000000000000000e+01 9.106159977907759639e+01 8.421067803856655587e+01
2.600000000000000000e+01 4.127106864696984445e+01 3.921337815624691103e+01
6.000000000000000000e+00 2.327120399097442771e+01 2.447906166361563507e+01
9.000000000000000000e+01 1.436416488844957939e+02 1.225480515869059417e+02
3.500000000000000000e+01 5.499237871466114314e+01 5.080002779620237874e+01
1.000000000000000000e+01 2.787251366533569552e+01 2.408962265959026894e+01
9.400000000000000000e+01 1.009545318020279723e+02 8.808574450492102415e+01
9.700000000000000000e+01 8.184405084097903682e+01 7.470682803665259542e+01
2.700000000000000000e+01 7.487612665048017391e+01 5.894446460041357483e+01
2.300000000000000000e+01 4.259067319152715214e+01 3.931130197540538518e+01
9.500000000000000000e+01 9.947237260829926697e+01 8.524321305070695587e+01
9.600000000000000000e+01 6.868127209908401198e+01 6.123115999629063566e+01
1.330000000000000000e+02 1.294369357858199407e+02 1.176041670812239914e+02
9.500000000000000000e+01 7.664461229057668845e+01 6.926509820436477582e+01
2.000000000000000000e+00 8.457708586222336677e+00 8.773612162793659408e+00
1.010000000000000000e+02 8.714861660306601721e+01 7.508090935907240748e+01
6.600000000000000000e+01 9.005368171778897590e+01 8.166638358345278448e+01
1.700000000000000000e+01 3.822189988795966542e+01 3.488543768917832466e+01
5.900000000000000000e+01 1.001158137868234661e+02 8.688341538504339212e+01
6.300000000000000000e+01 5.396408708758871597e+01 4.950595459886937988e+01
1.340000000000000000e+02 6.824169759377265621e+01 6.402500713851929959e+01
5.000000000000000000e+00 1.445476634402661276e+01 1.394389953928234505e+01
1.130000000000000000e+02 8.897788712173135650e+01 8.011153681837402019e+01
1.460000000000000000e+02 1.208976308678718397e+02 1.039355811311213245e+02
1.210000000000000000e+02 1.115114283565425808e+02 9.977155256563321473e+01
1.360000000000000000e+02 1.307935382688393133e+02 1.112912794292063978e+02
3.200000000000000000e+01 3.887629839021410305e+01 3.563848966910381222e+01
7.400000000000000000e+01 6.489564899173726076e+01 5.882989164116971637e+01
1.120000000000000000e+02 8.965979788116617044e+01 8.169160062341912010e+01
1.230000000000000000e+02 1.302526792546911736e+02 1.119052852172991095e+02
5.000000000000000000e+01 6.704623623307014668e+01 5.817812756416280706e+01
7.200000000000000000e+01 7.471053002739344606e+01 6.813077505310388915e+01
1.300000000000000000e+01 4.548019113605975861e+01 3.870835329674532943e+01
2.100000000000000000e+01 4.717170169403959790e+01 4.073750530829131833e+01
2.700000000000000000e+01 4.486890483741363767e+01 3.827159963724736258e+01
1.500000000000000000e+02 1.384853487640689593e+02 1.260971322349571722e+02
4.000000000000000000e+01 5.214547275894642553e+01 4.573660875408420168e+01
3.000000000000000000e+00 1.097042011435169329e+01 1.116000592188062512e+01
1.040000000000000000e+02 8.077587712818795751e+01 7.184438972722772121e+01
1.430000000000000000e+02 1.144883178058414757e+02 1.027420796062996686e+02
9.000000000000000000e+00 2.767774228867512676e+01 2.673922947516216908e+01
1.170000000000000000e+02 1.270835915647749346e+02 1.088105807955259507e+02
3.600000000000000000e+01 5.785284784655752333e+01 5.414335220549708083e+01
2.700000000000000000e+01 7.277445497838164101e+01 6.407197533606777995e+01
1.130000000000000000e+02 9.030049177942436245e+01 7.746239658126896188e+01
1.080000000000000000e+02 7.334470924288746119e+01 6.686918612643995630e+01
7.100000000000000000e+01 6.477908011377509467e+01 5.834723510433553173e+01
7.000000000000000000e+00 2.343462221649287969e+01 2.358604939391524624e+01
3.900000000000000000e+01 7.101634615163911235e+01 5.990656328097298911e+01
1.300000000000000000e+02 1.023731073002747962e+02 9.366128931346834463e+01
1.150000000000000000e+02 1.651756546754231181e+02 1.411394010043231617e+02
6.600000000000000000e+01 7.861106608810651153e+01 7.243684005321203756e+01
1.290000000000000000e+02 1.147877100079017083e+02 9.780328940031434115e+01
1.340000000000000000e+02 8.150981291716247767e+01 7.482629039107946767e+01
9.100000000000000000e+01 6.190095039509318298e+01 5.727770848207906340e+01
6.800000000000000000e+01 6.329808557793344193e+01 5.727262336743432058e+01
1.230000000000000000e+02 7.354819470839622397e+01 6.413329694250096225e+01
1.480000000000000000e+02 1.044788103354605227e+02 8.925005854590658316e+01
1.120000000000000000e+02 1.103055607587276938e+02 9.348102660809473718e+01
4.600000000000000000e+01 5.946847823213067130e+01 5.252971613394416295e+01
1.280000000000000000e+02 1.046552251334008332e+02 9.470926586474557496e+01
1.260000000000000000e+02 1.016170152149781956e+02 9.375660489898088201e+01
1.020000000000000000e+02 1.175960944605958360e+02 1.021462255996444952e+02
4.900000000000000000e+01 6.159121373192642324e+01 5.566924393201539090e+01
1.900000000000000000e+01 5.471213769008647176e+01 4.574028759292149715e+01
6.200000000000000000e+01 7.340274214634884231e+01 6.471208610456669419e+01
7.900000000000000000e+01 9.660343270983250363e+01 8.704802684208063113e+01
6.500000000000000000e+01 8.282733584323156606e+01 7.530581204695091913e+01
1.900000000000000000e+01 2.400151834372560344e+01 2.353936511412861776e+01
8.200000000000000000e+01 5.122257418929586947e+01 4.778803103741331881e+01
1.240000000000000000e+02 1.129146825896450110e+02 1.017911955694803510e+02
9.400000000000000000e+01 1.012496827520319584e+02 8.529575543135815963e+01
1.110000000000000000e+02 1.290509926758900008e+02 1.152930663967969309e+02
1.480000000000000000e+02 1.017502605069471855e+02 9.129868251202130125e+01
1.800000000000000000e+01 3.553833172626853809e+01 3.052932304806592612e+01
1.030000000000000000e+02 1.377225507010055878e+02 1.217041613485963154e+02
1.010000000000000000e+02 8.587010184005258395e+01 7.598946087901954627e+01
2.700000000000000000e+01 4.799639373952548027e+01 4.382246407631341611e+01
4.400000000000000000e+01 9.388153963131607327e+01 8.302245493437769142e+01
3.500000000000000000e+01 6.377061016320496378e+01 5.845971861482097154e+01
9.800000000000000000e+01 9.712109566945009931e+01 8.534277317535367047e+01
4.000000000000000000e+01 6.277935537212653827e+01 5.736353802548212855e+01
1.390000000000000000e+02 1.115494269884231500e+02 9.602144629459732528e+01
6.300000000000000000e+01 8.071000092553718730e+01 7.058410101206362697e+01
6.600000000000000000e+01 8.378151020468597210e+01 7.073564452053562945e+01
7.500000000000000000e+01 1.212411010601649508e+02 1.024103976902074038e+02
1.380000000000000000e+02 1.135040661357794818e+02 1.001617333209773193e+02
1.900000000000000000e+01 5.280188126439256990e+01 4.885963154404181807e+01
1.290000000000000000e+02 1.090278041740250643e+02 9.552002177384977699e+01
1.150000000000000000e+02 8.564297243713443208e+01 7.608503864249318838e+01
1.320000000000000000e+02 9.587347254833402133e+01 8.390666370285602227e+01
7.400000000000000000e+01 5.799847364247256110e+01 5.308535012922556007e+01
1.300000000000000000e+02 1.043930879460504570e+02 8.952823456469189978e+01
4.600000000000000000e+01 7.211894192526456493e+01 6.523482632392828862e+01
9.000000000000000000e+01 6.933839334583210245e+01 6.367515605071047702e+01
9.000000000000000000e+00 3.353735489175254969e+01 3.175102826720363680e+01
3.300000000000000000e+01 5.013986685280646327e+01 4.639746636364748866e+01
1.400000000000000000e+01 3.242772764977392086e+01 2.958372328223966718e+01
2.600000000000000000e+01 4.313132773112849350e+01 4.035692280243434737e+01
1.140000000000000000e+02 8.632897325586074544e+01 7.541970948804112140e+01
2.000000000000000000e+00 3.390461180671424657e+00 3.102872542016256396e+00
3.300000000000000000e+01 3.609878260852487131e+01 3.542032725073482879e+01
3.600000000000000000e+01 5.259336275786511550e+01 4.571322805829096581e+01
5.000000000000000000e+01 5.882306554082772720e+01 5.355025117451221206e+01
9.300000000000000000e+01 9.055419054302126369e+01 7.977056588600757436e+01
7.000000000000000000e+00 2.090887431068609459e+01 1.920795863752168486e+01
8.000000000000000000e+01 1.438112313185820028e+02 1.250310376737024143e+02
3.100000000000000000e+01 5.038817581897983189e+01 4.691293862616699784e+01
4.300000000000000000e+01 5.332774593501823546e+01 5.073259472334919451e+01
6.700000000000000000e+01 5.696676257985061653e+01 5.064826955952285914e+01
8.600000000000000000e+01 6.790159609812954500e+01 6.338463901859213223e+01
4.200000000000000000e+01 4.441106606645423938e+01 4.032664986031466725e+01
1.200000000000000000e+01 2.904208739608053236e+01 2.627703039511390415e+01
4.800000000000000000e+01 8.943085081227276589e+01 7.537859778039056380e+01
6.800000000000000000e+01 6.435999619978504427e+01 6.113231728416271693e+01
9.800000000000000000e+01 9.456442164276468532e+01 8.366896161902167250e+01
4.900000000000000000e+01 7.744722732726251024e+01 6.709923211048696601e+01
1.360000000000000000e+02 7.667198888613755514e+01 6.925786811707737911e+01
3.900000000000000000e+01 7.731730936096469975e+01 6.896605868564844855e+01
1.190000000000000000e+02 1.568965354365156770e+02 1.337831071773663609e+02
2.100000000000000000e+01 4.242713358355077702e+01 3.943747292490758838e+01
2.000000000000000000e+00 1.256370902664852984e+01 1.234523845815109766e+01
8.500000000000000000e+01 9.725749980712330967e+01 8.443520797788274024e+01
5.900000000000000000e+01 6.146824415016100573e+01 5.525097809677285454e+01
1.260000000000000000e+02 6.884774183701867400e+01 6.394907729582968869e+01
7.900000000000000000e+01 9.072660905519025221e+01 8.070891395917193734e+01
5.100000000000000000e+01 6.322233206930892635e+01 5.730796329008251888e+01
4.500000000000000000e+01 5.623334853398263533e+01 5.245002687022070376e+01
5.600000000000000000e+01 8.338805001565609132e+01 7.293284102602791563e+01
6.100000000000000000e+01 8.900608761546212122e+01 8.359252859794142410e+01
7.600000000000000000e+01 9.153394390026555527e+01 8.013459055050206814e+01
3.600000000000000000e+01 3.414800145724649383e+01 3.299966819036784216e+01
3.800000000000000000e+01 4.786259478171619719e+01 4.317350640407502738e+01
8.700000000000000000e+01 8.405710958449624570e+01 7.864197926594232513e+01
7.000000000000000000e+01 7.743960515192333105e+01 6.684594483573258117e+01
1.330000000000000000e+02 1.467454132937595261e+02 1.290907153914257037e+02
6.000000000000000000e+00 1.732573337830895355e+01 1.555309084930168240e+01
1.090000000000000000e+02 8.193998155837893194e+01 7.089393587772720196e+01
6.400000000000000000e+01 8.641252395652772123e+01 7.360675615898993840e+01
8.000000000000000000e+01 1.003982036345579729e+02 9.181380608231245333e+01
4.800000000000000000e+01 5.737510430427925456e+01 5.332279134477881399e+01
1.020000000000000000e+02 1.112206308638540833e+02 9.888288115856052229e+01
1.130000000000000000e+02 1.045026594568967511e+02 9.317687530130817208e+01
2.900000000000000000e+01 6.120709898977136731e+01 5.432603402152611238e+01
8.000000000000000000e+01 9.832899842310924043e+01 9.206089457211476201e+01
1.490000000000000000e+02 8.610406871632650905e+01 8.323882426142185409e+01
9.600000000000000000e+01 6.705976757202043359e+01 5.973858338098815324e+01
1.490000000000000000e+02 1.073431176553563944e+02 9.839313327737139048e+01
1.380000000000000000e+02 1.008893852259451762e+02 8.913998201929777565e+01
4.400000000000000000e+01 9.454512636764347633e+01 8.287657681425011447e+01
8.900000000000000000e+01 8.285116290450615395e+01 7.554734911673732256e+01
4.000000000000000000e+00 1.306059818609359979e+01 1.297969275191410965e+01
1.420000000000000000e+02 1.494420583414401449e+02 1.340379842730464475e+02
1.800000000000000000e+01 3.963085490058309546e+01 3.729483764520044531e+01
1.170000000000000000e+02 9.801037556113470828e+01 8.944056457004073479e+01
8.800000000000000000e+01 6.483248708972615759e+01 5.816288738029641792e+01
4.000000000000000000e+01 6.828070063509231602e+01 5.813501740868890266e+01
1.250000000000000000e+02 8.931853841689301987e+01 8.211298742870818046e+01
9.300000000000000000e+01 1.065737719407091504e+02 9.613843785898478700e+01
1.370000000000000000e+02 1.208207853833299197e+02 1.073911357340798816e+02
7.000000000000000000e+01 8.934886926509356897e+01 7.451951281234786961e+01
1.240000000000000000e+02 1.162183928694242354e+02 1.002158836404503148e+02
1.250000000000000000e+02 8.678961234100857780e+01 7.987025776768734886e+01
1.050000000000000000e+02 1.681091339485109017e+02 1.372311815664523920e+02
1.000000000000000000e+01 2.727224973682851683e+01 2.635267709233449551e+01
8.000000000000000000e+00 3.137175442472789655e+01 3.174681218599657839e+01
3.900000000000000000e+01 5.179303477801027356e+01 4.527021083394623702e+01
1.700000000000000000e+01 2.945905592896360758e+01 2.747825332602230120e+01
2.100000000000000000e+01 4.361652854099001786e+01 3.643053113436144486e+01
1.390000000000000000e+02 1.045924133199917350e+02 9.938848907877223837e+01
1.200000000000000000e+02 8.824495005631338529e+01 8.091011217203090666e+01
5.800000000000000000e+01 9.321941263626465002e+01 8.173557063112335186e+01
1.200000000000000000e+02 1.224140965167702433e+02 1.102491171356675181e+02
5.300000000000000000e+01 7.919942081206947648e+01 7.384950607631763830e+01
1.070000000000000000e+02 1.340360853297799508e+02 1.129165002502327866e+02
1.290000000000000000e+02 1.149275461418904882e+02 1.012137846012152096e+02
6.400000000000000000e+01 6.396470051387622391e+01 5.821527055585675470e+01
3.700000000000000000e+01 6.074477251015421331e+01 5.326403188782932574e+01
5.200000000000000000e+01 4.792820678324525829e+01 4.270857069372650017e+01
6.900000000000000000e+01 8.834483362758653868e+01 7.943421257819760228e+01
5.000000000000000000e+00 2.739004125993633210e+01 2.713347932028111487e+01
8.800000000000000000e+01 7.999532935468789674e+01 7.115563469719357670e+01
1.400000000000000000e+01 3.693861521304268791e+01 3.349353910451641525e+01
1.310000000000000000e+02 8.128439358005577731e+01 7.264078825804126893e+01
1.380000000000000000e+02 1.161407514482189782e+02 1.111100955294848518e+02
8.200000000000000000e+01 9.427083231176031575e+01 8.660362578133158706e+01
2.500000000000000000e+01 4.069284986105908786e+01 3.848314005760757794e+01
5.700000000000000000e+01 1.011691338774065940e+02 8.233631999309980642e+01
1.320000000000000000e+02 9.756856285898132342e+01 8.782423489016800033e+01
1.450000000000000000e+02 8.684905512567029007e+01 7.861021259934292971e+01
9.800000000000000000e+01 1.402986495629046146e+02 1.207827071611996530e+02
4.800000000000000000e+01 5.668293791617070809e+01 5.462632218178600141e+01
5.500000000000000000e+01 7.719962024517769805e+01 6.645581614204776599e+01
9.100000000000000000e+01 1.494762882707194933e+02 1.329969738916282438e+02
1.360000000000000000e+02 7.824419704451739221e+01 6.905921544658097844e+01
1.210000000000000000e+02 9.102848055222722223e+01 8.488682271173162519e+01
1.260000000000000000e+02 1.172803246724579083e+02 1.000669657153836312e+02
1.260000000000000000e+02 1.476196136060755180e+02 1.253413242506113789e+02
3.000000000000000000e+01 5.785888808601249877e+01 5.394757974226038755e+01
1.500000000000000000e+02 1.261357871503514048e+02 1.140417454913619082e+02
9.300000000000000000e+01 9.433648801227280956e+01 8.328176961734276063e+01
1.060000000000000000e+02 9.907643312789195988e+01 8.634504798495241573e+01
1.300000000000000000e+01 3.216523074474847022e+01 2.913766402754075457e+01
1.010000000000000000e+02 7.034065744146816712e+01 6.353384910204302827e+01
8.100000000000000000e+01 7.908804503849594880e+01 7.005182086279947384e+01
7.800000000000000000e+01 8.555674628939387105e+01 7.670722335814190274e+01
