1.120000000000000000e+02 1.190312243245859491e+02 1.086901425240787944e+02
1.080000000000000000e+02 1.192018176989479628e+02 1.026153767679679305e+02
7.700000000000000000e+01 8.928539308628027982e+01 7.704644391283231641e+01
4.900000000000000000e+01 8.154270054089987241e+01 6.908026038962539417e+01
6.000000000000000000e+01 6.170731442236768771e+01 5.282548916228559932e+01
4.600000000000000000e+01 5.018932363992777113e+01 4.419974387839307894e+01
2.800000000000000000e+01 6.854090648212010706e+01 5.458168018244364816e+01
6.100000000000000000e+01 5.258115952479113986e+01 4.634392776845766804e+01
3.000000000000000000e+01 5.797020074862090411e+01 5.030751263800761564e+01
4.700000000000000000e+01 5.571078100270698030e+01 4.914973721142071383e+01
7.000000000000000000e+00 3.282926676771470653e+01 3.165308233756290690e+01
4.000000000000000000e+00 1.806752816610309509e+01 1.729529682094010568e+01
2.400000000000000000e+01 4.818548491783754883e+01 4.134134480665514388e+01
1.440000000000000000e+02 1.407323144131082131e+02 1.178599333164152512e+02
9.000000000000000000e+00 2.251716612810242424e+01 2.060682705589669794e+01
7.200000000000000000e+01 1.214584290752497964e+02 1.024461140914251303e+02
1.150000000000000000e+02 9.420681862297628584e+01 8.309471757838157657e+01
9.700000000000000000e+01 1.055140809960796986e+02 8.714106373149348883e+01
1.490000000000000000e+02 1.054355748918584084e+02 9.123790107394577831e+01
1.180000000000000000e+02 1.239290096953686913e+02 1.070704972476307688e+02
2.200000000000000000e+01 4.989628723605205352e+01 4.408842318928045501e+01
1.400000000000000000e+01 2.823976583397018203e+01 2.536282491905043202e+01
1.040000000000000000e+02 9.600733902914473106e+01 8.018933848438170742e+01
8.800000000000000000e+01 1.271327658824897924e+02 1.042761897460537597e+02
1.600000000000000000e+01 3.007715867509222107e+01 2.808850448147051893e+01
7.100000000000000000e+01 8.477640353175037546e+01 7.419694411864348638e+01
1.100000000000000000e+02 8.547141423274487693e+01 7.274541088869709426e+01
1.400000000000000000e+02 1.461980335971584566e+02 1.244535842223598792e+02
2.000000000000000000e+01 4.172726963904742803e+01 3.731539406550945159e+01
5.300000000000000000e+01 6.956740028252815478e+01 6.504903704951021837e+01
1.280000000000000000e+02 8.788445912416622718e+01 7.531555679315553675e+01
1.300000000000000000e+02 8.683397905558356911e+01 7.641194869722643546e+01
8.000000000000000000e+00 2.135048838962029549e+01 1.828146622272928212e+01
1.230000000000000000e+02 1.326201315439446091e+02 1.100596007849477616e+02
6.900000000000000000e+01 8.902296178885862332e+01 7.981715907076764438e+01
7.200000000000000000e+01 5.914223317697670268e+01 5.144552024434752013e+01
9.600000000000000000e+01 1.074763174617271915e+02 9.433808565717110639e+01
8.600000000000000000e+01 5.953780289264434344e+01 5.284390749945214338e+01
8.200000000000000000e+01 1.303893956312069520e+02 1.045551447612437244e+02
1.500000000000000000e+01 3.220929755367702541e+01 2.929108828160651612e+01
7.400000000000000000e+01 7.836717762854459579e+01 6.828149817169027358e+01
2.500000000000000000e+01 3.659083332861997206e+01 3.236292087497633929e+01
2.600000000000000000e+01 6.650689871803584197e+01 5.856787866804400267e+01
1.200000000000000000e+01 3.700603196468681944e+01 3.233265560646670878e+01
1.280000000000000000e+02 9.958921290244668967e+01 8.614380497377689494e+01
9.200000000000000000e+01 9.794140022100549459e+01 8.437284298997407461e+01
1.600000000000000000e+01 6.010494293666032206e+01 5.005351136920445754e+01
1.060000000000000000e+02 1.495968521055519034e+02 1.279307607765523898e+02
1.380000000000000000e+02 1.475562982836625281e+02 1.219391101133949462e+02
9.400000000000000000e+01 6.210111335347848893e+01 5.387205433218728956e+01
4.600000000000000000e+01 6.901329613874810320e+01 5.967614074108143996e+01
6.700000000000000000e+01 6.498827767617548545e+01 5.569202331518821580e+01
5.500000000000000000e+01 6.882354125411333712e+01 5.818448052092303158e+01
1.350000000000000000e+02 1.700547255076103283e+02 1.425710166428027890e+02
1.050000000000000000e+02 9.601960432530108847e+01 8.075038176435201365e+01
2.800000000000000000e+01 6.028424914048832051e+01 5.201733252604075375e+01
3.800000000000000000e+01 8.444812321717031978e+01 6.759700427004341350e+01
8.900000000000000000e+01 7.588663585858682836e+01 6.594382377630620340e+01
1.470000000000000000e+02 1.442965392663449222e+02 1.200120285112882641e+02
1.430000000000000000e+02 1.303676198121728760e+02 1.074116697479770295e+02
1.360000000000000000e+02 1.109977715388721720e+02 9.780172875738101368e+01
2.200000000000000000e+01 5.072030259627272386e+01 4.717116477088934801e+01
8.300000000000000000e+01 8.590047500446536333e+01 7.440841757765352327e+01
4.200000000000000000e+01 4.733017494156556637e+01 4.123461551943699277e+01
7.100000000000000000e+01 1.216974890654562387e+02 1.038078629136650477e+02
4.100000000000000000e+01 5.362605663444329451e+01 4.845318802160470995e+01
1.090000000000000000e+02 1.179480074606310041e+02 1.015987241891793360e+02
1.320000000000000000e+02 1.208068187130553213e+02 1.032427139737436335e+02
8.000000000000000000e+00 1.960830259794560249e+01 1.732052523816123824e+01
1.460000000000000000e+02 1.005653715856382462e+02 8.616217185697568937e+01
1.220000000000000000e+02 9.827567747412813048e+01 8.622775865237643700e+01
1.220000000000000000e+02 1.426118033121184681e+02 1.195177140312499802e+02
1.200000000000000000e+01 4.317845282020289943e+01 3.643335894462285296e+01
1.400000000000000000e+02 1.137476916208949689e+02 9.959305379564652583e+01
2.800000000000000000e+01 5.184835055902649970e+01 4.255204357178447339e+01
5.000000000000000000e+01 7.203722418452930754e+01 6.241743982509910182e+01
5.900000000000000000e+01 6.988666280257990593e+01 6.070443147754008351e+01
9.000000000000000000e+00 2.906321983924583563e+01 2.559232075064047862e+01
1.190000000000000000e+02 1.134082253994396723e+02 9.611985354316725250e+01
7.500000000000000000e+01 6.859999566877205268e+01 5.718861854723842697e+01
1.390000000000000000e+02 1.228824803576723212e+02 1.058841138096281043e+02
6.300000000000000000e+01 5.906541345375843122e+01 5.374881686855853502e+01
6.900000000000000000e+01 1.017778875083114514e+02 8.589292110894108134e+01
1.410000000000000000e+02 1.069977069483048098e+02 9.127692823647345222e+01
5.400000000000000000e+01 5.850854956649177296e+01 5.328257080678910995e+01
7.400000000000000000e+01 1.145019189387266323e+02 9.482384749031940885e+01
5.100000000000000000e+01 6.558758503299461040e+01 5.901959394929068026e+01
1.140000000000000000e+02 1.246130163037492906e+02 1.040340331586823339e+02
3.000000000000000000e+00 2.461162220155145874e+01 2.423290235729780662e+01
1.000000000000000000e+02 5.508899952606520145e+01 4.737178666084000156e+01
1.160000000000000000e+02 1.635693754745147146e+02 1.447353440820078276e+02
2.800000000000000000e+01 5.542483944173169164e+01 4.732190217700569690e+01
1.370000000000000000e+02 9.645383471561045496e+01 8.586255781023527334e+01
2.500000000000000000e+01 3.626241236250594113e+01 3.421262909459844082e+01
1.100000000000000000e+01 2.989278309576544146e+01 2.772727523795192539e+01
1.000000000000000000e+01 3.911767709189955866e+01 3.499955526887853807e+01
1.450000000000000000e+02 1.024323201231528060e+02 9.093925831886380706e+01
3.600000000000000000e+01 4.214171214325723724e+01 3.817748116162104566e+01
1.220000000000000000e+02 8.843879169696545262e+01 7.828102563401633063e+01
1.100000000000000000e+02 7.077873154331201988e+01 6.289015768591355737e+01
1.470000000000000000e+02 1.397638783558591911e+02 1.162860833572584340e+02
7.700000000000000000e+01 1.421202204356088146e+02 1.122388946807485155e+02
1.160000000000000000e+02 1.337897958974868118e+02 1.130747947944783363e+02
1.060000000000000000e+02 8.048961022660098763e+01 6.930038227696564945e+01
7.600000000000000000e+01 9.589936808187908923e+01 8.072083958872701714e+01
1.190000000000000000e+02 1.548093836857516408e+02 1.310632854813266874e+02
5.000000000000000000e+00 1.202532166799008806e+01 1.150986111020871405e+01
6.000000000000000000e+01 6.084580128233789509e+01 5.454018515786639654e+01
1.470000000000000000e+02 1.132656617073597403e+02 9.675210238103379368e+01
1.490000000000000000e+02 1.959637681852179014e+02 1.610578331059840878e+02
9.000000000000000000e+01 1.081457416707005876e+02 8.842941205116611059e+01
7.000000000000000000e+01 1.235823439819148604e+02 1.031980990716933775e+02
1.500000000000000000e+02 1.274016838549321449e+02 1.102089096613016892e+02
6.500000000000000000e+01 7.855173117815813555e+01 6.673754067376196986e+01
4.100000000000000000e+01 4.646607366993620047e+01 4.091958446664580862e+01
4.700000000000000000e+01 7.079648653249658707e+01 5.965902095474619671e+01
4.100000000000000000e+01 4.713875102739419987e+01 4.036764902787460585e+01
2.000000000000000000e+00 6.786400334173136706e+00 6.202965954338107935e+00
1.500000000000000000e+01 3.917347119335759231e+01 3.363133911428888467e+01
1.450000000000000000e+02 1.165068592518641992e+02 1.016488603304670022e+02
1.170000000000000000e+02 1.201156705979952477e+02 1.060807029954426355e+02
1.110000000000000000e+02 6.437801225174416686e+01 5.572641377941808116e+01
3.000000000000000000e+01 6.235337368358117516e+01 5.322213271333043139e+01
2.300000000000000000e+01 4.161235865022856473e+01 3.503093207923024721e+01
1.210000000000000000e+02 1.109112695618560593e+02 9.810292315776331407e+01
3.100000000000000000e+01 7.382652519758836718e+01 5.961561488083560789e+01
1.500000000000000000e+01 3.173917745322500750e+01 2.893194020327817384e+01
1.230000000000000000e+02 9.053663233585785974e+01 7.916835644229384172e+01
5.400000000000000000e+01 1.056889820592743803e+02 9.368237139148020276e+01
3.700000000000000000e+01 9.084903396498680195e+01 7.231801149224443748e+01
1.000000000000000000e+02 1.123965700104228489e+02 9.967466444854173346e+01
1.600000000000000000e+01 3.961770715296225376e+01 3.546248063378264703e+01
5.600000000000000000e+01 4.108110329075000777e+01 3.775524873958681837e+01
6.200000000000000000e+01 4.842827419396358124e+01 4.346160963043843140e+01
7.500000000000000000e+01 9.663385703162650486e+01 7.936659350003883162e+01
5.100000000000000000e+01 7.820780855551481636e+01 6.619505124274947150e+01
1.800000000000000000e+01 5.466850432920438863e+01 4.919007021650284628e+01
2.400000000000000000e+01 3.653075507281721457e+01 3.149924807878524291e+01
6.300000000000000000e+01 8.414110482833589799e+01 7.077898178107496108e+01
1.020000000000000000e+02 9.185831178915573503e+01 7.820354927606489071e+01
6.500000000000000000e+01 9.442635167438452015e+01 7.928755719099832788e+01
8.900000000000000000e+01 1.076945761036684956e+02 9.324100532404759178e+01
7.000000000000000000e+00 2.619090154062791598e+01 2.419875079983242472e+01
4.300000000000000000e+01 5.537779983458639066e+01 4.742009398380300667e+01
9.000000000000000000e+01 1.004467222484382631e+02 8.441246074313352210e+01
1.250000000000000000e+02 1.240767327686536845e+02 1.044699911456232826e+02
7.200000000000000000e+01 8.081906669550696165e+01 7.057036534322688226e+01
1.090000000000000000e+02 1.270401863415263506e+02 1.069101904511879439e+02
8.300000000000000000e+01 9.161561389169004599e+01 7.652116882973693635e+01
5.700000000000000000e+01 6.348555118680457099e+01 5.297573522761246068e+01
1.390000000000000000e+02 1.463511180779823917e+02 1.213243466641724950e+02
3.200000000000000000e+01 4.401101655998255069e+01 3.946940766791252742e+01
6.700000000000000000e+01 1.098536736701567804e+02 9.584130742133716296e+01
3.000000000000000000e+01 6.732367672948751647e+01 5.548906556003240098e+01
1.110000000000000000e+02 1.095871180895587713e+02 9.267388446853088624e+01
1.070000000000000000e+02 8.620168647423108155e+01 7.292179441539781237e+01
1.450000000000000000e+02 6.162870079595249706e+01 5.451192338718163199e+01
4.300000000000000000e+01 6.850026520296033539e+01 6.085248504674687098e+01
4.900000000000000000e+01 6.468034787322014267e+01 5.444974388899932904e+01
6.600000000000000000e+01 1.039286208156503903e+02 8.741420460100165712e+01
2.200000000000000000e+01 4.062469826359903635e+01 3.650355644967281421e+01
7.300000000000000000e+01 7.337702994141123725e+01 6.582299467152532202e+01
9.700000000000000000e+01 9.180483962853983826e+01 8.134492825395609827e+01
9.200000000000000000e+01 1.346271615586267956e+02 1.199503574363764642e+02
6.400000000000000000e+01 9.832356428194658804e+01 8.032008398090169976e+01
8.800000000000000000e+01 6.417490097056241893e+01 5.457785558784231483e+01
4.500000000000000000e+01 6.699795477464071780e+01 5.677594948565640465e+01
1.420000000000000000e+02 1.466504509672962797e+02 1.274107472794862872e+02
1.080000000000000000e+02 1.191790450539700572e+02 1.040981509381639256e+02
1.400000000000000000e+01 2.880500865716909331e+01 2.591865439739733290e+01
6.200000000000000000e+01 7.962957002919964111e+01 6.670560483607127367e+01
5.300000000000000000e+01 8.476503942153783555e+01 7.335093897289472409e+01
9.900000000000000000e+01 1.225647645152401424e+02 1.009107619680922738e+02
2.000000000000000000e+01 6.587204200749258121e+01 5.552460750521264288e+01
7.300000000000000000e+01 8.278104262655469370e+01 7.377118520543145053e+01
1.000000000000000000e+02 8.892096660149766763e+01 7.634573432809918359e+01
1.050000000000000000e+02 1.091627526332538025e+02 9.094492177195611760e+01
7.300000000000000000e+01 1.394860987864554147e+02 1.158314017380605350e+02
3.500000000000000000e+01 6.091403708131735328e+01 5.415627885311764089e+01
8.000000000000000000e+01 1.416426526397282544e+02 1.175192142209934474e+02
1.270000000000000000e+02 1.105471019900465848e+02 9.297882745328439569e+01
1.200000000000000000e+01 3.281625629022515511e+01 2.980691594200659722e+01
3.400000000000000000e+01 4.704914424719411414e+01 3.951114710205541058e+01
8.700000000000000000e+01 1.104382578485270727e+02 9.400538540879084337e+01
1.050000000000000000e+02 1.250641072833116993e+02 1.028966600143390480e+02
1.430000000000000000e+02 1.442903156760630168e+02 1.238035458103749704e+02
4.000000000000000000e+00 1.901770422160284113e+01 1.544242192612255948e+01
3.100000000000000000e+01 6.220450178203820002e+01 5.248105592027896904e+01
9.300000000000000000e+01 6.300391816851605853e+01 5.601801506428736133e+01
1.220000000000000000e+02 1.576219231109079146e+02 1.306249989320981513e+02
1.130000000000000000e+02 1.162296750880471450e+02 9.508786152481184217e+01
1.350000000000000000e+02 7.029858252708665134e+01 6.144515636248028301e+01
2.000000000000000000e+01 3.410723620869395489e+01 2.969181018219995849e+01
1.160000000000000000e+02 1.553709972977560767e+02 1.258498315594625012e+02
5.100000000000000000e+01 5.675522233417204632e+01 4.892665219318921288e+01
6.400000000000000000e+01 6.667073523789315459e+01 5.715713975516741385e+01
7.700000000000000000e+01 7.656828693291434718e+01 6.813862843783827827e+01
5.300000000000000000e+01 1.031980900126868193e+02 8.526846321388131855e+01
6.500000000000000000e+01 6.649687248327346367e+01 5.876496193625489894e+01
8.400000000000000000e+01 5.826866290581801877e+01 5.033471485346308327e+01
4.500000000000000000e+01 6.016666513002847694e+01 5.179791690426212369e+01
9.200000000000000000e+01 1.211206503989280208e+02 9.992881852919167329e+01
1.470000000000000000e+02 1.274119382955108080e+02 1.082402366831136220e+02
1.410000000000000000e+02 1.108851095314836499e+02 9.465445149760695642e+01
4.700000000000000000e+01 9.306198152139968727e+01 7.489431762027993500e+01
5.200000000000000000e+01 8.756417143662673652e+01 7.446683794701684178e+01
4.200000000000000000e+01 6.732546599069128490e+01 5.566231603599890576e+01
1.800000000000000000e+01 3.626754092098356352e+01 3.078767724610063539e+01
1.480000000000000000e+02 1.854827561439135195e+02 1.542704988216323727e+02
2.200000000000000000e+01 4.663185587549516242e+01 3.926443684857763117e+01
1.200000000000000000e+02 6.964342313023195175e+01 6.116158352195805747e+01
2.900000000000000000e+01 6.263156966244546453e+01 5.430394312506537347e+01
2.500000000000000000e+01 6.200425829673709899e+01 5.428800529580583856e+01
1.020000000000000000e+02 1.210086747994614313e+02 9.727957505353856504e+01
3.400000000000000000e+01 7.192749628744324752e+01 6.013592799875332418e+01
2.400000000000000000e+01 5.314581207440590305e+01 4.326831738638644254e+01
1.030000000000000000e+02 1.073257787251742457e+02 9.128072052202523423e+01
5.000000000000000000e+00 1.651998558685877327e+01 1.483681684211623164e+01
8.500000000000000000e+01 8.950657421673612646e+01 7.550426829014359953e+01
5.800000000000000000e+01 6.437021086021979954e+01 5.636618468188794395e+01
1.140000000000000000e+02 8.425028083624167152e+01 7.711744726076084078e+01
4.400000000000000000e+01 8.684742349452798749e+01 7.199539225250252628e+01
2.000000000000000000e+01 3.553304638467842835e+01 3.238314237641127846e+01
5.400000000000000000e+01 6.870790086323356149e+01 6.207165198028123854e+01
7.300000000000000000e+01 5.616980361662447052e+01 5.661700893899946152e+01
1.300000000000000000e+01 3.745046563110522442e+01 3.336422904106007081e+01
5.900000000000000000e+01 6.533710721656527198e+01 5.756031426928743144e+01
1.030000000000000000e+02 1.024225010459567500e+02 8.605333618812248631e+01
8.400000000000000000e+01 7.107234744569957741e+01 6.055610616620915465e+01
1.100000000000000000e+02 6.030717700461448061e+01 5.443344689148981530e+01
1.270000000000000000e+02 8.609105961877797597e+01 7.389094028741162390e+01
1.340000000000000000e+02 1.150295334409618420e+02 9.917717729710722097e+01
2.900000000000000000e+01 6.667613677417362794e+01 5.771075520538114745e+01
4.000000000000000000e+00 2.145241254185399882e+01 1.942003817232433960e+01
1.290000000000000000e+02 1.228454455794546760e+02 1.047593930830965405e+02
8.200000000000000000e+01 8.614577845657854027e+01 7.498587801394999985e+01
5.700000000000000000e+01 5.933501903103640984e+01 4.952744700720673876e+01
7.500000000000000000e+01 7.925147928558958199e+01 6.930737648618207913e+01
1.100000000000000000e+02 1.091969561359657206e+02 9.313807197840172591e+01
1.070000000000000000e+02 8.404988866621096122e+01 7.078262728607589338e+01
1.180000000000000000e+02 9.388968440080044786e+01 7.856573967461547170e+01
5.400000000000000000e+01 4.608746555535626044e+01 3.950451309568354219e+01
4.800000000000000000e+01 9.925017852538658758e+01 8.434930400355345625e+01
2.300000000000000000e+01 3.621579051957344575e+01 3.091355861070136157e+01
4.200000000000000000e+01 5.774581976101092806e+01 5.052226995268024012e+01
3.800000000000000000e+01 8.558366609337633690e+01 7.005463524583065293e+01
5.200000000000000000e+01 6.135738863994317427e+01 5.291884893701404735e+01
8.500000000000000000e+01 9.681899739111808856e+01 8.191770279880671524e+01
1.240000000000000000e+02 1.511487271170335589e+02 1.206148889857988138e+02
9.500000000000000000e+01 1.171367353393756758e+02 1.004048863253819519e+02
7.800000000000000000e+01 1.187476982144649185e+02 9.728803855209574181e+01
1.600000000000000000e+01 4.461558166204454068e+01 4.084337841347716136e+01
1.300000000000000000e+02 9.723334272669684708e+01 8.425034380664341427e+01
7.800000000000000000e+01 9.325890198401697262e+01 7.710745014859860191e+01
2.900000000000000000e+01 5.684641347235900355e+01 4.753910559283910686e+01
1.210000000000000000e+02 1.210230516839237396e+02 1.059274602438981248e+02
6.700000000000000000e+01 8.052611372758521213e+01 7.071416305504301647e+01
6.100000000000000000e+01 8.298333934985248561e+01 7.210267938912127761e+01
1.350000000000000000e+02 1.042110741069088107e+02 8.856175539143092124e+01
1.310000000000000000e+02 9.956143311588944300e+01 8.426005414588422582e+01
5.500000000000000000e+01 1.044581476123197490e+02 8.670494266918075255e+01
8.400000000000000000e+01 1.614089602920992377e+02 1.350268040322854404e+02
8.700000000000000000e+01 1.121665941547449279e+02 9.206079059442473067e+01
8.600000000000000000e+01 1.163933151509925494e+02 9.746426732457420883e+01
1.110000000000000000e+02 9.297828701270749718e+01 8.180621377163194552e+01
1.460000000000000000e+02 1.286793233245942929e+02 1.065804060714223880e+02
8.500000000000000000e+01 1.226678501900916416e+02 1.035365405700015629e+02
3.300000000000000000e+01 5.097402192519867015e+01 4.502505759809848485e+01
1.150000000000000000e+02 1.191760465548771748e+02 1.017972328302913780e+02
6.800000000000000000e+01 6.107945613202042523e+01 5.346060424146365619e+01
1.480000000000000000e+02 1.451473084707330372e+02 1.244634361419926876e+02
3.100000000000000000e+01 4.123077431506550283e+01 3.729906198019578056e+01
9.400000000000000000e+01 7.325152552627693581e+01 6.358603231668853795e+01
8.100000000000000000e+01 1.058374506481700621e+02 9.251662839195677179e+01
6.000000000000000000e+01 8.846997668446918794e+01 7.511105199001363530e+01
1.040000000000000000e+02 9.766376363595244925e+01 8.435883283494946738e+01
4.700000000000000000e+01 7.702923464750116977e+01 6.810622342784259331e+01
1.420000000000000000e+02 1.152281522171142996e+02 9.500645427820650468e+01
2.600000000000000000e+01 4.596495313312210129e+01 4.051382525210654251e+01
5.800000000000000000e+01 1.180558996176473556e+02 9.954186699482330880e+01
3.200000000000000000e+01 4.285615960846175909e+01 3.940472274820277931e+01
1.500000000000000000e+01 4.568507302788722768e+01 3.954655302710999365e+01
1.270000000000000000e+02 1.962898996065122219e+02 1.690421938001827868e+02
4.400000000000000000e+01 6.194894329729875437e+01 5.378790452826099511e+01
9.900000000000000000e+01 1.024055577633268541e+02 8.550012497706042325e+01
1.700000000000000000e+01 3.415223287807673103e+01 3.111408194711464503e+01
2.100000000000000000e+01 3.997052114622788110e+01 3.645904508360855800e+01
8.300000000000000000e+01 1.092299887230523723e+02 9.306390572606584044e+01
6.000000000000000000e+01 7.385154885828694660e+01 6.292506226054321417e+01
1.100000000000000000e+01 3.774822172430383205e+01 3.278578800664469384e+01
8.100000000000000000e+01 7.154710033026725569e+01 6.330357290519835800e+01
1.190000000000000000e+02 1.196252094443121052e+02 1.027924079200613647e+02
1.340000000000000000e+02 7.799479484143614627e+01 6.697058182989684383e+01
3.900000000000000000e+01 7.702741554110346556e+01 6.473592945470764448e+01
1.250000000000000000e+02 1.162627637514790422e+02 1.016975350779308229e+02
1.460000000000000000e+02 1.178815718391351197e+02 9.704272330057723650e+01
5.200000000000000000e+01 8.036145865626725993e+01 7.279271716456298691e+01
1.310000000000000000e+02 7.774522531316327445e+01 6.776934902770493352e+01
7.900000000000000000e+01 8.696719383463675968e+01 7.355479184107409196e+01
1.030000000000000000e+02 8.899119639715488006e+01 7.643183654372369062e+01
1.900000000000000000e+01 3.642231466334857259e+01 3.432063132301805553e+01
1.000000000000000000e+01 3.636289272462521893e+01 3.165957594316520485e+01
3.000000000000000000e+00 1.390462539218717453e+01 1.136076381830457294e+01
6.000000000000000000e+00 3.096926949822728403e+01 2.716694548190462655e+01
1.270000000000000000e+02 1.411179043283356975e+02 1.188797451389836652e+02
6.800000000000000000e+01 7.207896122355595026e+01 6.268039494900312292e+01
3.700000000000000000e+01 5.622208925460284235e+01 4.713139065353393420e+01
5.500000000000000000e+01 7.231097015877089973e+01 6.385700483762311563e+01
1.440000000000000000e+02 1.310832423833642792e+02 1.125431274156006225e+02
9.900000000000000000e+01 1.535595108176123063e+02 1.318407086611192369e+02
9.700000000000000000e+01 1.085555070376285869e+02 9.159601208525721461e+01
1.370000000000000000e+02 1.287552162744455870e+02 1.099793393512738220e+02
6.100000000000000000e+01 5.753497963279937011e+01 4.795445766397205034e+01
1.100000000000000000e+01 3.066252286336991162e+01 2.520213611755141514e+01
1.140000000000000000e+02 1.106146385001023162e+02 9.491056758161899154e+01
7.900000000000000000e+01 7.879177101047073961e+01 6.906689170886846796e+01
8.600000000000000000e+01 7.395814783249900870e+01 6.514910358361507292e+01
1.330000000000000000e+02 1.033214969303694062e+02 9.058067257077401280e+01
7.600000000000000000e+01 1.137435748135512483e+02 9.351261505354386827e+01
1.350000000000000000e+02 1.066842388541871145e+02 9.443243795041543365e+01
1.400000000000000000e+02 1.130528658588640951e+02 9.507858974244398098e+01
5.700000000000000000e+01 6.962089240699792470e+01 5.819086980639915652e+01
3.400000000000000000e+01 3.830197144612255755e+01 3.360975420416009740e+01
1.420000000000000000e+02 1.801438450745571913e+02 1.523417167510054924e+02
1.170000000000000000e+02 1.119861054752011427e+02 9.573264112440952545e+01
8.900000000000000000e+01 9.424695481570046240e+01 8.430786779921518814e+01
1.320000000000000000e+02 1.365644214364166373e+02 1.134187427494159692e+02
7.800000000000000000e+01 1.074608039867293030e+02 9.106217635460986060e+01
1.070000000000000000e+02 8.626880451692194640e+01 7.573396894794755951e+01
9.900000000000000000e+01 8.813923175994959536e+01 7.634932331927846860e+01
5.000000000000000000e+01 8.395987073862042394e+01 7.195383051668801500e+01
1.500000000000000000e+02 1.033091186273702391e+02 9.251392325533304017e+01
1.010000000000000000e+02 1.684323520358712187e+02 1.414907635699791513e+02
1.440000000000000000e+02 1.248637965030477233e+02 1.099973267473619671e+02
6.000000000000000000e+00 2.052543156906945043e+01 1.817414226819720113e+01
1.160000000000000000e+02 9.644103067057538681e+01 8.576587672728923906e+01
1.410000000000000000e+02 9.959391335901078435e+01 9.302397523674791557e+01
9.800000000000000000e+01 7.806879608793416025e+01 6.824131393409611235e+01
1.410000000000000000e+02 1.651890663776809447e+02 1.439870404338493302e+02
4.500000000000000000e+01 6.481467407736226960e+01 5.572320406365842871e+01
1.200000000000000000e+02 1.176201329002271763e+02 1.018449547105406054e+02
4.300000000000000000e+01 3.756721425558180982e+01 3.413031898597010638e+01
8.700000000000000000e+01 9.434597361495980294e+01 7.931198211267937381e+01
4.100000000000000000e+01 5.133020875412580608e+01 4.456207197517473872e+01
5.800000000000000000e+01 7.906898877602793618e+01 6.748343411818187576e+01
1.040000000000000000e+02 9.238689282015751303e+01 8.068102555159045153e+01
4.000000000000000000e+01 6.320564651192328398e+01 5.640284832083187183e+01
3.000000000000000000e+00 1.454163821439363069e+01 1.324989238824469773e+01
1.180000000000000000e+02 9.317847884008952519e+01 8.090282426115145142e+01
3.300000000000000000e+01 1.179001577960408156e+02 1.010905472742794160e+02
9.500000000000000000e+01 8.059663076982687357e+01 6.992439657606277592e+01
3.700000000000000000e+01 5.089536284869441829e+01 4.617265222662426538e+01
1.310000000000000000e+02 1.493189749575233805e+02 1.210981183051458601e+02
1.430000000000000000e+02 1.044225910067759600e+02 8.953996622300705610e+01
2.400000000000000000e+01 4.218721187103873405e+01 3.773304876847299738e+01
2.300000000000000000e+01 4.488876113997391570e+01 3.946919227692035292e+01
7.000000000000000000e+01 9.564808398817078228e+01 8.401141566729113208e+01
3.500000000000000000e+01 4.884751200833900242e+01 4.481742075730967656e+01
1.700000000000000000e+01 5.867879769575250748e+01 4.826361244016949570e+01
1.090000000000000000e+02 8.234007433608722692e+01 6.982866687558531282e+01
5.600000000000000000e+01 7.452843410542732272e+01 6.223644359681625815e+01
1.400000000000000000e+02 7.883337680576443063e+01 6.944198080689859864e+01
7.100000000000000000e+01 5.185225182560797208e+01 4.557710826397767079e+01
9.200000000000000000e+01 8.456056289273934112e+01 7.417055693351433376e+01
5.600000000000000000e+01 5.140648701335274495e+01 4.750523716555348841e+01
1.330000000000000000e+02 1.347881043506781111e+02 1.171625013725679452e+02
8.100000000000000000e+01 1.041684656036708390e+02 8.901616693643335054e+01
1.240000000000000000e+02 1.735583517646252290e+02 1.371044612377485521e+02
1.080000000000000000e+02 8.026765406215307053e+01 6.965085659455644418e+01
1.100000000000000000e+01 3.697293894101620992e+01 3.363258239499975844e+01
7.700000000000000000e+01 1.403752679986940564e+02 1.106876327138534748e+02
1.280000000000000000e+02 8.458222155449803381e+01 7.521753570851369375e+01
1.300000000000000000e+01 2.737938547456204219e+01 2.356220284394070674e+01
7.600000000000000000e+01 6.853901526306421488e+01 5.856454233029784007e+01
3.200000000000000000e+01 4.686341382047432091e+01 4.092330462537120894e+01
3.400000000000000000e+01 6.197081842682464980e+01 5.596111399479978843e+01
3.800000000000000000e+01 7.297605760490971250e+01 6.132995540361860520e+01
6.200000000000000000e+01 7.093404035067574398e+01 6.201258439381042820e+01
1.060000000000000000e+02 5.598442044553142694e+01 5.047413963125644898e+01
9.600000000000000000e+01 1.246900231951569253e+02 1.038432790259311815e+02
1.180000000000000000e+02 8.519265468771141059e+01 7.497830628642512352e+01
1.120000000000000000e+02 1.249710221252588269e+02 1.002332539915608862e+02
1.440000000000000000e+02 1.458470399304107730e+02 1.239048739762379654e+02
6.900000000000000000e+01 7.308599430045082102e+01 6.348978564130703717e+01
1.000000000000000000e+02 1.250920855378731176e+02 1.046314871020313149e+02
9.100000000000000000e+01 7.765600430400138521e+01 6.766547849553560923e+01
9.100000000000000000e+01 8.278877580403181469e+01 7.102807497194474706e+01
8.000000000000000000e+00 2.272836219024830484e+01 1.912207913228338185e+01
8.400000000000000000e+01 1.069938221076558165e+02 9.041727333635668629e+01
1.370000000000000000e+02 1.303405274571829011e+02 1.075626092098035542e+02
8.300000000000000000e+01 9.499042793827894116e+01 8.421067803856655587e+01
2.600000000000000000e+01 4.340980724137975955e+01 3.921337815624691103e+01
6.000000000000000000e+00 2.530620317557688992e+01 2.447906166361563507e+01
9.000000000000000000e+01 1.458109847404743391e+02 1.225480515869059417e+02
3.500000000000000000e+01 5.734952171575089608e+01 5.080002779620237874e+01
1.000000000000000000e+01 2.895960845009173212e+01 2.408962265959026894e+01
9.400000000000000000e+01 1.025067337003936814e+02 8.808574450492102415e+01
9.700000000000000000e+01 8.587644912426399912e+01 7.470682803665259542e+01
2.700000000000000000e+01 7.513304475411098338e+01 5.894446460041357483e+01
2.300000000000000000e+01 4.535210302177511466e+01 3.931130197540538518e+01
9.500000000000000000e+01 1.020130286883844519e+02 8.524321305070695587e+01
9.600000000000000000e+01 7.102900563860767136e+01 6.123115999629063566e+01
1.330000000000000000e+02 1.325502025390575227e+02 1.176041670812239914e+02
9.500000000000000000e+01 8.021501929753789284e+01 6.926509820436477582e+01
2.000000000000000000e+00 9.121868683019476620e+00 8.773612162793659408e+00
1.010000000000000000e+02 8.960043574731686533e+01 7.508090935907240748e+01
6.600000000000000000e+01 9.320969045907907002e+01 8.166638358345278448e+01
1.700000000000000000e+01 4.124596865219726283e+01 3.488543768917832466e+01
5.900000000000000000e+01 1.032211820175745629e+02 8.688341538504339212e+01
6.300000000000000000e+01 5.599243208532790561e+01 4.950595459886937988e+01
1.340000000000000000e+02 7.030285200987553651e+01 6.402500713851929959e+01
5.000000000000000000e+00 1.566852114669102036e+01 1.394389953928234505e+01
1.130000000000000000e+02 9.111030817443841556e+01 8.011153681837402019e+01
1.460000000000000000e+02 1.234334542813505777e+02 1.039355811311213245e+02
1.210000000000000000e+02 1.139895920790703627e+02 9.977155256563321473e+01
1.360000000000000000e+02 1.336744967916708617e+02 1.112912794292063978e+02
3.200000000000000000e+01 4.049051981511218656e+01 3.563848966910381222e+01
7.400000000000000000e+01 6.798654735737601129e+01 5.882989164116971637e+01
1.120000000000000000e+02 9.288429976663739751e+01 8.169160062341912010e+01
1.230000000000000000e+02 1.346191117068601386e+02 1.119052852172991095e+02
5.000000000000000000e+01 6.934488905508661105e+01 5.817812756416280706e+01
7.200000000000000000e+01 7.927019340905400213e+01 6.813077505310388915e+01
1.300000000000000000e+01 4.800856692764418199e+01 3.870835329674532943e+01
2.100000000000000000e+01 4.924092751424142733e+01 4.073750530829131833e+01
2.700000000000000000e+01 4.669770975437707961e+01 3.827159963724736258e+01
1.500000000000000000e+02 1.430944113587111133e+02 1.260971322349571722e+02
4.000000000000000000e+01 5.331547372937981777e+01 4.573660875408420168e+01
3.000000000000000000e+00 1.165824829688573949e+01 1.116000592188062512e+01
1.040000000000000000e+02 8.401610831696805803e+01 7.184438972722772121e+01
1.430000000000000000e+02 1.174719924731113423e+02 1.027420796062996686e+02
9.000000000000000000e+00 2.999986338035375510e+01 2.673922947516216908e+01
1.170000000000000000e+02 1.289703343829035589e+02 1.088105807955259507e+02
3.600000000000000000e+01 6.053283160505478833e+01 5.414335220549708083e+01
2.700000000000000000e+01 7.477879915348894713e+01 6.407197533606777995e+01
1.130000000000000000e+02 9.257716892105842987e+01 7.746239658126896188e+01
1.080000000000000000e+02 7.587727830272217489e+01 6.686918612643995630e+01
7.100000000000000000e+01 6.730613504055249052e+01 5.834723510433553173e+01
7.000000000000000000e+00 2.592597162977150305e+01 2.358604939391524624e+01
3.900000000000000000e+01 7.321522002809312824e+01 5.990656328097298911e+01
1.300000000000000000e+02 1.071821396492612450e+02 9.366128931346834463e+01
1.150000000000000000e+02 1.726073938943952442e+02 1.411394010043231617e+02
6.600000000000000000e+01 8.286770024511801580e+01 7.243684005321203756e+01
1.290000000000000000e+02 1.165046374850632986e+02 9.780328940031434115e+01
1.340000000000000000e+02 8.407712069092600871e+01 7.482629039107946767e+01
9.100000000000000000e+01 6.454933290869995233e+01 5.727770848207906340e+01
6.800000000000000000e+01 6.591958205765077139e+01 5.727262336743432058e+01
1.230000000000000000e+02 7.624162970062155864e+01 6.413329694250096225e+01
1.480000000000000000e+02 1.068759710002117487e+02 8.925005854590658316e+01
1.120000000000000000e+02 1.120614762953294701e+02 9.348102660809473718e+01
4.600000000000000000e+01 6.222024045085424149e+01 5.252971613394416295e+01
1.280000000000000000e+02 1.075122580727273203e+02 9.470926586474557496e+01
1.260000000000000000e+02 1.041810522540420578e+02 9.375660489898088201e+01
1.020000000000000000e+02 1.210253727749311707e+02 1.021462255996444952e+02
4.900000000000000000e+01 6.428757773535660647e+01 5.566924393201539090e+01
1.900000000000000000e+01 5.597606982414324506e+01 4.574028759292149715e+01
6.200000000000000000e+01 7.562009159343608644e+01 6.471208610456669419e+01
7.900000000000000000e+01 1.005549619637851606e+02 8.704802684208063113e+01
6.500000000000000000e+01 8.623628211918808972e+01 7.530581204695091913e+01
1.900000000000000000e+01 2.512225027159158941e+01 2.353936511412861776e+01
8.200000000000000000e+01 5.365097244988132275e+01 4.778803103741331881e+01
1.240000000000000000e+02 1.165485839402854538e+02 1.017911955694803510e+02
9.400000000000000000e+01 1.034316548481718741e+02 8.529575543135815963e+01
1.110000000000000000e+02 1.317774934497650179e+02 1.152930663967969309e+02
1.480000000000000000e+02 1.046221895870470178e+02 9.129868251202130125e+01
1.800000000000000000e+01 3.559140477151757409e+01 3.052932304806592612e+01
1.030000000000000000e+02 1.416869140821158055e+02 1.217041613485963154e+02
1.010000000000000000e+02 8.844304465553396710e+01 7.598946087901954627e+01
2.700000000000000000e+01 5.007117207425605443e+01 4.382246407631341611e+01
4.400000000000000000e+01 9.801642614476462256e+01 8.302245493437769142e+01
3.500000000000000000e+01 6.693682406386352568e+01 5.845971861482097154e+01
9.800000000000000000e+01 1.009669353561855729e+02 8.534277317535367047e+01
4.000000000000000000e+01 6.521742558777539500e+01 5.736353802548212855e+01
1.390000000000000000e+02 1.145435806382955377e+02 9.602144629459732528e+01
6.300000000000000000e+01 8.450802654223589627e+01 7.058410101206362697e+01
6.600000000000000000e+01 8.580967443457616639e+01 7.073564452053562945e+01
7.500000000000000000e+01 1.228383165213518708e+02 1.024103976902074038e+02
1.380000000000000000e+02 1.141008367230096638e+02 1.001617333209773193e+02
1.900000000000000000e+01 5.620424442847068747e+01 4.885963154404181807e+01
1.290000000000000000e+02 1.122706055554394737e+02 9.552002177384977699e+01
1.150000000000000000e+02 8.755208989442775191e+01 7.608503864249318838e+01
1.320000000000000000e+02 9.873331956030570211e+01 8.390666370285602227e+01
7.400000000000000000e+01 6.068516252681980205e+01 5.308535012922556007e+01
1.300000000000000000e+02 1.066043628442748172e+02 8.952823456469189978e+01
4.600000000000000000e+01 7.519207219812214760e+01 6.523482632392828862e+01
9.000000000000000000e+01 7.255055519624929161e+01 6.367515605071047702e+01
9.000000000000000000e+00 3.602739087418220265e+01 3.175102826720363680e+01
3.300000000000000000e+01 5.258193953185130454e+01 4.639746636364748866e+01
1.400000000000000000e+01 3.400503547752546751e+01 2.958372328223966718e+01
2.600000000000000000e+01 4.603077467533276490e+01 4.035692280243434737e+01
1.140000000000000000e+02 8.842680120034599156e+01 7.541970948804112140e+01
2.000000000000000000e+00 3.535107570564425039e+00 3.102872542016256396e+00
3.300000000000000000e+01 3.830560598118355387e+01 3.542032725073482879e+01
3.600000000000000000e+01 5.470835345362717561e+01 4.571322805829096581e+01
5.000000000000000000e+01 6.026545839910610880e+01 5.355025117451221206e+01
9.300000000000000000e+01 9.323534955585810735e+01 7.977056588600757436e+01
7.000000000000000000e+00 2.273018477725074504e+01 1.920795863752168486e+01
8.000000000000000000e+01 1.498854805562217507e+02 1.250310376737024143e+02
3.100000000000000000e+01 5.407922491386285913e+01 4.691293862616699784e+01
4.300000000000000000e+01 5.630846161580873144e+01 5.073259472334919451e+01
6.700000000000000000e+01 5.796359095692786667e+01 5.064826955952285914e+01
8.600000000000000000e+01 7.023381325281465593e+01 6.338463901859213223e+01
4.200000000000000000e+01 4.645850892941657406e+01 4.032664986031466725e+01
1.200000000000000000e+01 3.121251830217488177e+01 2.627703039511390415e+01
4.800000000000000000e+01 9.269585113414377986e+01 7.537859778039056380e+01
6.800000000000000000e+01 6.689797520772054895e+01 6.113231728416271693e+01
9.800000000000000000e+01 9.747928652591049570e+01 8.366896161902167250e+01
4.900000000000000000e+01 7.953262013838718758e+01 6.709923211048696601e+01
1.360000000000000000e+02 7.998865238333779359e+01 6.925786811707737911e+01
3.900000000000000000e+01 8.034910281026695600e+01 6.896605868564844855e+01
1.190000000000000000e+02 1.591896140754806197e+02 1.337831071773663609e+02
2.100000000000000000e+01 4.463928993457079031e+01 3.943747292490758838e+01
2.000000000000000000e+00 1.408722363952042400e+01 1.234523845815109766e+01
8.500000000000000000e+01 9.998426745749404176e+01 8.443520797788274024e+01
5.900000000000000000e+01 6.362594057387588720e+01 5.525097809677285454e+01
1.260000000000000000e+02 7.143949673818494261e+01 6.394907729582968869e+01
7.900000000000000000e+01 9.323524395722758129e+01 8.070891395917193734e+01
5.100000000000000000e+01 6.477317767512408864e+01 5.730796329008251888e+01
4.500000000000000000e+01 5.914307177546196215e+01 5.245002687022070376e+01
5.600000000000000000e+01 8.612510050055232114e+01 7.293284102602791563e+01
6.100000000000000000e+01 9.195936416604484975e+01 8.359252859794142410e+01
7.600000000000000000e+01 9.348834235312799024e+01 8.013459055050206814e+01
3.600000000000000000e+01 3.635764621146598330e+01 3.299966819036784216e+01
3.800000000000000000e+01 5.000629284573337685e+01 4.317350640407502738e+01
8.700000000000000000e+01 8.749771772020888250e+01 7.864197926594232513e+01
7.000000000000000000e+01 7.984690152458658474e+01 6.684594483573258117e+01
1.330000000000000000e+02 1.494969155625942108e+02 1.290907153914257037e+02
6.000000000000000000e+00 1.869032636933787117e+01 1.555309084930168240e+01
1.090000000000000000e+02 8.412931286754970017e+01 7.089393587772720196e+01
6.400000000000000000e+01 8.767478391892596790e+01 7.360675615898993840e+01
8.000000000000000000e+01 1.032146223813749799e+02 9.181380608231245333e+01
4.800000000000000000e+01 5.992742040053231989e+01 5.332279134477881399e+01
1.020000000000000000e+02 1.138368866670313366e+02 9.888288115856052229e+01
1.130000000000000000e+02 1.070364211056726305e+02 9.317687530130817208e+01
2.900000000000000000e+01 6.342426629915250658e+01 5.432603402152611238e+01
8.000000000000000000e+01 1.012576443277630887e+02 9.206089457211476201e+01
1.490000000000000000e+02 9.110008740318630771e+01 8.323882426142185409e+01
9.600000000000000000e+01 7.042901705068223350e+01 5.973858338098815324e+01
1.490000000000000000e+02 1.108648657387100229e+02 9.839313327737139048e+01
1.380000000000000000e+02 1.016424188930304098e+02 8.913998201929777565e+01
4.400000000000000000e+01 9.631018536518419637e+01 8.287657681425011447e+01
8.900000000000000000e+01 8.597161444762078020e+01 7.554734911673732256e+01
4.000000000000000000e+00 1.439297165949579771e+01 1.297969275191410965e+01
1.420000000000000000e+02 1.540197629605888778e+02 1.340379842730464475e+02
1.800000000000000000e+01 4.276105625057525117e+01 3.729483764520044531e+01
1.170000000000000000e+02 1.010777165930962411e+02 8.944056457004073479e+01
8.800000000000000000e+01 6.681457504820201621e+01 5.816288738029641792e+01
4.000000000000000000e+01 7.021733755633334795e+01 5.813501740868890266e+01
1.250000000000000000e+02 9.193384800478794716e+01 8.211298742870818046e+01
9.300000000000000000e+01 1.096042816157270039e+02 9.613843785898478700e+01
1.370000000000000000e+02 1.239890966414715194e+02 1.073911357340798816e+02
7.000000000000000000e+01 8.928008863161473130e+01 7.451951281234786961e+01
1.240000000000000000e+02 1.186718232687142631e+02 1.002158836404503148e+02
1.250000000000000000e+02 9.018239079506385281e+01 7.987025776768734886e+01
1.050000000000000000e+02 1.699850595843742553e+02 1.372311815664523920e+02
1.000000000000000000e+01 2.898945697317126502e+01 2.635267709233449551e+01
8.000000000000000000e+00 3.349754247591040013e+01 3.174681218599657839e+01
3.900000000000000000e+01 5.242945056248060354e+01 4.527021083394623702e+01
1.700000000000000000e+01 3.112825533449673188e+01 2.747825332602230120e+01
2.100000000000000000e+01 4.371694687247045863e+01 3.643053113436144486e+01
1.390000000000000000e+02 1.076929147654208947e+02 9.938848907877223837e+01
1.200000000000000000e+02 9.013213042454599133e+01 8.091011217203090666e+01
5.800000000000000000e+01 9.492461249972917869e+01 8.173557063112335186e+01
1.200000000000000000e+02 1.255570787503928045e+02 1.102491171356675181e+02
5.300000000000000000e+01 8.175925392824342453e+01 7.384950607631763830e+01
1.070000000000000000e+02 1.363293215371592169e+02 1.129165002502327866e+02
1.290000000000000000e+02 1.180361287953582945e+02 1.012137846012152096e+02
6.400000000000000000e+01 6.644827434881437966e+01 5.821527055585675470e+01
3.700000000000000000e+01 6.298145283905639502e+01 5.326403188782932574e+01
5.200000000000000000e+01 4.835028557202272737e+01 4.270857069372650017e+01
6.900000000000000000e+01 9.148770657083463220e+01 7.943421257819760228e+01
5.000000000000000000e+00 3.088771292233859711e+01 2.713347932028111487e+01
8.800000000000000000e+01 8.240784340586198198e+01 7.115563469719357670e+01
1.400000000000000000e+01 3.891626613465682283e+01 3.349353910451641525e+01
1.310000000000000000e+02 8.239231056651449592e+01 7.264078825804126893e+01
1.380000000000000000e+02 1.192969629756936740e+02 1.111100955294848518e+02
8.200000000000000000e+01 9.795604285395980071e+01 8.660362578133158706e+01
2.500000000000000000e+01 4.329921786299481568e+01 3.848314005760757794e+01
5.700000000000000000e+01 1.023176875197514875e+02 8.233631999309980642e+01
1.320000000000000000e+02 1.002684191808501311e+02 8.782423489016800033e+01
1.450000000000000000e+02 8.990328337709370032e+01 7.861021259934292971e+01
9.800000000000000000e+01 1.434275300901910839e+02 1.207827071611996530e+02
4.800000000000000000e+01 6.008669509100909067e+01 5.462632218178600141e+01
5.500000000000000000e+01 7.801684766320201447e+01 6.645581614204776599e+01
9.100000000000000000e+01 1.529822728026338723e+02 1.329969738916282438e+02
1.360000000000000000e+02 8.165365651305666006e+01 6.905921544658097844e+01
1.210000000000000000e+02 9.312978818732159425e+01 8.488682271173162519e+01
1.260000000000000000e+02 1.198682436216352158e+02 1.000669657153836312e+02
1.260000000000000000e+02 1.485704944636015625e+02 1.253413242506113789e+02
3.000000000000000000e+01 6.089082837337774379e+01 5.394757974226038755e+01
1.500000000000000000e+02 1.292784777401338374e+02 1.140417454913619082e+02
9.300000000000000000e+01 9.752800593697030251e+01 8.328176961734276063e+01
1.060000000000000000e+02 1.025452421878362657e+02 8.634504798495241573e+01
1.300000000000000000e+01 3.433332142219223471e+01 2.913766402754075457e+01
1.010000000000000000e+02 7.381794179555953406e+01 6.353384910204302827e+01
8.100000000000000000e+01 8.052801257378609989e+01 7.005182086279947384e+01
7.800000000000000000e+01 8.797271006997816301e+01 7.670722335814190274e+01
