1.120000000000000000e+02 1.046888060248373762e+02 9.292499999999999716e+01
1.080000000000000000e+02 1.362901761638470077e+02 1.172074074074074019e+02
7.700000000000000000e+01 9.602784571991170992e+01 8.350129870129869403e+01
4.900000000000000000e+01 8.132445814156754693e+01 6.806530612244897327e+01
6.000000000000000000e+01 8.202231490909653644e+01 6.871666666666666856e+01
4.600000000000000000e+01 5.606710455661449544e+01 4.979999999999999716e+01
2.800000000000000000e+01 6.792357165870168956e+01 5.747857142857142776e+01
6.100000000000000000e+01 6.021859384436331197e+01 5.348852459016393368e+01
3.000000000000000000e+01 5.405511646653842206e+01 4.679999999999999716e+01
4.700000000000000000e+01 6.177676264353894453e+01 5.490638297872340701e+01
7.000000000000000000e+00 2.548036540406759443e+01 2.265714285714285836e+01
4.000000000000000000e+00 1.502400049801394744e+01 1.480000000000000071e+01
2.400000000000000000e+01 5.064848661714636080e+01 4.396666666666666146e+01
1.440000000000000000e+02 1.262912436506175311e+02 1.067444444444444400e+02
9.000000000000000000e+00 2.232415165197429019e+01 2.146666666666666856e+01
7.200000000000000000e+01 9.468873639663702590e+01 8.021666666666666856e+01
1.150000000000000000e+02 8.523583580970581863e+01 7.640869565217391823e+01
9.700000000000000000e+01 1.275779319838982531e+02 1.074288659793814418e+02
1.490000000000000000e+02 1.055570750567067222e+02 9.000134228187918950e+01
1.180000000000000000e+02 1.124156153483766900e+02 9.852881355932203178e+01
2.200000000000000000e+01 5.835983500087596099e+01 4.911818181818181728e+01
1.400000000000000000e+01 3.785650163500783094e+01 3.301428571428571956e+01
1.040000000000000000e+02 1.018101255525833153e+02 8.686730769230769056e+01
8.800000000000000000e+01 1.340271588522257389e+02 1.096295454545454504e+02
1.600000000000000000e+01 3.587272855129634763e+01 3.198750000000000071e+01
7.100000000000000000e+01 8.227549220991572554e+01 7.198309859154929313e+01
1.100000000000000000e+02 8.939103594817112253e+01 7.802727272727271668e+01
1.400000000000000000e+02 1.407956917756710880e+02 1.242999999999999972e+02
2.000000000000000000e+01 4.330191156367021676e+01 3.754999999999999716e+01
5.300000000000000000e+01 6.570706531176479359e+01 5.942264150943395862e+01
1.280000000000000000e+02 9.596846305327771631e+01 8.304218749999999716e+01
1.300000000000000000e+02 9.762529869053088305e+01 8.676153846153846416e+01
8.000000000000000000e+00 2.321598978031926919e+01 2.167500000000000071e+01
1.230000000000000000e+02 1.329515498259961532e+02 1.108162601626016226e+02
6.900000000000000000e+01 7.646835321926029394e+01 6.798840579710144993e+01
7.200000000000000000e+01 8.109249400910360350e+01 7.153611111111111143e+01
9.600000000000000000e+01 1.056250704540303218e+02 9.037291666666666856e+01
8.600000000000000000e+01 6.817947941392851874e+01 6.073023255813953369e+01
8.200000000000000000e+01 1.056844769375617972e+02 8.760487804878049189e+01
1.500000000000000000e+01 3.697762008017320312e+01 3.279999999999999716e+01
7.400000000000000000e+01 8.489662481118388371e+01 7.196216216216215855e+01
2.500000000000000000e+01 5.311219370406746521e+01 4.579999999999999716e+01
2.600000000000000000e+01 5.856687695113228642e+01 5.018461538461538396e+01
1.200000000000000000e+01 3.405907697645359633e+01 2.980000000000000071e+01
1.280000000000000000e+02 9.452132893881064035e+01 8.280781249999999716e+01
9.200000000000000000e+01 1.084296541142921200e+02 9.104999999999999716e+01
1.600000000000000000e+01 4.379998868584648619e+01 3.729999999999999716e+01
1.060000000000000000e+02 1.527574767365532011e+02 1.314981132075471635e+02
1.380000000000000000e+02 1.409143117534984242e+02 1.162492753623188406e+02
9.400000000000000000e+01 7.356653082693360091e+01 6.469361702127659441e+01
4.600000000000000000e+01 6.826410411361634090e+01 5.936521739130434128e+01
6.700000000000000000e+01 7.648132552323841082e+01 6.614328358208955194e+01
5.500000000000000000e+01 7.001485186475073874e+01 6.052727272727273089e+01
1.350000000000000000e+02 1.353518865726346689e+02 1.155777777777777828e+02
1.050000000000000000e+02 1.027858128904939434e+02 8.665714285714285836e+01
2.800000000000000000e+01 4.926650414632926100e+01 4.319285714285714306e+01
3.800000000000000000e+01 8.391574317550092132e+01 6.874736842105262724e+01
8.900000000000000000e+01 7.784243129647023807e+01 6.873258426966292234e+01
1.470000000000000000e+02 1.641280893981887061e+02 1.353782312925170004e+02
1.430000000000000000e+02 1.344982339330119032e+02 1.115482517482517437e+02
1.360000000000000000e+02 1.247534801579843275e+02 1.100573529411764753e+02
2.200000000000000000e+01 4.495809675652675708e+01 3.934545454545454390e+01
8.300000000000000000e+01 8.685571496404739378e+01 7.600481927710842456e+01
4.200000000000000000e+01 5.113836219137093764e+01 4.563333333333333286e+01
7.100000000000000000e+01 1.159157403195287230e+02 9.888450704225351728e+01
4.100000000000000000e+01 5.604528248641658195e+01 4.979999999999999716e+01
1.090000000000000000e+02 1.156660225416690224e+02 9.842385321100917395e+01
1.320000000000000000e+02 1.223336135018213611e+02 1.028303030303030283e+02
8.000000000000000000e+00 2.319294242871555412e+01 2.167500000000000071e+01
1.460000000000000000e+02 1.015530433399804764e+02 8.928630136986301125e+01
1.220000000000000000e+02 1.052003654202923286e+02 9.057868852459016296e+01
1.220000000000000000e+02 1.232079176486154779e+02 1.041852459016393340e+02
1.200000000000000000e+01 3.756792386565491881e+01 3.229999999999999716e+01
1.400000000000000000e+02 1.325878040723206084e+02 1.156571428571428584e+02
2.800000000000000000e+01 5.295717493793331698e+01 4.640714285714285836e+01
5.000000000000000000e+01 6.674992652634951185e+01 5.839999999999999858e+01
5.900000000000000000e+01 7.264757849295590120e+01 6.454576271186441261e+01
9.000000000000000000e+00 2.677959103076798542e+01 2.424444444444444358e+01
1.190000000000000000e+02 1.096114410970618280e+02 9.463193277310925566e+01
7.500000000000000000e+01 6.744335991604540936e+01 5.873333333333333428e+01
1.390000000000000000e+02 1.235081753879156139e+02 1.053035971223021647e+02
6.300000000000000000e+01 4.898018909739535331e+01 4.487936507936507979e+01
6.900000000000000000e+01 9.621114633999209786e+01 8.298840579710144993e+01
1.410000000000000000e+02 1.103639421036104409e+02 9.721134751773048777e+01
5.400000000000000000e+01 6.515844171412088315e+01 5.794814814814814952e+01
7.400000000000000000e+01 1.014486630235089422e+02 8.750270270270270601e+01
5.100000000000000000e+01 6.036941485336885194e+01 5.411372549019607447e+01
1.140000000000000000e+02 1.372900578224759442e+02 1.165105263157894768e+02
3.000000000000000000e+00 1.385144238905537151e+01 1.313333333333333464e+01
1.000000000000000000e+02 7.229881375942953525e+01 6.415000000000000568e+01
1.160000000000000000e+02 1.340690815636742457e+02 1.185499999999999972e+02
2.800000000000000000e+01 4.364063436325248801e+01 3.890714285714285836e+01
1.370000000000000000e+02 9.133957717021219480e+01 8.140583941605839868e+01
2.500000000000000000e+01 3.665814986271034570e+01 3.379999999999999716e+01
1.100000000000000000e+01 2.866565140821231950e+01 2.616363636363636402e+01
1.000000000000000000e+01 2.863098993424167915e+01 2.580000000000000071e+01
1.450000000000000000e+02 1.158675454514796002e+02 1.007310344827586164e+02
3.600000000000000000e+01 4.895623662707242829e+01 4.341111111111111143e+01
1.220000000000000000e+02 8.016677205421623853e+01 7.127540983606557745e+01
1.100000000000000000e+02 8.402006054077953934e+01 7.261818181818182438e+01
1.470000000000000000e+02 1.340618688672869325e+02 1.141197278911564581e+02
7.700000000000000000e+01 1.375735318967870171e+02 1.103844155844155921e+02
1.160000000000000000e+02 1.331385465217734918e+02 1.114379310344827587e+02
1.060000000000000000e+02 9.688856135986331708e+01 8.423396226415094645e+01
7.600000000000000000e+01 1.050110343546241580e+02 9.032631578947368212e+01
1.190000000000000000e+02 1.230258771704278615e+02 1.033714285714285666e+02
5.000000000000000000e+00 1.929609419279423577e+01 1.780000000000000071e+01
6.000000000000000000e+01 6.088175144378961079e+01 5.388333333333333286e+01
1.470000000000000000e+02 1.295434012884172148e+02 1.099700680272108855e+02
1.490000000000000000e+02 1.816565469090878651e+02 1.504711409395972908e+02
9.000000000000000000e+01 1.149964464378668794e+02 9.552222222222222570e+01
7.000000000000000000e+01 9.637854779057502697e+01 8.115714285714285836e+01
1.500000000000000000e+02 1.227158555108630935e+02 1.084000000000000057e+02
6.500000000000000000e+01 8.731145088607198090e+01 7.387692307692307736e+01
4.100000000000000000e+01 5.709436048547971154e+01 4.979999999999999716e+01
4.700000000000000000e+01 7.932170833989158609e+01 6.586382978723405301e+01
4.100000000000000000e+01 6.177240210927742226e+01 5.321463414634146716e+01
2.000000000000000000e+00 1.002832183129744870e+01 9.800000000000000711e+00
1.500000000000000000e+01 4.012401784934991866e+01 3.513333333333333286e+01
1.450000000000000000e+02 1.208122176429411780e+02 1.057310344827586164e+02
1.170000000000000000e+02 1.085273859862003292e+02 9.334700854700854222e+01
1.110000000000000000e+02 7.713932189097455705e+01 6.745765765765766275e+01
3.000000000000000000e+01 6.088342378314136738e+01 5.296666666666666146e+01
2.300000000000000000e+01 4.945595634686640807e+01 4.327826086956521578e+01
1.210000000000000000e+02 1.153624211049861117e+02 1.002958677685950448e+02
3.100000000000000000e+01 7.156062554193862013e+01 5.867096774193548470e+01
1.500000000000000000e+01 3.101723772387332545e+01 2.846666666666666856e+01
1.230000000000000000e+02 8.617390084231882952e+01 7.760487804878049189e+01
5.400000000000000000e+01 8.221505273876989861e+01 7.044814814814814952e+01
3.700000000000000000e+01 8.026135292853531666e+01 6.615135135135135158e+01
1.000000000000000000e+02 9.866144506920214496e+01 8.615000000000000568e+01
1.600000000000000000e+01 4.056932799384279775e+01 3.573749999999999716e+01
5.600000000000000000e+01 4.592590666969245916e+01 4.229999999999999716e+01
6.200000000000000000e+01 4.792922833632152191e+01 4.447741935483870890e+01
7.500000000000000000e+01 9.227118088300382226e+01 7.793333333333332291e+01
5.100000000000000000e+01 7.079830310696706874e+01 6.058431372549019756e+01
1.800000000000000000e+01 4.220872531830043073e+01 3.674444444444444713e+01
2.400000000000000000e+01 5.300656085327494083e+01 4.563333333333333286e+01
6.300000000000000000e+01 1.054970588098549484e+02 8.805396825396825022e+01
1.020000000000000000e+02 8.787178361217495137e+01 7.450588235294117112e+01
6.500000000000000000e+01 9.095009196635109561e+01 7.749230769230769056e+01
8.900000000000000000e+01 1.044696131767356349e+02 9.075505617977528061e+01
7.000000000000000000e+00 2.076789651519900914e+01 1.980000000000000071e+01
4.300000000000000000e+01 5.770426455701227297e+01 5.049767441860464601e+01
9.000000000000000000e+01 1.082341414751341233e+02 9.229999999999999716e+01
1.250000000000000000e+02 1.243484030658045754e+02 1.046400000000000006e+02
7.200000000000000000e+01 8.864784028511448355e+01 7.507777777777778283e+01
1.090000000000000000e+02 1.353133627285110094e+02 1.139284403669724668e+02
8.300000000000000000e+01 1.145281391227249230e+02 9.835421686746987291e+01
5.700000000000000000e+01 7.915273681746266732e+01 6.787017543859649038e+01
1.390000000000000000e+02 1.617668825288789947e+02 1.357352517985611655e+02
3.200000000000000000e+01 4.473678609196078071e+01 4.026874999999999716e+01
6.700000000000000000e+01 1.066090841638970375e+02 8.890447761194029397e+01
3.000000000000000000e+01 5.263286540184737561e+01 4.563333333333333286e+01
1.110000000000000000e+02 1.141032002237325003e+02 9.732252252252253300e+01
1.070000000000000000e+02 8.925552627262031535e+01 7.643551401869159179e+01
1.450000000000000000e+02 6.971542351704107432e+01 6.379999999999999716e+01
4.300000000000000000e+01 6.721353065725897125e+01 5.875348837209302388e+01
4.900000000000000000e+01 7.441715784958094559e+01 6.286122448979591582e+01
6.600000000000000000e+01 1.032298408755246157e+02 8.593636363636363740e+01
2.200000000000000000e+01 4.067530792602823908e+01 3.661818181818181728e+01
7.300000000000000000e+01 7.404091892203666703e+01 6.452602739726027892e+01
9.700000000000000000e+01 8.806157822662001422e+01 7.717113402061855254e+01
9.200000000000000000e+01 1.217087667885924986e+02 1.063760869565217462e+02
6.400000000000000000e+01 1.116419042393096674e+02 9.448749999999999716e+01
8.800000000000000000e+01 8.141689884290222778e+01 7.031136363636363740e+01
4.500000000000000000e+01 7.632914793300427903e+01 6.635555555555556850e+01
1.420000000000000000e+02 1.318417975569182659e+02 1.153281690140845086e+02
1.080000000000000000e+02 9.356968106777830485e+01 8.206851851851853041e+01
1.400000000000000000e+01 3.172656152445710021e+01 2.872857142857142776e+01
6.200000000000000000e+01 8.017957775940971032e+01 6.859032258064516441e+01
5.300000000000000000e+01 9.446009115210947016e+01 7.932830188679245964e+01
9.900000000000000000e+01 1.387016008523995367e+02 1.150525252525252569e+02
2.000000000000000000e+01 4.870866529616786522e+01 4.179999999999999716e+01
7.300000000000000000e+01 7.135361094195047826e+01 6.178630136986301835e+01
1.000000000000000000e+02 9.821162922151992802e+01 8.315000000000000568e+01
1.050000000000000000e+02 1.083468565155726679e+02 9.375238095238094616e+01
7.300000000000000000e+01 1.165808275781601964e+02 9.706027397260272949e+01
3.500000000000000000e+01 5.894465978198039835e+01 5.194285714285714306e+01
8.000000000000000000e+01 1.191673156734476606e+02 1.021749999999999972e+02
1.270000000000000000e+02 1.079028724136754249e+02 9.098110236220472302e+01
1.200000000000000000e+01 2.905376899114643763e+01 2.646666666666666856e+01
3.400000000000000000e+01 5.908483997594244386e+01 5.097647058823529420e+01
8.700000000000000000e+01 9.273493894839009499e+01 7.916781609195402325e+01
1.050000000000000000e+02 1.242254190145930011e+02 1.028476190476190482e+02
1.430000000000000000e+02 1.541427251838919688e+02 1.317230769230769454e+02
4.000000000000000000e+00 1.749768277167615338e+01 1.605000000000000071e+01
3.100000000000000000e+01 5.528014969870787354e+01 4.786451612903226049e+01
9.300000000000000000e+01 7.838394106853090193e+01 6.910107526881721185e+01
1.220000000000000000e+02 1.384347004562944505e+02 1.146360655737704946e+02
1.130000000000000000e+02 1.158522918189261759e+02 9.665840707964601108e+01
1.350000000000000000e+02 7.176954400959628799e+01 6.417037037037037805e+01
2.000000000000000000e+01 3.983809524399362090e+01 3.529999999999999716e+01
1.160000000000000000e+02 1.393387399390937560e+02 1.153172413793103459e+02
5.100000000000000000e+01 5.593496104759908860e+01 4.921176470588235219e+01
6.400000000000000000e+01 1.009064444271807730e+02 8.683124999999999716e+01
7.700000000000000000e+01 7.518677479377647899e+01 6.746233766233767426e+01
5.300000000000000000e+01 8.320635789010152905e+01 6.989433962264151035e+01
6.500000000000000000e+01 7.829848316311110068e+01 6.710769230769231797e+01
8.400000000000000000e+01 6.794884425767494918e+01 6.015714285714285836e+01
4.500000000000000000e+01 5.767212287548845495e+01 5.035555555555555429e+01
9.200000000000000000e+01 1.004766538815311776e+02 8.431086956521738784e+01
1.470000000000000000e+02 1.423860866302538852e+02 1.203442176870748312e+02
1.410000000000000000e+02 1.006068723611129769e+02 8.717588652482268685e+01
4.700000000000000000e+01 9.566724967535787982e+01 8.065106382978723332e+01
5.200000000000000000e+01 9.229196035557112054e+01 7.806923076923077076e+01
4.200000000000000000e+01 7.315709113336674818e+01 6.158571428571428186e+01
1.800000000000000000e+01 4.816187759778866706e+01 4.146666666666666146e+01
1.480000000000000000e+02 1.618335751214984839e+02 1.341243243243243057e+02
2.200000000000000000e+01 4.381612858603762817e+01 3.843636363636363740e+01
1.200000000000000000e+02 8.209818300741535779e+01 7.221666666666666856e+01
2.900000000000000000e+01 5.870718999872715216e+01 5.100689655172413950e+01
2.500000000000000000e+01 6.367995225322965069e+01 5.400000000000000000e+01
1.020000000000000000e+02 1.320465301140033034e+02 1.083784313725490165e+02
3.400000000000000000e+01 7.558609942631285605e+01 6.318235294117646816e+01
2.400000000000000000e+01 6.184914466254365095e+01 5.209166666666666146e+01
1.030000000000000000e+02 9.429904490631837177e+01 8.261553398058252640e+01
5.000000000000000000e+00 2.100485085297277266e+01 1.880000000000000071e+01
8.500000000000000000e+01 8.166661011901993561e+01 7.121176470588234508e+01
5.800000000000000000e+01 6.597651188543983380e+01 5.893793103448275872e+01
1.140000000000000000e+02 8.345338039839622013e+01 7.440526315789473699e+01
4.400000000000000000e+01 8.152101081566397056e+01 7.002727272727271668e+01
2.000000000000000000e+01 4.105482646373123146e+01 3.654999999999999716e+01
5.400000000000000000e+01 6.746050491202612420e+01 5.896666666666666146e+01
7.300000000000000000e+01 6.901386855819036725e+01 6.178630136986301835e+01
1.300000000000000000e+01 3.605946793661250638e+01 3.172307692307692051e+01
5.900000000000000000e+01 6.335892401467723545e+01 5.708813559322033626e+01
1.030000000000000000e+02 1.016930524902067106e+02 8.708155339805826145e+01
8.400000000000000000e+01 8.955966529226637363e+01 7.795476190476190936e+01
1.100000000000000000e+02 6.436521918897281580e+01 5.802727272727273089e+01
1.270000000000000000e+02 9.490938890381146109e+01 8.208346456692913762e+01
1.340000000000000000e+02 1.290399444320513282e+02 1.101358208955223859e+02
2.900000000000000000e+01 5.918890882467809433e+01 5.152413793103448825e+01
4.000000000000000000e+00 1.749768277167615338e+01 1.605000000000000071e+01
1.290000000000000000e+02 1.173258547342956462e+02 1.000713178294573567e+02
8.200000000000000000e+01 7.751597326699591406e+01 6.845853658536586295e+01
5.700000000000000000e+01 6.025792764638551802e+01 5.243157894736842195e+01
7.500000000000000000e+01 7.147567134025786117e+01 6.293333333333333712e+01
1.100000000000000000e+02 1.258074485128781390e+02 1.084363636363636374e+02
1.070000000000000000e+02 1.055853342901711898e+02 8.839813084112149966e+01
1.180000000000000000e+02 1.083183255997651884e+02 9.124067796610168557e+01
5.400000000000000000e+01 5.749326250500033098e+01 5.109629629629630188e+01
4.800000000000000000e+01 1.076835771468396246e+02 8.979999999999999716e+01
2.300000000000000000e+01 4.493601602601908240e+01 3.914782608695652044e+01
4.200000000000000000e+01 6.213961006999713277e+01 5.551428571428571956e+01
3.800000000000000000e+01 9.946368213895293309e+01 8.282631578947368212e+01
5.200000000000000000e+01 5.889286655699213924e+01 5.220384615384615756e+01
8.500000000000000000e+01 9.975186333120124971e+01 8.597647058823530131e+01
1.240000000000000000e+02 1.570585130506886742e+02 1.259290322580645096e+02
9.500000000000000000e+01 9.446235473679564620e+01 8.179999999999999716e+01
7.800000000000000000e+01 1.034514841392156512e+02 8.794102564102564656e+01
1.600000000000000000e+01 3.976583379563531651e+01 3.448749999999999716e+01
1.300000000000000000e+02 9.814889983083814684e+01 8.522307692307691696e+01
7.800000000000000000e+01 8.836274901782738311e+01 7.556923076923077076e+01
2.900000000000000000e+01 5.469215763545076214e+01 4.704137931034482278e+01
1.210000000000000000e+02 1.154072030028759883e+02 1.002958677685950448e+02
6.700000000000000000e+01 8.780068934835331618e+01 7.696417910447762267e+01
6.100000000000000000e+01 8.020408465428508293e+01 7.053770491803278730e+01
1.350000000000000000e+02 1.014435021898755593e+02 8.735555555555556850e+01
1.310000000000000000e+02 9.408238046165776325e+01 8.174656488549616995e+01
5.500000000000000000e+01 9.484048965845300927e+01 7.934545454545454390e+01
8.400000000000000000e+01 1.389951684487302828e+02 1.165857142857142890e+02
8.700000000000000000e+01 1.145946536955376445e+02 9.422528735632184294e+01
8.600000000000000000e+01 1.136007324442647644e+02 9.654418604651162639e+01
1.110000000000000000e+02 8.899294469658718754e+01 7.894414414414414694e+01
1.460000000000000000e+02 1.434828465646099573e+02 1.188410958904109549e+02
8.500000000000000000e+01 1.141581056138467432e+02 9.644705882352941728e+01
3.300000000000000000e+01 5.508110009119880601e+01 4.798181818181818414e+01
1.150000000000000000e+02 1.102005410395576064e+02 9.310434782608696480e+01
6.800000000000000000e+01 6.121566930484108582e+01 5.421176470588235219e+01
1.480000000000000000e+02 1.336770792697197408e+02 1.128743243243243199e+02
3.100000000000000000e+01 4.694499046474521720e+01 4.254193548387097223e+01
9.400000000000000000e+01 9.700126372297212640e+01 8.400212765957446948e+01
8.100000000000000000e+01 7.773029327997839744e+01 6.924444444444444002e+01
6.000000000000000000e+01 7.622698167925805990e+01 6.463333333333333997e+01
1.040000000000000000e+02 9.929953167007438708e+01 8.701153846153846416e+01
4.700000000000000000e+01 6.877444280039659930e+01 6.001276595744680264e+01
1.420000000000000000e+02 1.084715733848580328e+02 9.177183098591549992e+01
2.600000000000000000e+01 5.464218206746603812e+01 4.710769230769230376e+01
5.800000000000000000e+01 1.096629838237329864e+02 9.445517241379310747e+01
3.200000000000000000e+01 4.722554634512264471e+01 4.261249999999999716e+01
1.500000000000000000e+01 3.809743528421622472e+01 3.346666666666666146e+01
1.270000000000000000e+02 1.704336037415778264e+02 1.461779527559055225e+02
4.400000000000000000e+01 6.286345801082269702e+01 5.479999999999999716e+01
9.900000000000000000e+01 1.183672670321438858e+02 1.013151515151515127e+02
1.700000000000000000e+01 3.294763990903265949e+01 3.009411764705882675e+01
2.100000000000000000e+01 3.442106131149253656e+01 3.170476190476190581e+01
8.300000000000000000e+01 1.006828488281769154e+02 8.696867469879518353e+01
6.000000000000000000e+01 8.543479096358163360e+01 7.129999999999999716e+01
1.100000000000000000e+01 3.028374250014985236e+01 2.707272727272727053e+01
8.100000000000000000e+01 6.815315094384698114e+01 6.103456790123456699e+01
1.190000000000000000e+02 1.017772171184547290e+02 8.685882352941176521e+01
1.340000000000000000e+02 8.497994931893850890e+01 7.461343283582090180e+01
3.900000000000000000e+01 7.741883898506073081e+01 6.697948717948716535e+01
1.250000000000000000e+02 1.015784175829242741e+02 8.840000000000000568e+01
1.460000000000000000e+02 1.422982426404446699e+02 1.186698630136986310e+02
5.200000000000000000e+01 7.417423720031048617e+01 6.566538461538461036e+01
1.310000000000000000e+02 8.734515299935944199e+01 7.709007633587786756e+01
7.900000000000000000e+01 9.113457942204658480e+01 7.847088607594936605e+01
1.030000000000000000e+02 9.235013221046325782e+01 8.251844660194174708e+01
1.900000000000000000e+01 3.046411946693116946e+01 2.874736842105263079e+01
1.000000000000000000e+01 2.641982785148383428e+01 2.430000000000000071e+01
3.000000000000000000e+00 1.385144238905537151e+01 1.313333333333333464e+01
6.000000000000000000e+00 2.168205333176891614e+01 1.980000000000000071e+01
1.270000000000000000e+02 1.304624685319355137e+02 1.103118110236220559e+02
6.800000000000000000e+01 8.151230643262182696e+01 7.024117647058824332e+01
3.700000000000000000e+01 6.165528016235143127e+01 5.277297297297297263e+01
5.500000000000000000e+01 6.839039446832093461e+01 5.907272727272727053e+01
1.440000000000000000e+02 1.291962093405012126e+02 1.117444444444444400e+02
9.900000000000000000e+01 1.278190751555440556e+02 1.067191919191919141e+02
9.700000000000000000e+01 1.108243093077643948e+02 9.639793814432988484e+01
1.370000000000000000e+02 1.265000577576239777e+02 1.070262773722627685e+02
6.100000000000000000e+01 6.510239677463073349e+01 5.734098360655737281e+01
1.100000000000000000e+01 3.293477972998066861e+01 2.889090909090909065e+01
1.140000000000000000e+02 9.628930765143050508e+01 8.344035087719298360e+01
7.900000000000000000e+01 7.621295834507390055e+01 6.701518987341772515e+01
8.600000000000000000e+01 7.022270037957302691e+01 6.224186046511628234e+01
1.330000000000000000e+02 1.040028519586778941e+02 9.224360902255639871e+01
7.600000000000000000e+01 9.691003618204300096e+01 8.039210526315788741e+01
1.350000000000000000e+02 9.260000081898512292e+01 8.350370370370370665e+01
1.400000000000000000e+02 1.181203512187544220e+02 1.002642857142857054e+02
5.700000000000000000e+01 6.765128374835050806e+01 5.865964912280701782e+01
3.400000000000000000e+01 4.059913986399436681e+01 3.729999999999999716e+01
1.420000000000000000e+02 1.691613274536578331e+02 1.439197183098591495e+02
1.170000000000000000e+02 1.120351577187575458e+02 9.544102564102564656e+01
8.900000000000000000e+01 8.515070748248042776e+01 7.687865168539325111e+01
1.320000000000000000e+02 1.421649064046629007e+02 1.214666666666666686e+02
7.800000000000000000e+01 1.011611199676307677e+02 8.633846153846153015e+01
1.070000000000000000e+02 1.025111840959905010e+02 8.956635514018691424e+01
9.900000000000000000e+01 8.854298728771848914e+01 7.692121212121212182e+01
5.000000000000000000e+01 7.283029326653776536e+01 6.329999999999999716e+01
1.500000000000000000e+02 9.541485991780061227e+01 8.500000000000000000e+01
1.010000000000000000e+02 1.507651450695248343e+02 1.264336633663366314e+02
1.440000000000000000e+02 1.222922968656707781e+02 1.068833333333333258e+02
6.000000000000000000e+00 2.168205334172518306e+01 1.980000000000000071e+01
1.160000000000000000e+02 1.050662881526098431e+02 9.126551724137929966e+01
1.410000000000000000e+02 8.963488222037942421e+01 8.143120567375886765e+01
9.800000000000000000e+01 7.407025808744567996e+01 6.541224489795918373e+01
1.410000000000000000e+02 1.662851938459572807e+02 1.410056737588652425e+02
4.500000000000000000e+01 5.334470686872037248e+01 4.724444444444444713e+01
1.200000000000000000e+02 1.210403007486430056e+02 1.036749999999999972e+02
4.300000000000000000e+01 4.475798747111594622e+01 4.084651162790697754e+01
8.700000000000000000e+01 1.126684869763016223e+02 9.778850574712643606e+01
4.100000000000000000e+01 6.522351800736201710e+01 5.601951219512194768e+01
5.800000000000000000e+01 7.729376242345642822e+01 6.643793103448275872e+01
1.040000000000000000e+02 9.232532836870404935e+01 8.013653846153846416e+01
4.000000000000000000e+01 5.997998216718411157e+01 5.279999999999999716e+01
3.000000000000000000e+00 1.385144238905537151e+01 1.313333333333333464e+01
1.180000000000000000e+02 8.371230380834840901e+01 7.454576271186439840e+01
3.300000000000000000e+01 9.242084039483060565e+01 7.631515151515151274e+01
9.500000000000000000e+01 9.233405966059497416e+01 7.927368421052632641e+01
3.700000000000000000e+01 4.850359337903365997e+01 4.398918918918918308e+01
1.310000000000000000e+02 1.563832482132279154e+02 1.272045801526717526e+02
1.430000000000000000e+02 1.133153619423128191e+02 9.854125874125874418e+01
2.400000000000000000e+01 3.554365204446848026e+01 3.292499999999999716e+01
2.300000000000000000e+01 4.460047231213500396e+01 3.936521739130434128e+01
7.000000000000000000e+01 9.735586249643341716e+01 8.337142857142856656e+01
3.500000000000000000e+01 5.200132488518729446e+01 4.579999999999999716e+01
1.700000000000000000e+01 5.150309891195757928e+01 4.303529411764705515e+01
1.090000000000000000e+02 9.678123340913587924e+01 8.434128440366971802e+01
5.600000000000000000e+01 8.052286586915917610e+01 6.917499999999999716e+01
1.400000000000000000e+02 8.537480763792251537e+01 7.483571428571428896e+01
7.100000000000000000e+01 6.192293711793412569e+01 5.649014084507042810e+01
9.200000000000000000e+01 7.733190131105941134e+01 7.012608695652174617e+01
5.600000000000000000e+01 4.921317506647312712e+01 4.479999999999999716e+01
1.330000000000000000e+02 1.112782301675495944e+02 9.652932330827067631e+01
8.100000000000000000e+01 1.126350863935149533e+02 9.659012345679012412e+01
1.240000000000000000e+02 1.741410276464841900e+02 1.390741935483870861e+02
1.080000000000000000e+02 8.073743233453411960e+01 6.970740740740740193e+01
1.100000000000000000e+01 2.868459803060899560e+01 2.616363636363636402e+01
7.700000000000000000e+01 1.325740280211914524e+02 1.070077922077922068e+02
1.280000000000000000e+02 8.297752179988408727e+01 7.452656249999999716e+01
1.300000000000000000e+01 3.249079926833923082e+01 2.903076923076923066e+01
7.600000000000000000e+01 7.353040329283894039e+01 6.427368421052631220e+01
3.200000000000000000e+01 5.075683313491452253e+01 4.573749999999999716e+01
3.400000000000000000e+01 6.025039213490698131e+01 5.215294117647058414e+01
3.800000000000000000e+01 6.367477111168569337e+01 5.427368421052631220e+01
6.200000000000000000e+01 8.500723370590284844e+01 7.359032258064516441e+01
1.060000000000000000e+02 5.313397363155503683e+01 4.904528301886792008e+01
9.600000000000000000e+01 1.134633452807949539e+02 9.526874999999999716e+01
1.180000000000000000e+02 7.833378249350775491e+01 6.971525423728813564e+01
1.120000000000000000e+02 1.335659847202827564e+02 1.092642857142857054e+02
1.440000000000000000e+02 1.415106344519182358e+02 1.188624999999999972e+02
6.900000000000000000e+01 7.322612422041127900e+01 6.422028985507246546e+01
1.000000000000000000e+02 1.156585054215244099e+02 9.640000000000000568e+01
9.100000000000000000e+01 9.989017607531506826e+01 8.534945054945053755e+01
9.100000000000000000e+01 9.166759088455670224e+01 7.914065934065934016e+01
8.000000000000000000e+00 2.629493387965425910e+01 2.355000000000000071e+01
8.400000000000000000e+01 1.110626621586721825e+02 9.420476190476190936e+01
1.370000000000000000e+02 1.409101536099819612e+02 1.159678832116788243e+02
8.300000000000000000e+01 8.483905907192779239e+01 7.401686746987952858e+01
2.600000000000000000e+01 5.074184537076861545e+01 4.441538461538461746e+01
6.000000000000000000e+00 2.013704869958717936e+01 1.896666666666666856e+01
9.000000000000000000e+01 1.251291120813868929e+02 1.054111111111111114e+02
3.500000000000000000e+01 4.336103550762820902e+01 3.979999999999999716e+01
1.000000000000000000e+01 3.772317379948910343e+01 3.180000000000000071e+01
9.400000000000000000e+01 1.165022995971348507e+02 9.969361702127659441e+01
9.700000000000000000e+01 9.027198212644718467e+01 7.830515463917525665e+01
2.700000000000000000e+01 7.816864871417352845e+01 6.498518518518518761e+01
2.300000000000000000e+01 4.388903128332493964e+01 3.871304347826087167e+01
9.500000000000000000e+01 1.002177109819367899e+02 8.448421052631579187e+01
9.600000000000000000e+01 6.801690063298511291e+01 6.052916666666666146e+01
1.330000000000000000e+02 1.238297434679249136e+02 1.066421052631578874e+02
9.500000000000000000e+01 7.531483276987944464e+01 6.690526315789473699e+01
2.000000000000000000e+00 1.002832183129744870e+01 9.800000000000000711e+00
1.010000000000000000e+02 1.080117726452389633e+02 9.079009900990099879e+01
6.600000000000000000e+01 8.853629575883533676e+01 7.843636363636363740e+01
1.700000000000000000e+01 4.078608307416610756e+01 3.538823529411764923e+01
5.900000000000000000e+01 8.021749308232939768e+01 6.861355932203389330e+01
6.300000000000000000e+01 6.918536690565342440e+01 5.932380952380952976e+01
1.340000000000000000e+02 9.050909693531815492e+01 7.946417910447762267e+01
5.000000000000000000e+00 2.100485092454043112e+01 1.880000000000000071e+01
1.130000000000000000e+02 1.038979568824380380e+02 9.170265486725664061e+01
1.460000000000000000e+02 1.278312657495318234e+02 1.090123287671232788e+02
1.210000000000000000e+02 1.196041995693827289e+02 1.050479338842975210e+02
1.360000000000000000e+02 1.482727987946410622e+02 1.235867647058823451e+02
3.200000000000000000e+01 4.911647302436553275e+01 4.370624999999999716e+01
7.400000000000000000e+01 7.470044991114195909e+01 6.452972972972972343e+01
1.120000000000000000e+02 1.030347715372420652e+02 8.904107142857142776e+01
1.230000000000000000e+02 1.169589880851983139e+02 9.951544715447154488e+01
5.000000000000000000e+01 7.193576151837453381e+01 6.220000000000000284e+01
7.200000000000000000e+01 8.020751223889737958e+01 6.910555555555556850e+01
1.300000000000000000e+01 4.041709778730373159e+01 3.479999999999999716e+01
2.100000000000000000e+01 5.347135632356840773e+01 4.551428571428571956e+01
2.700000000000000000e+01 5.413904967908595722e+01 4.646666666666666146e+01
1.500000000000000000e+02 1.343076799365600493e+02 1.197666666666666657e+02
4.000000000000000000e+01 6.582047040462791188e+01 5.604999999999999716e+01
3.000000000000000000e+00 1.385144239422552737e+01 1.313333333333333464e+01
1.040000000000000000e+02 8.638497333135603640e+01 7.364615384615385096e+01
1.430000000000000000e+02 1.031624138922126832e+02 9.063916083916085142e+01
9.000000000000000000e+00 2.594532643781586856e+01 2.368888888888888999e+01
1.170000000000000000e+02 1.128983472420132443e+02 9.488547008547007522e+01
3.600000000000000000e+01 6.327821771629065495e+01 5.591111111111111143e+01
2.700000000000000000e+01 6.677024183182797401e+01 5.591111111111111143e+01
1.130000000000000000e+02 1.094552515247754769e+02 9.223362831858406707e+01
1.080000000000000000e+02 9.400361398069141217e+01 8.220740740740740193e+01
7.100000000000000000e+01 7.115806861541273065e+01 6.423661971830985351e+01
7.000000000000000000e+00 2.317154163571590431e+01 2.122857142857142776e+01
3.900000000000000000e+01 6.640585549802689513e+01 5.659487179487179986e+01
1.300000000000000000e+02 9.819034664219414310e+01 8.599230769230769056e+01
1.150000000000000000e+02 1.481278106099449303e+02 1.225391304347826065e+02
6.600000000000000000e+01 6.713602262592411307e+01 5.934545454545454390e+01
1.290000000000000000e+02 1.252630692562024564e+02 1.049550387596899270e+02
1.340000000000000000e+02 9.226012430011950016e+01 8.375522388059701484e+01
9.100000000000000000e+01 7.201405075727508631e+01 6.309670329670329636e+01
6.800000000000000000e+01 6.957783253742020690e+01 6.185882352941176521e+01
1.230000000000000000e+02 8.453348971580966520e+01 7.386504065040649891e+01
1.480000000000000000e+02 1.112681996582927582e+02 9.371891891891891646e+01
1.120000000000000000e+02 1.294729566938237042e+02 1.074785714285714278e+02
4.600000000000000000e+01 5.794915705990452892e+01 5.066956521739130181e+01
1.280000000000000000e+02 1.073060081616095403e+02 9.288593749999999716e+01
1.260000000000000000e+02 9.537110857426827693e+01 8.222063492063492163e+01
1.020000000000000000e+02 1.020254286019804368e+02 8.538823529411764923e+01
4.900000000000000000e+01 5.909255748713383838e+01 5.163673469387754977e+01
1.900000000000000000e+01 5.302468968036187391e+01 4.479999999999999716e+01
6.200000000000000000e+01 7.126501718842837363e+01 6.278387096774193310e+01
7.900000000000000000e+01 7.750882640469916396e+01 6.809113924050632249e+01
6.500000000000000000e+01 8.314369847281207626e+01 6.979999999999999716e+01
1.900000000000000000e+01 3.127953812831041347e+01 2.927368421052631575e+01
8.200000000000000000e+01 6.073127853321179259e+01 5.406829268292683111e+01
1.240000000000000000e+02 1.062642347161398817e+02 9.294516129032257368e+01
9.400000000000000000e+01 1.054306334168809940e+02 8.942765957446808045e+01
1.110000000000000000e+02 1.323623232013831057e+02 1.142144144144144065e+02
1.480000000000000000e+02 1.154829894429913537e+02 1.025364864864864813e+02
1.800000000000000000e+01 4.535244993395060931e+01 3.868888888888888999e+01
1.030000000000000000e+02 1.353093121512277435e+02 1.170330097087378647e+02
1.010000000000000000e+02 1.053820838452580801e+02 8.975049504950496271e+01
2.700000000000000000e+01 5.372053447012260108e+01 4.720740740740740904e+01
4.400000000000000000e+01 8.052092846511574464e+01 6.900454545454545041e+01
3.500000000000000000e+01 5.935243971876689528e+01 5.108571428571428186e+01
9.800000000000000000e+01 9.312780728986392376e+01 7.969795918367347554e+01
4.000000000000000000e+01 7.506869324378753561e+01 6.442499999999999716e+01
1.390000000000000000e+02 1.078984241667604067e+02 9.242589928057553550e+01
6.300000000000000000e+01 9.659531224869347454e+01 8.035555555555556850e+01
6.600000000000000000e+01 9.980878849338000691e+01 8.260303030303030880e+01
7.500000000000000000e+01 1.521318109242106971e+02 1.277999999999999972e+02
1.380000000000000000e+02 1.159513569290942456e+02 9.806086956521738784e+01
1.900000000000000000e+01 5.424923288923715603e+01 4.611578947368421666e+01
1.290000000000000000e+02 1.177951439592191178e+02 1.024744186046511629e+02
1.150000000000000000e+02 7.846262894430266499e+01 6.840869565217391823e+01
1.320000000000000000e+02 1.031860615896026587e+02 8.851212121212121531e+01
7.400000000000000000e+01 6.866318074975171726e+01 6.067837837837838322e+01
1.300000000000000000e+02 1.102145669967748063e+02 9.391538461538461036e+01
4.600000000000000000e+01 7.129770238017628969e+01 6.175652173913043441e+01
9.000000000000000000e+01 6.406805056680832422e+01 5.691111111111111143e+01
9.000000000000000000e+00 3.008197924863837258e+01 2.646666666666666856e+01
3.300000000000000000e+01 4.573271496375254941e+01 4.161818181818181728e+01
1.400000000000000000e+01 4.594615472640290932e+01 3.837142857142857366e+01
2.600000000000000000e+01 3.747289138235414185e+01 3.441538461538461746e+01
1.140000000000000000e+02 1.036908353744883868e+02 8.901052631578947683e+01
2.000000000000000000e+00 1.002832183129744870e+01 9.800000000000000711e+00
3.300000000000000000e+01 4.067579437671704312e+01 3.767878787878787961e+01
3.600000000000000000e+01 5.536788649456322275e+01 4.771666666666666146e+01
5.000000000000000000e+01 6.004754010643306117e+01 5.279999999999999716e+01
9.300000000000000000e+01 7.864125482468148221e+01 6.818709677419354875e+01
7.000000000000000000e+00 2.438445588953842957e+01 2.194285714285714306e+01
8.000000000000000000e+01 1.222495108512736124e+02 1.007999999999999972e+02
3.100000000000000000e+01 4.547456282703095809e+01 4.060645161290322847e+01
4.300000000000000000e+01 4.770609329029606727e+01 4.293953488372093119e+01
6.700000000000000000e+01 6.639629530708366190e+01 5.793432835820895832e+01
8.600000000000000000e+01 7.087955033714462161e+01 6.375348837209302388e+01
4.200000000000000000e+01 5.516349294647778123e+01 4.825238095238095326e+01
1.200000000000000000e+01 4.109404828430447765e+01 3.479999999999999716e+01
4.800000000000000000e+01 8.281994955930805702e+01 6.886249999999999716e+01
6.800000000000000000e+01 6.358216559778109200e+01 5.700588235294117823e+01
9.800000000000000000e+01 9.519644421548593982e+01 8.347346938775510239e+01
4.900000000000000000e+01 7.373561860090777031e+01 6.275918367346938709e+01
1.360000000000000000e+02 8.857712899823209796e+01 8.024117647058824332e+01
3.900000000000000000e+01 6.644034181902982539e+01 5.723589743589743506e+01
1.190000000000000000e+02 1.412916589665865388e+02 1.198840336134453821e+02
2.100000000000000000e+01 4.396335678210623144e+01 3.884761904761904816e+01
2.000000000000000000e+00 1.002832183129744870e+01 9.800000000000000711e+00
8.500000000000000000e+01 8.871354786746928767e+01 7.574117647058824332e+01
5.900000000000000000e+01 5.189632585099641204e+01 4.734237288135593502e+01
1.260000000000000000e+02 6.976953241104632752e+01 6.333174603174602879e+01
7.900000000000000000e+01 8.623660331132801105e+01 7.397721518987341938e+01
5.100000000000000000e+01 6.805797490374196457e+01 5.911372549019607447e+01
4.500000000000000000e+01 6.377157018322535720e+01 5.524444444444444713e+01
5.600000000000000000e+01 7.207770570446135139e+01 6.238928571428571956e+01
6.100000000000000000e+01 7.434219652181144511e+01 6.529180327868851919e+01
7.600000000000000000e+01 1.009505242630320794e+02 8.611578947368421666e+01
3.600000000000000000e+01 4.381827525533775969e+01 3.938333333333333286e+01
3.800000000000000000e+01 5.891418040360511554e+01 5.190526315789473699e+01
8.700000000000000000e+01 8.594006734055541585e+01 7.497241379310345621e+01
7.000000000000000000e+01 8.097581239100652795e+01 6.908571428571428896e+01
1.330000000000000000e+02 1.590056148173960935e+02 1.360781954887218035e+02
6.000000000000000000e+00 2.302971118106239601e+01 2.063333333333333286e+01
1.090000000000000000e+02 9.736458787099979872e+01 8.241467889908257405e+01
6.400000000000000000e+01 1.033732310241445873e+02 8.378437499999999716e+01
8.000000000000000000e+01 9.502027358850865824e+01 8.242499999999999716e+01
4.800000000000000000e+01 4.796397624498656853e+01 4.344583333333333286e+01
1.020000000000000000e+02 1.130451737263545624e+02 9.671176470588234508e+01
1.130000000000000000e+02 1.025771807160594591e+02 8.904778761061947989e+01
2.900000000000000000e+01 6.152264875023094248e+01 5.342068965517240997e+01
8.000000000000000000e+01 8.848594207658649680e+01 7.773749999999999716e+01
1.490000000000000000e+02 9.472707792253760317e+01 8.557181208053691535e+01
9.600000000000000000e+01 7.636384351011362526e+01 6.745624999999999716e+01
1.490000000000000000e+02 1.054280861543145136e+02 9.255167785234898759e+01
1.380000000000000000e+02 1.155728746047044524e+02 1.015028985507246375e+02
4.400000000000000000e+01 8.679665668030361303e+01 7.354999999999999716e+01
8.900000000000000000e+01 7.716622483197410531e+01 6.867640449438201244e+01
4.000000000000000000e+00 1.749768277167615338e+01 1.605000000000000071e+01
1.420000000000000000e+02 1.418554846259972351e+02 1.197295774647887328e+02
1.800000000000000000e+01 4.044502051915252139e+01 3.535555555555555429e+01
1.170000000000000000e+02 9.413225853291858414e+01 8.185128205128204115e+01
8.800000000000000000e+01 7.695860002927632593e+01 6.769772727272727764e+01
4.000000000000000000e+01 7.135767809409712470e+01 6.004999999999999716e+01
1.250000000000000000e+02 1.001979774017523681e+02 8.859999999999999432e+01
9.300000000000000000e+01 1.114271647014320195e+02 9.641290322580645977e+01
1.370000000000000000e+02 1.521854813843985710e+02 1.285591240875912433e+02
7.000000000000000000e+01 8.976152611104656387e+01 7.522857142857142776e+01
1.240000000000000000e+02 1.079538069707803771e+02 9.359032258064516441e+01
1.250000000000000000e+02 1.002364521569615619e+02 8.776000000000000512e+01
1.050000000000000000e+02 1.819434922635167311e+02 1.477523809523809462e+02
1.000000000000000000e+01 2.634553325662783863e+01 2.430000000000000071e+01
8.000000000000000000e+00 2.725525577373417363e+01 2.417500000000000071e+01
3.900000000000000000e+01 4.736688024289189514e+01 4.223589743589743506e+01
1.700000000000000000e+01 3.852236298646871404e+01 3.421176470588235219e+01
2.100000000000000000e+01 4.434922428471835332e+01 3.884761904761904816e+01
1.390000000000000000e+02 8.885555236726506223e+01 8.113093525179856158e+01
1.200000000000000000e+02 1.028294902419500545e+02 8.821666666666666856e+01
5.800000000000000000e+01 1.024074760745393036e+02 8.626551724137929966e+01
1.200000000000000000e+02 1.199205448426811813e+02 1.017583333333333258e+02
5.300000000000000000e+01 7.057320589021247770e+01 6.225283018867924767e+01
1.070000000000000000e+02 1.455646074432281125e+02 1.208280373831775591e+02
1.290000000000000000e+02 1.262168609329045381e+02 1.053426356589147304e+02
6.400000000000000000e+01 7.019910236613067411e+01 6.308124999999999716e+01
3.700000000000000000e+01 6.467300089913601369e+01 5.534054054054053751e+01
5.200000000000000000e+01 5.820221413226979479e+01 5.172307692307692406e+01
6.900000000000000000e+01 9.804970412248914613e+01 8.306086956521738784e+01
5.000000000000000000e+00 2.100485085297277266e+01 1.880000000000000071e+01
8.800000000000000000e+01 1.043217309760488121e+02 9.144772727272727764e+01
1.400000000000000000e+01 4.680210155351289814e+01 3.944285714285714306e+01
1.310000000000000000e+02 1.027277806076009341e+02 9.018167938931297556e+01
1.380000000000000000e+02 9.691579827136030190e+01 8.577826086956521578e+01
8.200000000000000000e+01 9.501530272783504927e+01 8.199512195121950242e+01
2.500000000000000000e+01 4.421100394575142190e+01 3.920000000000000284e+01
5.700000000000000000e+01 9.158995221092864369e+01 7.532631578947368212e+01
1.320000000000000000e+02 9.503637606162530460e+01 8.491363636363637113e+01
1.450000000000000000e+02 9.691748967581727925e+01 8.593793103448275872e+01
9.800000000000000000e+01 1.738900802676255353e+02 1.427081632653061263e+02
4.800000000000000000e+01 5.848830488596015442e+01 5.261249999999999716e+01
5.500000000000000000e+01 8.714087205802053404e+01 7.443636363636363740e+01
9.100000000000000000e+01 1.529276191963102178e+02 1.313384615384615302e+02
1.360000000000000000e+02 1.150275603755941916e+02 9.935882352941176521e+01
1.210000000000000000e+02 9.102877176010970572e+01 8.137024793388430055e+01
1.260000000000000000e+02 1.103879957665981806e+02 9.543492063492062982e+01
1.260000000000000000e+02 1.593883041728196019e+02 1.336095238095238074e+02
3.000000000000000000e+01 5.902467906823017785e+01 5.146666666666666146e+01
1.500000000000000000e+02 1.514838575598652710e+02 1.319666666666666686e+02
9.300000000000000000e+01 9.623944576860954214e+01 8.318709677419354875e+01
1.060000000000000000e+02 1.027978121870612114e+02 8.687547169811320202e+01
1.300000000000000000e+01 3.826901812260899050e+01 3.326153846153846416e+01
1.010000000000000000e+02 9.106420032490329675e+01 7.890891089108910705e+01
8.100000000000000000e+01 9.668722684889939956e+01 8.226913580246912261e+01
7.800000000000000000e+01 9.247497239385005230e+01 7.941538461538461036e+01
