4.000000000000000000e+01 7.843679727232471066e+01 7.383931492013230979e+01
4.000000000000000000e+01 7.614415323935236302e+01 6.833992284945277618e+01
4.000000000000000000e+01 7.560879901692945282e+01 7.002953200489010044e+01
4.000000000000000000e+01 6.693059687135422564e+01 5.769807497408271502e+01
4.000000000000000000e+01 6.000593242501889790e+01 5.334762474083058237e+01
4.000000000000000000e+01 4.397366588759336281e+01 3.795021417194541158e+01
4.000000000000000000e+01 5.134505697239843158e+01 4.562242959446948021e+01
4.000000000000000000e+01 4.900888955104024092e+01 4.168007670593068070e+01
4.000000000000000000e+01 4.742635548325977624e+01 4.550694363475012238e+01
4.000000000000000000e+01 6.229827575305985476e+01 5.349394766334090434e+01
4.000000000000000000e+01 6.258296356040536068e+01 5.710573527165157515e+01
4.000000000000000000e+01 5.842563530648893533e+01 5.156811236840923840e+01
4.000000000000000000e+01 3.343684084495067310e+01 3.037249253947851457e+01
4.000000000000000000e+01 6.717502305039110411e+01 6.095911844698912319e+01
4.000000000000000000e+01 6.213633840582215129e+01 5.720428028946651722e+01
4.000000000000000000e+01 8.469580525228263923e+01 7.179912352517064278e+01
4.000000000000000000e+01 8.436711482959152875e+01 7.239140664814759418e+01
4.000000000000000000e+01 4.609644874364958156e+01 4.082115628442955568e+01
4.000000000000000000e+01 6.811913718949780616e+01 6.158164591254561770e+01
4.000000000000000000e+01 5.715192049640899086e+01 5.024264257909003817e+01
4.000000000000000000e+01 6.061662019019716041e+01 5.464621819608299802e+01
4.000000000000000000e+01 3.930955774199333774e+01 3.762358688245321048e+01
4.000000000000000000e+01 4.568229552324444143e+01 4.360382927183390223e+01
4.000000000000000000e+01 4.683814979024420921e+01 4.446984597848598497e+01
4.000000000000000000e+01 6.281305737506389875e+01 5.400625358775693030e+01
4.000000000000000000e+01 5.537847206608066841e+01 5.200610760343043637e+01
4.000000000000000000e+01 6.391379592320990355e+01 5.569677670234492695e+01
4.000000000000000000e+01 6.085967208505032744e+01 5.420435778095676227e+01
4.000000000000000000e+01 7.636527797939788798e+01 6.415912483719361603e+01
4.000000000000000000e+01 5.690282955083210226e+01 5.193019666094719611e+01
4.000000000000000000e+01 8.025734370223538861e+01 7.051496343443476178e+01
4.000000000000000000e+01 7.970173765771544083e+01 6.599830904681483901e+01
4.000000000000000000e+01 7.559658839758543536e+01 6.581257885155626752e+01
4.000000000000000000e+01 9.161706769603816269e+01 7.359771809078189619e+01
4.000000000000000000e+01 8.828310359312229139e+01 7.849975295993552038e+01
4.000000000000000000e+01 6.298322873581303583e+01 5.657692593094772349e+01
4.000000000000000000e+01 7.354617659920157280e+01 6.424514402338560615e+01
4.000000000000000000e+01 4.024582055072155384e+01 3.755443994722102019e+01
4.000000000000000000e+01 4.363909539869914056e+01 4.181424723296368029e+01
4.000000000000000000e+01 5.537042944372068121e+01 5.142254307073967112e+01
4.000000000000000000e+01 7.212334487528875115e+01 6.287194982253825515e+01
4.000000000000000000e+01 7.683003416952254838e+01 6.675073556619010162e+01
4.000000000000000000e+01 7.550838772812939226e+01 6.809472832829091260e+01
4.000000000000000000e+01 9.773170633461106149e+01 8.286875790375968620e+01
4.000000000000000000e+01 4.733446044333871328e+01 4.172072162581782351e+01
4.000000000000000000e+01 4.567245704377373983e+01 4.181567050823474574e+01
4.000000000000000000e+01 7.145367954310519565e+01 6.092831622491866028e+01
4.000000000000000000e+01 1.326663793331906902e+02 1.163486208409748031e+02
4.000000000000000000e+01 5.965968379567169677e+01 4.982170228400779877e+01
4.000000000000000000e+01 7.303335120540504022e+01 6.631060003707445105e+01
4.000000000000000000e+01 5.843026777470399935e+01 5.005452417125896147e+01
4.000000000000000000e+01 5.584192582478453204e+01 4.712765055969546779e+01
4.000000000000000000e+01 8.536453549943622932e+01 7.789422318736269801e+01
4.000000000000000000e+01 6.041398271613441295e+01 5.819700960696488323e+01
4.000000000000000000e+01 7.191246650282266728e+01 6.291374984569599604e+01
4.000000000000000000e+01 9.842133169171582097e+01 8.832723388373293005e+01
4.000000000000000000e+01 7.622213864600266220e+01 6.601602447756275183e+01
4.000000000000000000e+01 8.404669399396736651e+01 7.495501269753599161e+01
4.000000000000000000e+01 5.028669983259952403e+01 4.529906200590989584e+01
4.000000000000000000e+01 5.859319249296211751e+01 5.296514405081541810e+01
4.000000000000000000e+01 3.965091784720074486e+01 3.666637635306475573e+01
4.000000000000000000e+01 6.443463184740768668e+01 5.922400233014962367e+01
4.000000000000000000e+01 5.115075155066770662e+01 4.706072988352627817e+01
4.000000000000000000e+01 4.562277384721643614e+01 4.299631595241197601e+01
4.000000000000000000e+01 5.854792599137770281e+01 5.091744636013694247e+01
4.000000000000000000e+01 1.125070866467540043e+02 9.792756073369170622e+01
4.000000000000000000e+01 7.090287481023734983e+01 6.876007787679471051e+01
4.000000000000000000e+01 5.190749817653029652e+01 4.460275320047219338e+01
4.000000000000000000e+01 5.471362731679059266e+01 5.366924399109820598e+01
4.000000000000000000e+01 4.702152872497868685e+01 4.316224521192405916e+01
4.000000000000000000e+01 6.128854404294127534e+01 5.151361874312315337e+01
4.000000000000000000e+01 8.302708297965895667e+01 7.523929952623508655e+01
4.000000000000000000e+01 6.307555916577754829e+01 5.512507487368921488e+01
4.000000000000000000e+01 5.890178283048280150e+01 5.426170650456543143e+01
4.000000000000000000e+01 3.167722104128998950e+01 3.023275481418753685e+01
4.000000000000000000e+01 7.137245967697359106e+01 6.478300397053605764e+01
4.000000000000000000e+01 5.519361598679072500e+01 5.024574830609812182e+01
4.000000000000000000e+01 6.061872707032853214e+01 5.361585147816096253e+01
4.000000000000000000e+01 5.333890465744632081e+01 4.683949820351789128e+01
4.000000000000000000e+01 4.680854109481923331e+01 4.329584669797758067e+01
4.000000000000000000e+01 8.524761252502021591e+01 7.759576316586174016e+01
4.000000000000000000e+01 4.011821684541603616e+01 3.872184603434072869e+01
4.000000000000000000e+01 5.935486631509298405e+01 5.049462102158798160e+01
4.000000000000000000e+01 6.567448967293117335e+01 5.812722682736237800e+01
4.000000000000000000e+01 6.606214418510003838e+01 6.015820697282078555e+01
4.000000000000000000e+01 5.195716116470268275e+01 4.876093349652824571e+01
4.000000000000000000e+01 6.593746109339956263e+01 5.763006623960367847e+01
4.000000000000000000e+01 6.407032648380386775e+01 5.746407414991026030e+01
4.000000000000000000e+01 6.851436753893189291e+01 6.054918881973065226e+01
4.000000000000000000e+01 5.702370505211386842e+01 5.106623692537545622e+01
4.000000000000000000e+01 4.638366795103754470e+01 3.984473210667782439e+01
4.000000000000000000e+01 7.321140657049811296e+01 6.098763450959806676e+01
4.000000000000000000e+01 5.669716518195728838e+01 5.165783064269534464e+01
4.000000000000000000e+01 7.088765738767479263e+01 6.214061114092419302e+01
4.000000000000000000e+01 4.415867223269950159e+01 3.995792196162895493e+01
4.000000000000000000e+01 6.065637554491296868e+01 5.204188291874347527e+01
4.000000000000000000e+01 3.947678981356044403e+01 3.575985946576206942e+01
4.000000000000000000e+01 5.338077213236773133e+01 5.081190842488124559e+01
4.000000000000000000e+01 4.918254669142628899e+01 4.457159729124412451e+01
4.000000000000000000e+01 6.484875965275290355e+01 5.372147675048022819e+01
4.000000000000000000e+01 5.191036393863723220e+01 4.510039118957627124e+01
4.000000000000000000e+01 6.837321954486520781e+01 6.046420234573702146e+01
4.000000000000000000e+01 8.038361228788603796e+01 7.485923910347975152e+01
4.000000000000000000e+01 4.742003632336997043e+01 4.305503925328999060e+01
4.000000000000000000e+01 7.513439988109112733e+01 6.561334627592118807e+01
4.000000000000000000e+01 6.303859282093531391e+01 5.525771899370913331e+01
4.000000000000000000e+01 7.583580511402225000e+01 6.684157141243838396e+01
4.000000000000000000e+01 5.015641962557300815e+01 4.619141366959338058e+01
4.000000000000000000e+01 8.147668757800774131e+01 7.375471587545914076e+01
4.000000000000000000e+01 4.595970755636038518e+01 4.440469754105443201e+01
4.000000000000000000e+01 6.725230150850461541e+01 6.262722961003166233e+01
4.000000000000000000e+01 8.897294395996318883e+01 7.648419510377118513e+01
4.000000000000000000e+01 3.347630066905853141e+01 3.151011397213283871e+01
4.000000000000000000e+01 7.057981479794482027e+01 6.458954245148653683e+01
4.000000000000000000e+01 7.059370666625761714e+01 6.287374923929709780e+01
4.000000000000000000e+01 8.338196170546603980e+01 7.296694239969521334e+01
4.000000000000000000e+01 7.129591174229797446e+01 6.320108374205779000e+01
4.000000000000000000e+01 6.098618538519989585e+01 5.508925402572528185e+01
4.000000000000000000e+01 4.996495032115629442e+01 4.501458296567569306e+01
4.000000000000000000e+01 5.520692503067383683e+01 5.104167355384253568e+01
4.000000000000000000e+01 3.457666398767329241e+01 3.265401653193175946e+01
4.000000000000000000e+01 5.458272589687874898e+01 4.949477067633716132e+01
4.000000000000000000e+01 6.694181741322323376e+01 6.066074304776958570e+01
4.000000000000000000e+01 5.698461390814694738e+01 5.346288810165738425e+01
4.000000000000000000e+01 7.562607714109149981e+01 6.650789709064618194e+01
4.000000000000000000e+01 5.479404454001961966e+01 4.918033920949668669e+01
4.000000000000000000e+01 6.361714504026990369e+01 5.916846302131914115e+01
4.000000000000000000e+01 4.657040267935056477e+01 4.211012107659665560e+01
4.000000000000000000e+01 6.456786905721000380e+01 5.641983295287104738e+01
4.000000000000000000e+01 6.079538107066588282e+01 5.195120723831220744e+01
4.000000000000000000e+01 5.843758573525629885e+01 5.237471061124144001e+01
4.000000000000000000e+01 6.151981591767390967e+01 5.468869501387496967e+01
4.000000000000000000e+01 6.446057669407890955e+01 5.662005872952658336e+01
4.000000000000000000e+01 8.261689803864510395e+01 7.744706408117552598e+01
4.000000000000000000e+01 4.456210096845244095e+01 4.111667683290371400e+01
4.000000000000000000e+01 5.105766666949039490e+01 4.381624624743962215e+01
4.000000000000000000e+01 5.298755919402639591e+01 4.866664027785613911e+01
4.000000000000000000e+01 5.142508335212713888e+01 4.839520906026621816e+01
4.000000000000000000e+01 6.542146897364916924e+01 5.620429589973580420e+01
4.000000000000000000e+01 5.738326514574709591e+01 5.495081867889248883e+01
4.000000000000000000e+01 6.159173790142939708e+01 5.346111249992772940e+01
4.000000000000000000e+01 4.392426262719886410e+01 4.141831774060865001e+01
4.000000000000000000e+01 6.678433802831689547e+01 5.604863817496902101e+01
4.000000000000000000e+01 5.348981185030702079e+01 4.952636695028112257e+01
4.000000000000000000e+01 8.037536370705952038e+01 6.985594239390772486e+01
4.000000000000000000e+01 7.302660784131894900e+01 6.097364539819849938e+01
4.000000000000000000e+01 4.107259849276172048e+01 3.662182211632006812e+01
4.000000000000000000e+01 1.010373815357284428e+02 8.345841733771716520e+01
4.000000000000000000e+01 5.881771502869078461e+01 5.332855081006611186e+01
4.000000000000000000e+01 5.807175468439322685e+01 5.427445747875106008e+01
4.000000000000000000e+01 4.522030402692585227e+01 4.161761780873318628e+01
4.000000000000000000e+01 4.712252408288463812e+01 4.397651626470991459e+01
4.000000000000000000e+01 5.020258394284493875e+01 4.636411322222599551e+01
4.000000000000000000e+01 7.426194300634132617e+01 6.413934216982944747e+01
4.000000000000000000e+01 6.434942344880631993e+01 5.562389753552331939e+01
4.000000000000000000e+01 7.500924600665314301e+01 6.782137504088296964e+01
4.000000000000000000e+01 7.199155459930334189e+01 6.401519991663950293e+01
4.000000000000000000e+01 6.729128812976424001e+01 6.227906767732891069e+01
4.000000000000000000e+01 5.427650209270573356e+01 4.780881381514337392e+01
4.000000000000000000e+01 6.003316555592163439e+01 5.554059819967019962e+01
4.000000000000000000e+01 4.509050764447220416e+01 4.097843996253948973e+01
4.000000000000000000e+01 5.685752529118196463e+01 5.698553799390994357e+01
4.000000000000000000e+01 7.150131331113070132e+01 6.481008466163875426e+01
4.000000000000000000e+01 4.878278280509467635e+01 4.581162967866857372e+01
4.000000000000000000e+01 8.574128713349453790e+01 7.421601724423983626e+01
4.000000000000000000e+01 6.123810344107504022e+01 5.596817563620663805e+01
4.000000000000000000e+01 6.018124192442616760e+01 5.406265987475511992e+01
4.000000000000000000e+01 7.273887636564148806e+01 5.991023223552193855e+01
4.000000000000000000e+01 5.291048305515301564e+01 4.677922101708843883e+01
4.000000000000000000e+01 5.691545193476808606e+01 4.979154712244040581e+01
4.000000000000000000e+01 3.679703071364800593e+01 3.407808545475562312e+01
4.000000000000000000e+01 6.732672625248106613e+01 6.111805128426578193e+01
4.000000000000000000e+01 7.036572383409033193e+01 5.805636930671749951e+01
4.000000000000000000e+01 5.731833643220314656e+01 5.077499140500618324e+01
4.000000000000000000e+01 5.444220506561276807e+01 5.084281384817352034e+01
4.000000000000000000e+01 7.352686403221576938e+01 6.385551453447131109e+01
4.000000000000000000e+01 4.736413274865746814e+01 4.207596614101368715e+01
4.000000000000000000e+01 6.447911060704606712e+01 5.712652655963277937e+01
4.000000000000000000e+01 6.349511163535701996e+01 5.510447259424147148e+01
4.000000000000000000e+01 7.285207860866745477e+01 6.646424804472096071e+01
4.000000000000000000e+01 8.551914912550020631e+01 7.572333081369326635e+01
4.000000000000000000e+01 5.832129667895478775e+01 5.050890968587431473e+01
4.000000000000000000e+01 7.479553893761531924e+01 6.865076070912988371e+01
4.000000000000000000e+01 8.538607286724989365e+01 7.393822041573780268e+01
4.000000000000000000e+01 4.302699951389909216e+01 4.171525329793745129e+01
4.000000000000000000e+01 3.944242203996842022e+01 3.689841109572737565e+01
4.000000000000000000e+01 7.483128239794903891e+01 6.630158167264485769e+01
4.000000000000000000e+01 3.562589786436948458e+01 3.295168535975505364e+01
4.000000000000000000e+01 7.152560370009371127e+01 6.095491364618819574e+01
4.000000000000000000e+01 5.818163396271817334e+01 5.070869569912579777e+01
4.000000000000000000e+01 3.909198023965437585e+01 3.611215938879384879e+01
4.000000000000000000e+01 5.934393239221089544e+01 5.366181277527926596e+01
4.000000000000000000e+01 3.411946478396686189e+01 3.106099694884044737e+01
4.000000000000000000e+01 4.429067661391329125e+01 4.083910413386006155e+01
4.000000000000000000e+01 7.206114206170738612e+01 6.390388845588445577e+01
4.000000000000000000e+01 7.577996013518389873e+01 6.726066821197389345e+01
4.000000000000000000e+01 8.892303180276502417e+01 7.299097824918450783e+01
4.000000000000000000e+01 4.699285231763131065e+01 4.396651098634264088e+01
4.000000000000000000e+01 6.801812328301096500e+01 6.151920482631724951e+01
4.000000000000000000e+01 3.869190497510217597e+01 3.645445827316900989e+01
4.000000000000000000e+01 6.272094400506617973e+01 5.816951051828316110e+01
