3.868175112037770980e+00 2.353256532241441157e+00 3.666430322012534937e+00 2.500000000000000000e+01 8.442941445992119265e-01 5.960439560439561024e-01 8.459398992647640947e-01 5.000000000000000000e+01
3.668038885749500988e+00 2.026211384212367239e+00 3.373834236437856848e+00 1.600000000000000000e+01 7.187522694226949893e-01 6.264606852842148355e-01 8.754249876493173099e-01 5.400000000000000000e+01
3.449472302595355533e+00 1.711769859409706385e+00 3.146330910748647458e+00 1.300000000000000000e+01 6.308943559260019596e-01 6.477218794494542520e-01 8.764678810417507737e-01 4.300000000000000000e+01
2.865059256520580799e+00 1.041379743992412399e+00 2.865059256520580799e+00 8.000000000000000000e+00 8.712342618654872473e-01 6.818181818181817677e-01 8.849489455208290334e-01 2.200000000000000000e+01
4.472135954999580498e+00 2.645751311064588052e+00 3.422613871631696725e+00 9.000000000000000000e+00 8.677472478245323861e-01 6.700000000000000400e-01 8.813231486180322927e-01 2.000000000000000000e+01
3.218210943232934440e+00 1.995262314968882400e+00 2.987741095934837610e+00 1.500000000000000000e+01 9.995139707103225524e-01 7.185819892473115367e-01 1.017935692063168140e+00 3.100000000000000000e+01
5.196152422706636465e+00 3.316624790355394925e+00 3.988620176087326552e+00 1.400000000000000000e+01 8.944344967332303886e-01 5.924026590693256544e-01 7.879259435831629244e-01 2.700000000000000000e+01
3.469463317402361913e+00 1.649740651047153284e+00 3.178551447531847263e+00 1.200000000000000000e+01 6.690166782119986166e-01 6.440275171982488001e-01 8.698299199859662600e-01 4.100000000000000000e+01
2.632764408668474498e+00 1.637822188150904079e+00 2.469570215105185707e+00 9.000000000000000000e+00 8.138777250917278439e-01 7.099999999999999645e-01 9.617519485076611030e-01 2.000000000000000000e+01
3.473953464439371697e+00 1.063228939498286341e+00 3.605460954862865997e+00 1.700000000000000000e+01 9.236454283795684228e-01 5.449494949494949614e-01 7.467071186407939765e-01 4.000000000000000000e+01
3.323894297787713281e+00 1.922916265061853425e+00 3.221466342908456681e+00 1.500000000000000000e+01 7.227394818571160062e-01 6.822916666666664076e-01 9.572403565291525140e-01 3.800000000000000000e+01
3.499783313405555596e+00 2.206357481189033631e+00 3.105107390804998868e+00 1.900000000000000000e+01 8.492197684763995724e-01 6.437804878048780655e-01 9.042896984755514067e-01 4.100000000000000000e+01
2.755117047959035670e+00 1.188006461351955645e+00 2.955726044977563749e+00 2.000000000000000000e+01 9.293163665212083036e-01 5.193121693121692806e-01 7.209141223677870691e-01 6.000000000000000000e+01
3.715352488436507894e+00 1.793181586797741645e+00 3.778180075390070058e+00 1.800000000000000000e+01 7.253724113158610542e-01 6.508771929824562763e-01 9.182287134029317732e-01 4.500000000000000000e+01
3.557256847483960538e+00 2.053496058780611477e+00 3.601338895783196659e+00 1.800000000000000000e+01 7.915847756027277748e-01 7.052631578947369251e-01 1.011286727088816395e+00 4.600000000000000000e+01
3.831777983187525383e+00 1.814514351438899054e+00 3.926010863125100947e+00 2.200000000000000000e+01 8.400423434732996464e-01 5.251610305958133162e-01 7.267950894229755487e-01 5.400000000000000000e+01
3.810350885938878385e+00 1.697021730735101208e+00 3.582584305192134444e+00 2.400000000000000000e+01 8.336803108678063623e-01 5.255660377358489788e-01 7.325120797601056832e-01 5.300000000000000000e+01
2.828427124746191179e+00 1.414213562373094701e+00 2.738612787525830150e+00 5.000000000000000000e+00 1.000000000000000000e+00 7.657828282828283983e-01 9.886071006735330791e-01 8.000000000000000000e+00
5.916079783099620570e+00 4.358898943540670423e+00 4.571076114232321963e+00 2.200000000000000000e+01 9.532797039516224258e-01 5.858695652173913082e-01 8.265416049186011804e-01 3.500000000000000000e+01
3.881588432448895176e+00 2.165530500875663122e+00 3.849336874989744306e+00 2.200000000000000000e+01 7.361528424662455716e-01 6.269762845849803368e-01 8.867556113910430859e-01 5.500000000000000000e+01
3.499783313405555596e+00 2.306604536254238447e+00 2.994082013925303265e+00 2.000000000000000000e+01 8.529412721777605011e-01 6.323396567299005566e-01 8.863526610359486746e-01 4.100000000000000000e+01
4.123105625617663250e+00 2.828427124746187626e+00 3.657184709581948745e+00 1.300000000000000000e+01 1.186502087408872086e+00 6.293517406962785277e-01 8.754590229557881464e-01 1.700000000000000000e+01
2.792153233945511293e+00 1.441682421039532702e+00 2.785790101486466330e+00 2.000000000000000000e+01 8.534235654486670430e-01 5.796296296296296058e-01 8.132331152136498265e-01 6.000000000000000000e+01
3.832085607471605648e+00 1.932630573431841192e+00 3.827748727731148382e+00 2.100000000000000000e+01 9.378076136124846585e-01 5.811563915012190051e-01 8.043717320999862475e-01 5.800000000000000000e+01
3.519392301622075614e+00 2.371540440996322996e+00 2.857456253575481053e+00 2.400000000000000000e+01 9.393017275303634506e-01 5.522093023255814082e-01 7.669125829901249913e-01 4.300000000000000000e+01
3.721697183299215617e+00 2.428685845812228017e+00 3.403749153087979540e+00 1.900000000000000000e+01 7.934935624231828077e-01 7.052040816326531347e-01 1.002897908826435813e+00 4.900000000000000000e+01
3.305054495489669009e+00 1.735967152693566495e+00 2.980860902134915502e+00 1.400000000000000000e+01 7.118314166304816615e-01 6.078347578347579327e-01 8.279045775741046276e-01 3.600000000000000000e+01
2.564062914526649362e+00 1.231144413344917643e+00 2.684759301924209751e+00 1.000000000000000000e+01 1.255916398518075461e+00 5.938799762329174392e-01 7.782233346239657568e-01 1.700000000000000000e+01
3.801229815689145752e+00 2.365600537900698797e+00 3.490168970110018698e+00 2.200000000000000000e+01 8.245511988284650595e-01 6.491545893719807836e-01 9.230602816240377484e-01 5.400000000000000000e+01
3.787988398026731485e+00 2.212874273064719954e+00 3.205671551207026404e+00 2.000000000000000000e+01 8.330410926237521441e-01 6.137566137566136115e-01 8.463380707465304464e-01 4.800000000000000000e+01
3.693433240034748710e+00 2.048303632705242183e+00 3.441085781682291511e+00 1.900000000000000000e+01 7.711730352448833425e-01 5.811111111111111338e-01 8.154943070563275276e-01 5.400000000000000000e+01
4.076803073494287055e+00 2.651858333503817722e+00 3.250443804455940278e+00 3.100000000000000000e+01 8.931382460276480195e-01 5.502873563218391162e-01 7.725279872033162798e-01 5.800000000000000000e+01
3.162277660168379967e+00 1.732050807568871642e+00 2.999999999999998668e+00 7.000000000000000000e+00 1.190126887096625952e+00 6.949999999999999512e-01 9.237375967513394848e-01 1.000000000000000000e+01
3.712565970548052707e+00 1.987133858518254970e+00 3.347296077180476281e+00 1.500000000000000000e+01 6.489679400831059874e-01 6.602328431372549433e-01 9.124693340295131350e-01 5.100000000000000000e+01
2.828427124746191179e+00 1.999999999999998224e+00 2.549509756796391802e+00 6.000000000000000000e+00 1.249305074811881466e+00 7.270408163265306145e-01 9.568051026088031374e-01 8.000000000000000000e+00
2.666168929011080824e+00 1.172465594709695136e+00 2.660520734435800616e+00 1.900000000000000000e+01 8.771420464787806903e-01 5.331818181818182012e-01 7.362913944873050731e-01 5.500000000000000000e+01
3.336705623447847380e+00 2.107129608193158976e+00 2.819983295978651050e+00 1.400000000000000000e+01 8.290889762485448289e-01 6.282051282051281937e-01 8.562700317915782344e-01 3.600000000000000000e+01
3.810350885938878385e+00 2.362507582510769755e+00 3.186121596616368734e+00 2.200000000000000000e+01 8.384896010403142252e-01 6.016201804757999039e-01 8.333100125628688515e-01 5.300000000000000000e+01
3.375437903527040095e+00 1.982381334079514001e+00 2.912634606342633159e+00 1.500000000000000000e+01 8.418478580503800934e-01 6.229166666666666741e-01 8.602019129569419276e-01 4.000000000000000000e+01
3.000000000000001332e+00 1.732050807568874751e+00 2.828427124746189403e+00 6.000000000000000000e+00 1.000000000000000000e+00 7.409297052154195651e-01 9.795576016220414184e-01 9.000000000000000000e+00
5.196152422706637353e+00 3.464101615137752166e+00 4.281744192888376155e+00 1.800000000000000000e+01 9.864913683900164987e-01 5.678362573099416943e-01 7.810492096393685246e-01 2.700000000000000000e+01
3.822212302187061539e+00 2.322017197807715760e+00 3.442101334625249809e+00 2.100000000000000000e+01 7.405664797503532792e-01 6.313131313131311595e-01 8.935899330387037098e-01 5.500000000000000000e+01
2.716344686807638631e+00 1.112469419493264944e+00 2.716344686807637743e+00 1.400000000000000000e+01 7.758309237686469295e-01 6.109211775878441442e-01 8.432514147140729444e-01 5.400000000000000000e+01
3.144439048693123961e+00 1.166542801554550701e+00 3.289823854645281820e+00 1.200000000000000000e+01 1.173456089303022365e+00 6.794871794871794046e-01 9.315176864991290273e-01 3.000000000000000000e+01
3.017088168272579640e+00 1.467185688667125731e+00 3.110097340033448177e+00 1.600000000000000000e+01 1.137925267062509960e+00 5.664171122994653418e-01 7.575612709213779272e-01 2.500000000000000000e+01
3.766789981214513805e+00 2.067188366319036241e+00 2.781733140139595051e+00 1.600000000000000000e+01 6.750130914155954009e-01 6.098069428079399001e-01 8.349625199180779056e-01 5.900000000000000000e+01
4.898979485566355763e+00 2.999999999999994671e+00 3.944053188733076531e+00 1.100000000000000000e+01 8.192733545689875330e-01 7.135416666666667407e-01 9.816404514473568987e-01 2.400000000000000000e+01
3.811492705599591080e+00 2.335744171339257491e+00 3.676935081633049940e+00 2.600000000000000000e+01 9.039913405418890102e-01 5.789871504157217963e-01 8.191845733764209214e-01 4.900000000000000000e+01
4.472135954999583163e+00 3.741657386773937333e+00 3.545621041711673360e+00 1.600000000000000000e+01 1.110224321852350648e+00 6.034759358288771525e-01 8.398828636032065198e-01 2.000000000000000000e+01
3.046603479007055526e+00 1.780463560361132069e+00 2.900500763096562906e+00 1.300000000000000000e+01 8.349298541837996135e-01 6.906651549508693311e-01 9.678589872306606612e-01 2.700000000000000000e+01
2.763655908476482015e+00 1.522754270967883405e+00 2.666357355843859800e+00 1.900000000000000000e+01 6.859786970679009332e-01 6.976315789473683804e-01 9.981283785741436043e-01 5.700000000000000000e+01
3.605551275463991789e+00 1.732050807568871642e+00 3.415650255319865547e+00 7.000000000000000000e+00 8.634059326687484326e-01 7.449999999999999956e-01 9.883638068420986800e-01 1.300000000000000000e+01
4.358898943540676640e+00 2.645751311064588940e+00 3.093772546815387159e+00 9.000000000000000000e+00 1.325048209978884950e+00 6.739473684210526283e-01 8.921666596098293267e-01 1.900000000000000000e+01
3.574718122868979275e+00 2.299902142114938819e+00 3.266429385272911379e+00 1.800000000000000000e+01 7.977480850871142559e-01 7.327751196172249681e-01 1.052614179753680990e+00 4.400000000000000000e+01
3.316624790355402030e+00 1.732050807568875639e+00 2.943920288775949246e+00 6.000000000000000000e+00 9.436961846159517275e-01 7.221706864564007011e-01 9.196086801222247420e-01 1.100000000000000000e+01
4.472135954999583163e+00 2.645751311064585831e+00 3.565709706956766034e+00 1.000000000000000000e+01 9.165192366106152955e-01 6.676767676767676463e-01 9.008653340213538252e-01 2.000000000000000000e+01
5.000000000000003553e+00 3.162277660168377302e+00 4.086563348340509272e+00 1.400000000000000000e+01 9.091291639220577814e-01 6.162051282051281831e-01 8.389234908024316706e-01 2.500000000000000000e+01
4.358898943540676640e+00 3.316624790355395813e+00 3.343922574136276804e+00 1.300000000000000000e+01 1.052690456250223283e+00 5.888829215896886904e-01 7.907590478329825645e-01 1.900000000000000000e+01
3.584320238376360823e+00 2.036121458869670775e+00 3.166383522043756837e+00 1.800000000000000000e+01 7.718651424352731549e-01 6.157894736842105532e-01 8.709716504543625337e-01 5.000000000000000000e+01
3.964206612230354754e+00 2.528255520439284254e+00 3.629829298141405314e+00 2.600000000000000000e+01 7.458279886944348958e-01 6.287328490718321339e-01 9.021373615613587083e-01 5.900000000000000000e+01
3.872983346207419242e+00 2.236067977499784476e+00 3.193743884534261390e+00 7.000000000000000000e+00 8.041555214840927501e-01 7.283333333333332771e-01 9.446897267397285081e-01 1.500000000000000000e+01
3.417799053342153393e+00 2.032455975616816790e+00 2.835256825841833361e+00 1.500000000000000000e+01 9.474222520553952087e-01 6.085737179487177295e-01 8.314576404510405361e-01 3.900000000000000000e+01
3.162277660168379967e+00 1.414213562373093591e+00 3.082207001484487563e+00 8.000000000000000000e+00 1.300824029786010083e+00 6.393939393939394034e-01 8.384954682472093301e-01 1.000000000000000000e+01
2.736174125787107503e+00 1.037970670463016054e+00 2.922633820614268796e+00 1.500000000000000000e+01 7.383501688143497832e-01 5.930059523809525501e-01 8.109463634518311315e-01 5.600000000000000000e+01
3.771513019646773213e+00 2.363815510982231860e+00 3.268840925239588024e+00 2.000000000000000000e+01 7.222835312187778634e-01 6.475228475228473890e-01 9.098252283576380162e-01 5.500000000000000000e+01
3.441816804393996954e+00 1.802403035606324311e+00 3.342424077004026994e+00 1.600000000000000000e+01 7.957274780988623508e-01 6.155674390968509657e-01 8.541100837428792225e-01 3.600000000000000000e+01
3.012304071682325723e+00 1.604949254790777768e+00 2.855316557074741191e+00 1.600000000000000000e+01 1.132311182885065826e+00 5.602632661456191654e-01 7.600867025697828350e-01 2.600000000000000000e+01
3.078524909812806687e+00 1.626561273387017614e+00 2.993315976468050810e+00 1.400000000000000000e+01 7.078188035504549003e-01 6.032051282051281715e-01 8.315232592657683108e-01 3.200000000000000000e+01
2.859107444111962604e+00 1.374108810316638563e+00 2.771026209173765853e+00 1.100000000000000000e+01 7.526336977816205920e-01 6.107336956521739468e-01 8.187110898846364782e-01 2.300000000000000000e+01
3.758434640445100339e+00 1.598031758837751504e+00 3.519974156971306556e+00 2.200000000000000000e+01 8.963502577528073001e-01 4.803511705685619138e-01 6.563106432838686777e-01 5.200000000000000000e+01
4.242640687119289211e+00 3.162277660168377302e+00 3.619392214170770394e+00 1.400000000000000000e+01 1.183378203805247830e+00 6.245014245014244292e-01 8.717339745564915976e-01 1.800000000000000000e+01
3.996945908133267444e+00 2.592491369628327380e+00 3.304660040562014345e+00 2.500000000000000000e+01 8.384062457634333665e-01 6.556460780598714067e-01 9.188485687343633801e-01 5.800000000000000000e+01
6.999999999999985789e+00 6.000000000000002665e+00 4.499999999999997335e+00 6.000000000000000000e+00 1.388773232481087305e+00 6.887755102040816757e-01 8.952627537062013419e-01 7.000000000000000000e+00
3.046603479007055526e+00 1.051165045935462672e+00 2.964872367362644034e+00 1.000000000000000000e+01 8.263021723487706804e-01 6.616161616161616577e-01 8.806247145001692145e-01 2.700000000000000000e+01
3.461486655187442363e+00 1.767527063658353104e+00 3.295022773061933918e+00 1.400000000000000000e+01 6.426914333970227267e-01 6.409035409035408470e-01 8.876973604932359985e-01 4.200000000000000000e+01
3.469463317402361913e+00 1.946204962969841246e+00 2.926188076453015263e+00 1.500000000000000000e+01 7.116678916378662567e-01 6.441819105691057867e-01 8.816009618698109618e-01 4.100000000000000000e+01
2.828427124746190735e+00 1.732050807568873418e+00 2.380476142847616217e+00 4.000000000000000000e+00 1.177895371878384889e+00 8.449999999999999734e-01 1.049337568380007468e+00 8.000000000000000000e+00
4.472135954999582275e+00 3.162277660168374194e+00 3.255764119219942021e+00 1.200000000000000000e+01 1.049907138896716940e+00 5.679487179487179294e-01 7.415268877309836304e-01 2.000000000000000000e+01
3.119908567617211581e+00 1.944783308887225504e+00 2.971723449072082968e+00 1.400000000000000000e+01 7.702434138819268528e-01 6.386217948717948234e-01 8.882844599216735970e-01 3.200000000000000000e+01
3.755656704961635395e+00 2.170198527221196994e+00 3.353559308061325073e+00 2.000000000000000000e+01 7.542778721711264067e-01 5.894978536487971432e-01 8.139102486563372096e-01 5.300000000000000000e+01
3.387150840219447012e+00 1.767056065145259147e+00 3.084730732581598023e+00 1.500000000000000000e+01 7.516635192053479075e-01 5.761870155038759655e-01 7.811445916678277923e-01 4.300000000000000000e+01
3.162277660168379967e+00 1.732050807568871642e+00 2.999999999999998668e+00 7.000000000000000000e+00 1.190126888023068430e+00 6.949999999999999512e-01 9.237383080056322804e-01 1.000000000000000000e+01
4.209179979563725915e+00 2.805153113745185500e+00 3.435822321330280982e+00 3.000000000000000000e+01 1.051481489800425217e+00 6.058866411518133432e-01 8.487642463453198838e-01 5.900000000000000000e+01
3.385378694047497916e+00 1.834629509284805726e+00 2.939219568465973875e+00 1.500000000000000000e+01 8.388908428229810976e-01 5.957532051282049546e-01 8.240949681580089781e-01 3.900000000000000000e+01
2.931493108888496124e+00 1.478302003044886570e+00 2.637023697339205164e+00 9.000000000000000000e+00 1.235014324420935061e+00 6.565384615384615152e-01 8.643221797591830180e-01 2.600000000000000000e+01
2.999999999999999556e+00 1.999999999999996225e+00 2.645751311064590272e+00 6.000000000000000000e+00 1.000000000000000000e+00 7.250566893424037485e-01 9.416846256881571398e-01 9.000000000000000000e+00
2.632764408668473166e+00 1.921464705731442235e+00 2.632225017687281898e+00 1.200000000000000000e+01 9.861804106241482959e-01 7.217948717948715620e-01 1.014566378608796837e+00 2.000000000000000000e+01
5.099019513592788932e+00 3.162277660168372861e+00 4.024922359499619517e+00 1.200000000000000000e+01 8.360233596601962525e-01 6.694280078895462616e-01 8.958661253440552974e-01 2.600000000000000000e+01
5.656854249492382358e+00 3.741657386773939997e+00 4.334248987508019901e+00 1.600000000000000000e+01 8.716489267020054443e-01 6.270053475935829512e-01 8.663648949970230717e-01 3.200000000000000000e+01
3.871258567902142289e+00 2.795740409684272176e+00 3.282655789877723329e+00 3.100000000000000000e+01 9.265433533580317293e-01 5.364583333333333703e-01 7.463007816502562619e-01 6.000000000000000000e+01
4.582575694955841605e+00 3.605551275463982464e+00 3.658499061721266266e+00 1.500000000000000000e+01 1.162296591422731007e+00 6.257440476190478940e-01 8.558187657375824209e-01 2.100000000000000000e+01
3.779973542156962019e+00 2.286497616583011538e+00 3.555125807494382340e+00 2.400000000000000000e+01 8.015512809694573804e-01 5.859433962264151141e-01 8.144319733588125665e-01 5.300000000000000000e+01
2.895846236466802281e+00 1.526210087622054790e+00 2.830812665681429863e+00 1.200000000000000000e+01 7.937401512921250513e-01 6.487179487179487447e-01 8.938258104189392705e-01 2.400000000000000000e+01
3.279977149637569589e+00 1.719751566534608589e+00 3.072059043553467816e+00 1.100000000000000000e+01 7.151483226575064966e-01 7.251838235294117974e-01 9.968185850944542015e-01 3.400000000000000000e+01
3.461486655187442363e+00 1.974927023102911905e+00 3.327149978748470627e+00 1.800000000000000000e+01 8.244352300452354454e-01 5.761904761904761418e-01 8.008410056245219844e-01 4.200000000000000000e+01
3.148843346255065789e+00 1.752374274263069687e+00 2.920611278165910818e+00 1.500000000000000000e+01 8.556188045829603572e-01 6.008522727272728181e-01 8.146012793518309092e-01 3.300000000000000000e+01
3.842675498168802051e+00 2.451593224654162739e+00 3.776710369141999646e+00 2.700000000000000000e+01 8.354923901558723998e-01 6.443027210884354483e-01 9.232396725277580707e-01 6.000000000000000000e+01
3.512065660642669229e+00 1.862706638482520605e+00 2.995411795176330827e+00 1.500000000000000000e+01 6.534495181562600674e-01 6.344193262411346179e-01 8.762500591882701473e-01 4.700000000000000000e+01
3.401936372018642185e+00 1.426943588457652456e+00 3.392127758477205823e+00 2.100000000000000000e+01 1.047955327933210778e+00 4.926184926184926649e-01 6.661708969165631711e-01 3.900000000000000000e+01
2.999999999999997780e+00 2.000000000000004441e+00 2.499999999999999556e+00 2.000000000000000000e+00 1.476098138542742966e+00 8.838383838383837565e-01 1.028479727955171619e+00 3.000000000000000000e+00
3.780874868310806214e+00 1.895102125041028485e+00 3.830004044805935148e+00 2.000000000000000000e+01 6.874460433956853800e-01 6.305633364456892931e-01 8.895009356603776896e-01 5.100000000000000000e+01
3.411189702003357471e+00 1.971981514836010030e+00 3.184637406751079869e+00 1.700000000000000000e+01 7.461281917232465144e-01 6.102272727272727293e-01 8.508526333670507480e-01 4.000000000000000000e+01
2.741781771422107106e+00 1.693867962467743293e+00 2.587704847736879810e+00 9.000000000000000000e+00 1.000099971767975937e+00 7.528947368421051722e-01 1.024206708121929932e+00 1.900000000000000000e+01
6.324555320336762598e+00 3.872983346207415245e+00 4.604345773288533117e+00 1.700000000000000000e+01 7.632749377734691087e-01 6.005050505050506526e-01 8.275601738468567614e-01 4.000000000000000000e+01
3.593856295148389002e+00 2.251281868266664432e+00 3.162643593085688209e+00 2.000000000000000000e+01 8.127217244334363766e-01 6.306216931216931387e-01 8.809932074413390213e-01 4.800000000000000000e+01
3.651821651971926208e+00 2.275708768005612725e+00 3.181061636802747117e+00 1.900000000000000000e+01 8.804077803431761273e-01 6.091304347826087540e-01 8.468883626162403422e-01 4.600000000000000000e+01
3.872983346207420130e+00 2.449489742783170776e+00 3.439961240091714334e+00 1.100000000000000000e+01 1.019935219892780687e+00 6.225694444444443976e-01 8.506253909387800904e-01 1.500000000000000000e+01
3.317992754654948140e+00 2.134637813873518475e+00 3.121222381807002400e+00 1.700000000000000000e+01 8.734926060417347315e-01 6.750841750841750644e-01 9.640361624682922681e-01 3.300000000000000000e+01
3.469463317402361913e+00 1.880971962904536943e+00 3.007530957792182047e+00 1.400000000000000000e+01 6.175141309051020988e-01 6.322701688555346644e-01 8.626170658616535425e-01 4.100000000000000000e+01
3.496840952072145292e+00 1.925787641283148943e+00 2.764183546561080451e+00 1.600000000000000000e+01 8.754718747968823767e-01 5.920380273321449449e-01 8.229506780375133168e-01 4.500000000000000000e+01
5.656854249492385023e+00 3.605551275463984684e+00 4.514932489485905087e+00 1.800000000000000000e+01 8.534219251810990503e-01 5.720394736842107086e-01 7.878160687856704536e-01 3.200000000000000000e+01
3.121428623488582410e+00 1.358019080485786567e+00 2.964872367362644034e+00 1.400000000000000000e+01 9.902949508004366130e-01 5.424908424908425619e-01 7.238875896169824076e-01 2.800000000000000000e+01
1.999999999999998890e+00 1.000000000000002220e+00 2.000000000000000444e+00 1.000000000000000000e+00 1.000000000000000000e+00 9.949999999999999956e-01 1.091593273215053284e+00 2.000000000000000000e+00
3.713820698001673470e+00 2.059463985451601253e+00 3.193464555673558802e+00 1.800000000000000000e+01 7.301071473268931911e-01 5.669856459330142595e-01 7.653992025740607996e-01 5.500000000000000000e+01
3.842929411462877809e+00 1.511354493757992579e+00 3.820487314348684382e+00 1.800000000000000000e+01 8.746922577594236081e-01 5.812030075187970546e-01 8.002023686936553526e-01 5.600000000000000000e+01
2.766323734445183646e+00 1.080672885915968218e+00 2.957936679934388469e+00 1.600000000000000000e+01 7.593058842606158487e-01 6.035848682907507534e-01 8.140132927602370394e-01 5.400000000000000000e+01
3.979139590999152265e+00 2.362665562227218352e+00 3.722996806825106919e+00 2.000000000000000000e+01 7.113115228276735147e-01 6.707294028722600165e-01 9.487593747252017762e-01 5.600000000000000000e+01
3.838693514696676967e+00 1.945143821235020498e+00 3.432614463170593044e+00 1.800000000000000000e+01 6.489511468420493534e-01 6.084409136047667088e-01 8.394751866752391267e-01 5.300000000000000000e+01
3.842929411462877809e+00 1.757556329918637417e+00 3.773794078082092440e+00 1.600000000000000000e+01 6.010532703105556651e-01 6.595683728036669802e-01 9.209042303097373372e-01 5.600000000000000000e+01
3.353136108406577609e+00 1.465565367894437587e+00 3.045565946637971422e+00 1.900000000000000000e+01 9.550964290187407002e-01 5.586363636363635976e-01 7.641582986786982223e-01 3.300000000000000000e+01
4.795831523312720890e+00 2.828427124746184518e+00 3.691205765058348298e+00 9.000000000000000000e+00 7.615502365416825237e-01 7.471739130434782439e-01 1.006635596245223141e+00 2.300000000000000000e+01
3.249009585424939228e+00 1.804791941026928193e+00 2.951271281938448343e+00 1.500000000000000000e+01 7.766750200710820229e-01 6.256510416666667407e-01 8.637746666679062546e-01 3.200000000000000000e+01
3.531598697180522883e+00 2.154591169874638723e+00 3.409540342951696168e+00 1.800000000000000000e+01 8.615980491418533393e-01 6.373961218836567966e-01 8.951793422445537551e-01 3.800000000000000000e+01
3.794650052865243595e+00 2.073682858242132721e+00 3.390635614029192002e+00 1.600000000000000000e+01 7.911677117331864517e-01 6.474782426339519281e-01 9.008616541854815862e-01 5.100000000000000000e+01
4.183739179984258705e+00 1.472733357534689258e+00 3.738898134492056879e+00 2.600000000000000000e+01 8.909802955576928696e-01 5.301766657698862018e-01 7.222376087379832610e-01 5.900000000000000000e+01
2.651063199613670651e+00 1.421763555778502663e+00 2.647603599005669217e+00 9.000000000000000000e+00 9.310299499631746745e-01 6.949999999999999512e-01 9.316278305391886283e-01 1.900000000000000000e+01
6.999999999999985789e+00 6.000000000000002665e+00 4.499999999999997335e+00 6.000000000000000000e+00 1.388773235404344275e+00 6.887755102040816757e-01 8.952625372209600529e-01 7.000000000000000000e+00
3.860052991802856770e+00 2.229349167808716725e+00 3.736038795709970994e+00 2.000000000000000000e+01 6.962758176184398184e-01 6.407407407407406108e-01 9.029147277326668997e-01 6.000000000000000000e+01
3.205913482455119645e+00 1.192866052839852253e+00 3.192632470235797548e+00 1.000000000000000000e+01 6.440557257778357636e-01 6.710858585858585634e-01 8.912365278915723721e-01 3.200000000000000000e+01
4.472135954999582275e+00 2.828427124746185406e+00 3.354101966249685152e+00 1.000000000000000000e+01 1.104340081570474696e+00 6.540404040404040886e-01 8.741778436574879629e-01 2.000000000000000000e+01
2.784298562266964705e+00 1.057557050338254312e+00 2.741707525891506236e+00 1.000000000000000000e+01 1.008878785863377647e+00 5.858585858585857453e-01 7.573334181559325806e-01 2.000000000000000000e+01
5.830951894845306960e+00 4.690415759823430619e+00 4.332750543560901058e+00 2.300000000000000000e+01 9.802817230661857728e-01 5.781250000000001110e-01 8.118890199300559107e-01 3.400000000000000000e+01
3.258617435040408683e+00 1.505965854614924604e+00 3.169644479505850487e+00 1.100000000000000000e+01 7.683267524316924613e-01 6.531249999999999556e-01 8.831915584694568500e-01 3.000000000000000000e+01
3.464101615137754830e+00 2.236067977499787141e+00 2.863564212655270502e+00 7.000000000000000000e+00 9.845455916688660158e-01 7.137499999999999956e-01 9.455022861971920101e-01 1.200000000000000000e+01
4.062357516606394547e+00 2.247624967653219841e+00 3.619106705749412178e+00 2.000000000000000000e+01 7.089704039947599679e-01 6.304232804232803300e-01 8.875434514446433054e-01 6.000000000000000000e+01
4.795831523312722666e+00 2.645751311064587163e+00 4.292851200376203380e+00 1.500000000000000000e+01 9.024394806586869544e-01 5.844655797101451222e-01 8.053813962792827352e-01 2.300000000000000000e+01
3.708277373353375150e+00 2.143353618256219395e+00 3.331806509186217458e+00 1.700000000000000000e+01 6.983397291427350106e-01 6.616161616161616577e-01 9.379752566027870220e-01 5.600000000000000000e+01
4.123105625617661474e+00 2.645751311064580946e+00 3.207134902949092314e+00 8.000000000000000000e+00 1.000000000000000000e+00 7.400475341651813199e-01 9.847811905811247879e-01 1.700000000000000000e+01
3.803791767568825755e+00 2.420475873228765451e+00 3.383076917365573255e+00 2.400000000000000000e+01 8.131387911495076004e-01 6.177586206896551468e-01 8.626738660300402595e-01 5.800000000000000000e+01
8.999999999999985789e+00 7.999999999999992895e+00 5.499999999999993783e+00 8.000000000000000000e+00 1.340014907079520867e+00 6.492704826038160348e-01 8.636366775117971795e-01 9.000000000000000000e+00
3.863389150321989707e+00 1.810920848856419463e+00 3.424227845701679929e+00 2.000000000000000000e+01 7.617341163258399828e-01 5.268727373990530483e-01 7.176342441053745747e-01 5.700000000000000000e+01
5.567764362830023295e+00 3.999999999999992895e+00 4.153311931459037432e+00 1.800000000000000000e+01 9.392941991834680149e-01 5.719864176570460534e-01 7.880901477031111435e-01 3.100000000000000000e+01
3.842929411462877809e+00 2.487490697898944614e+00 3.532949911037766011e+00 3.200000000000000000e+01 8.760328921106618205e-01 5.631313131313131493e-01 8.050319552122976452e-01 5.600000000000000000e+01
3.574718122868979275e+00 2.261059264459146068e+00 3.309362342505235421e+00 2.200000000000000000e+01 8.767338377375217817e-01 6.230237154150198853e-01 8.753061779459441194e-01 4.400000000000000000e+01
3.620214241214069872e+00 2.319850529505646630e+00 3.265413294637386610e+00 2.500000000000000000e+01 7.800026024896113963e-01 5.840025359256130200e-01 8.185375162957538864e-01 5.200000000000000000e+01
3.186150656180930074e+00 1.383936099207820236e+00 3.180416894128557548e+00 1.100000000000000000e+01 7.496195466581061506e-01 6.286300505050506082e-01 8.487791735725144227e-01 3.300000000000000000e+01
3.772614890255403974e+00 2.495388613504792907e+00 3.379260771896398285e+00 2.300000000000000000e+01 1.021612352956971614e+00 6.723278985507249450e-01 9.544081152757752928e-01 4.600000000000000000e+01
3.772614890255403974e+00 1.534991719052820613e+00 3.928581091688056581e+00 1.600000000000000000e+01 6.878028892265675154e-01 6.429900023250406660e-01 8.883746461840430486e-01 4.600000000000000000e+01
4.167548465436876626e+00 2.499384516403627465e+00 3.655551094229410047e+00 2.500000000000000000e+01 8.577062143788259929e-01 6.188186813186814517e-01 8.657204079548566078e-01 5.600000000000000000e+01
3.474777647924155666e+00 1.716710371177765815e+00 3.059547369306380382e+00 1.800000000000000000e+01 8.842904268855714678e-01 5.678362573099416943e-01 7.730860745816805490e-01 3.600000000000000000e+01
3.308641206573625038e+00 1.512189729072045630e+00 3.380831112503205560e+00 1.500000000000000000e+01 8.340057381462911978e-01 5.922181372549020217e-01 8.185526235102454917e-01 3.400000000000000000e+01
4.123105625617663250e+00 2.236067977499789361e+00 3.660601043544623678e+00 1.100000000000000000e+01 9.956140637015196138e-01 6.075367647058823595e-01 8.118339545180853767e-01 1.700000000000000000e+01
2.931528549739432776e+00 1.349282847673565433e+00 3.141058481945150138e+00 1.300000000000000000e+01 9.403558742298481210e-01 6.120408163265307344e-01 8.319669192637694222e-01 2.500000000000000000e+01
4.028190508306190409e+00 1.985759149623596231e+00 3.799676076954451975e+00 1.700000000000000000e+01 6.839670617975286415e-01 6.327700077700079140e-01 8.778467368164140083e-01 5.200000000000000000e+01
3.420905506560861120e+00 1.815442731213348537e+00 3.008895776672598998e+00 1.200000000000000000e+01 8.019707170748470171e-01 6.932523616734143079e-01 9.587668860055935660e-01 3.800000000000000000e+01
3.955089183716777423e+00 1.949882527556572098e+00 3.595653602398190873e+00 2.100000000000000000e+01 7.420009105035373365e-01 5.615079365079365115e-01 7.842717233523766041e-01 5.600000000000000000e+01
3.550148632142597016e+00 2.189787010191737160e+00 3.099395206379037315e+00 2.000000000000000000e+01 8.511511252688012119e-01 6.292604897256058871e-01 8.839478867766444870e-01 4.300000000000000000e+01
3.735769528577510101e+00 1.713145334680130860e+00 3.410856067548756254e+00 2.000000000000000000e+01 7.562241528182416239e-01 5.943202677896554098e-01 8.161538931383269802e-01 4.900000000000000000e+01
2.782783380839038312e+00 1.551154481457746925e+00 2.839607481919899534e+00 2.000000000000000000e+01 7.066685397961073312e-01 6.307057662989866698e-01 8.946482258084242911e-01 5.900000000000000000e+01
3.943928892365000660e+00 2.726777468607488153e+00 3.412923505674708924e+00 2.700000000000000000e+01 8.536022542776542377e-01 6.642329345531315932e-01 9.553326842068494695e-01 5.800000000000000000e+01
3.375437903527039207e+00 1.805760902894870457e+00 3.050188167282039675e+00 1.500000000000000000e+01 7.098360276323069096e-01 6.651041666666667185e-01 9.377590881542637868e-01 4.000000000000000000e+01
3.822881833933561069e+00 1.424732942656550261e+00 3.200950792657827115e+00 1.800000000000000000e+01 9.086502540033967179e-01 5.073684210526318017e-01 6.863657893549443001e-01 5.000000000000000000e+01
3.496840952072146180e+00 1.925787641283147833e+00 3.124517343400193603e+00 1.900000000000000000e+01 8.470969804809426185e-01 5.438888888888888662e-01 7.492139255988944369e-01 4.500000000000000000e+01
4.690415759823431507e+00 3.605551275463982464e+00 3.843075691322091814e+00 1.600000000000000000e+01 1.154593984746183466e+00 6.203208556149732988e-01 8.714956096713433187e-01 2.200000000000000000e+01
3.129134644531895937e+00 1.599559929720596907e+00 2.808267693344251636e+00 1.100000000000000000e+01 7.589962260852125553e-01 6.809027777777779677e-01 9.123178452549280948e-01 3.000000000000000000e+01
2.753890095584594189e+00 1.343786033152178483e+00 2.821855594287278723e+00 1.500000000000000000e+01 6.887845389542125440e-01 6.633184523809525501e-01 9.275965923649328593e-01 5.600000000000000000e+01
2.645751311064591160e+00 1.999999999999997113e+00 2.345207879911713977e+00 5.000000000000000000e+00 1.240955235578432569e+00 7.806637806637806154e-01 1.014542588228522391e+00 7.000000000000000000e+00
2.674854277437608729e+00 1.424004363767656933e+00 2.560227375644547720e+00 1.900000000000000000e+01 7.853620573204437294e-01 6.039999999999999813e-01 8.536092888742087270e-01 5.000000000000000000e+01
4.000000000000000888e+00 2.999999999999992895e+00 3.055050463303893071e+00 1.000000000000000000e+01 1.020577100283704741e+00 6.313131313131312705e-01 8.213449704934320250e-01 1.600000000000000000e+01
3.767404466638946126e+00 2.037560524025693987e+00 3.191817698551219884e+00 2.000000000000000000e+01 7.173821868090121123e-01 5.812169312169310764e-01 7.984425810812362245e-01 6.000000000000000000e+01
3.672779759179945813e+00 1.885444425880860919e+00 3.489421058527773845e+00 1.700000000000000000e+01 7.934715789414037435e-01 5.966266437964551361e-01 8.295524126205692239e-01 5.300000000000000000e+01
2.895846236466802281e+00 1.458693241153410147e+00 2.916702027461028468e+00 1.100000000000000000e+01 8.970640404119659683e-01 6.371527777777777901e-01 8.615515447445470931e-01 2.400000000000000000e+01
3.772614890255403974e+00 1.425139486785403919e+00 3.724467728661851940e+00 1.700000000000000000e+01 9.565266451676536219e-01 5.758673693456302090e-01 7.949079775347213106e-01 4.600000000000000000e+01
2.592561574380470191e+00 1.624504792712472501e+00 2.514568292895990709e+00 9.000000000000000000e+00 8.259777224177834443e-01 7.107894736842105265e-01 9.696205015573734487e-01 1.900000000000000000e+01
3.559226703186953333e+00 1.427756895617357857e+00 3.547674807577801737e+00 1.900000000000000000e+01 9.082361584400920895e-01 5.526923076923077049e-01 7.498465780810962267e-01 3.900000000000000000e+01
4.000000000000000888e+00 2.645751311064587163e+00 3.605551275463990013e+00 1.300000000000000000e+01 1.215479727280737610e+00 6.154336734693878208e-01 8.530269591389680883e-01 1.600000000000000000e+01
3.924229488077127126e+00 2.353070178480800134e+00 3.431121094254780068e+00 2.300000000000000000e+01 8.279774619476051312e-01 6.321373456790124745e-01 8.709680241388096933e-01 5.400000000000000000e+01
3.681199371346905114e+00 1.886859674220092709e+00 3.155082914990750442e+00 1.400000000000000000e+01 5.854241138714990633e-01 6.371794871794871362e-01 8.721241070659427885e-01 5.200000000000000000e+01
3.838535694618445238e+00 2.023695881835618771e+00 3.371815966276967558e+00 2.200000000000000000e+01 7.797638447201095113e-01 5.567315026697177149e-01 7.706659509617022064e-01 5.700000000000000000e+01
3.078524909812806687e+00 1.349282847673565433e+00 3.055511173043545359e+00 1.100000000000000000e+01 1.209178107341614572e+00 6.380208333333333703e-01 8.619365739126120252e-01 3.200000000000000000e+01
3.385378694047497916e+00 1.327294848196257870e+00 3.273964192399248407e+00 1.100000000000000000e+01 1.255211153796824242e+00 6.272702991452993038e-01 8.434697002741131655e-01 3.900000000000000000e+01
3.466546446899637424e+00 1.765751531980302769e+00 2.844456997088714356e+00 1.600000000000000000e+01 1.004624003613678873e+00 5.528223410576351693e-01 7.611679704814292569e-01 4.500000000000000000e+01
2.687602138126668372e+00 1.306749162069986481e+00 2.766677817937965855e+00 1.600000000000000000e+01 7.576484532324075927e-01 6.039753808899204213e-01 8.305763951301432524e-01 5.300000000000000000e+01
2.564177707973630316e+00 1.533674686838558232e+00 2.271788415666692984e+00 7.000000000000000000e+00 7.963416654041857168e-01 7.840624999999999956e-01 1.049346247812956046e+00 1.600000000000000000e+01
3.692026615371607701e+00 1.043403868715646388e+00 3.488169575815613044e+00 2.700000000000000000e+01 8.726773811713297579e-01 4.723032069970846125e-01 6.524438884563389385e-01 4.900000000000000000e+01
3.605551275463991789e+00 9.999999999999981126e-01 3.605551275463989125e+00 7.000000000000000000e+00 1.382721906277047275e+00 6.969230769230768674e-01 9.136152832143401570e-01 1.300000000000000000e+01
3.297407661567713255e+00 1.406978167340908081e+00 3.479959755644284503e+00 1.800000000000000000e+01 9.389602931815866915e-01 5.480796586059745179e-01 7.327502022654992508e-01 3.700000000000000000e+01
3.191864230236764133e+00 1.903653938715882177e+00 3.025580188866465292e+00 1.600000000000000000e+01 9.325870838387734230e-01 5.597784568372803360e-01 7.535566262587998221e-01 2.800000000000000000e+01
3.704455225148095998e+00 1.196231198851317012e+00 3.574655170881237520e+00 2.200000000000000000e+01 9.244214075108017070e-01 5.456049149338375592e-01 7.530848541972493537e-01 4.600000000000000000e+01
3.744322184659075070e+00 2.447628046356145504e+00 3.143871590825860984e+00 2.600000000000000000e+01 8.484409928321217098e-01 5.435978835978837465e-01 7.577990001102247186e-01 5.000000000000000000e+01
2.858773062041864321e+00 1.882941791130260833e+00 2.611240072555662817e+00 1.100000000000000000e+01 8.357597889095501609e-01 6.914583333333333970e-01 9.509794054887458215e-01 2.500000000000000000e+01
3.741657386773943994e+00 2.828427124746188515e+00 3.181980515339463800e+00 1.000000000000000000e+01 1.162409333533257705e+00 6.832611832611831248e-01 9.384867584228439030e-01 1.400000000000000000e+01
3.660041140215773314e+00 1.890754258170909363e+00 3.310992466734156370e+00 2.000000000000000000e+01 7.108086529630505135e-01 6.001511715797430702e-01 8.403921017073536781e-01 4.900000000000000000e+01
3.878454762297582459e+00 2.200784452341970177e+00 3.491601826560515764e+00 1.800000000000000000e+01 6.782952361455016899e-01 6.423728813559322903e-01 8.861027122757448860e-01 5.900000000000000000e+01
3.248864133333839277e+00 1.723660087317104406e+00 3.213774295405085191e+00 1.300000000000000000e+01 6.994837825032873546e-01 6.482593037214887666e-01 8.955758956751737054e-01 3.400000000000000000e+01
3.365865436338596250e+00 2.118686765243164682e+00 3.188158485669884357e+00 2.100000000000000000e+01 9.104255583737549395e-01 5.707070707070707183e-01 7.950409491367643744e-01 3.600000000000000000e+01
3.752555624996212646e+00 2.097948476761723580e+00 3.649452318458811906e+00 2.100000000000000000e+01 8.408702473657485577e-01 5.693296602387512007e-01 7.957529346750317201e-01 4.400000000000000000e+01
3.675458869769217873e+00 2.053983243642195422e+00 3.163527920937816429e+00 1.600000000000000000e+01 6.863058497514237244e-01 6.767550347024691160e-01 9.294782551073168531e-01 4.700000000000000000e+01
3.894436854511922785e+00 1.966307221637435765e+00 3.845320294227347446e+00 2.100000000000000000e+01 6.453203713868287394e-01 6.065922381711855715e-01 8.602132298797116050e-01 5.700000000000000000e+01
3.875700059961415089e+00 1.446125549591926518e+00 3.618677660015464870e+00 2.000000000000000000e+01 7.949211901971598992e-01 5.311521433970413097e-01 7.317752227168796697e-01 4.900000000000000000e+01
