1 1
2 2
3 3
4 3.8
5 4.57143
6 5.2381
7 5.87879
8 6.47086
9 7.03077
10 7.56273
11 8.07121
12 8.55806
13 9.02627
14 9.47796
15 9.91478
16 10.3381
17 10.749
18 11.1487
19 11.538
20 11.9177
21 12.2885
22 12.651
23 13.0057
24 13.3532
25 13.6938
26 14.028
27 14.3561
28 14.6784
29 14.9953
30 15.307
31 15.6137
32 15.9157
33 16.2133
34 16.5065
35 16.7957
36 17.0808
37 17.3622
38 17.64
39 17.9143
40 18.1852
41 18.4529
42 18.7174
43 18.9789
44 19.2375
45 19.4933
46 19.7464
47 19.9968
48 20.2446
49 20.49
50 20.7329
51 20.9736
52 21.2119
53 21.4481
54 21.6821
55 21.914
56 22.1439
57 22.3718
58 22.5977
59 22.8218
60 23.0441
61 23.2646
62 23.4833
63 23.7003
64 23.9157
65 24.1294
66 24.3415
67 24.5521
68 24.7612
69 24.9688
70 25.1749
71 25.3796
72 25.5829
73 25.7849
74 25.9855
75 26.1847
76 26.3827
77 26.5795
78 26.775
79 26.9692
80 27.1623
81 27.3543
82 27.545
83 27.7347
84 27.9232
85 28.1106
86 28.297
87 28.4823
88 28.6666
89 28.8499
90 29.0321
91 29.2134
92 29.3937
93 29.5731
94 29.7515
95 29.929
96 30.1056
97 30.2813
98 30.4561
99 30.6301
100 30.8032
101 30.9754
102 31.1468
103 31.3174
104 31.4872
105 31.6562
106 31.8245
107 31.9919
108 32.1586
109 32.3245
110 32.4897
111 32.6542
112 32.8179
113 32.9809
114 33.1433
115 33.3049
116 33.4658
117 33.6261
118 33.7857
119 33.9446
120 34.1029
121 34.2606
122 34.4176
123 34.574
124 34.7297
125 34.8849
126 35.0394
127 35.1934
128 35.3467
129 35.4995
130 35.6517
131 35.8033
132 35.9543
133 36.1048
134 36.2548
135 36.4042
136 36.553
137 36.7013
138 36.8491
139 36.9964
140 37.1431
141 37.2894
142 37.4351
143 37.5803
144 37.7251
145 37.8693
146 38.0131
147 38.1563
148 38.2991
149 38.4415
150 38.5833
151 38.7247
152 38.8657
153 39.0061
154 39.1462
155 39.2858
156 39.4249
157 39.5636
158 39.7019
159 39.8398
160 39.9772
161 40.1142
162 40.2508
163 40.387
164 40.5227
165 40.6581
166 40.7931
167 40.9276
168 41.0618
169 41.1956
170 41.329
171 41.462
172 41.5946
173 41.7269
174 41.8587
175 41.9903
176 42.1214
177 42.2522
178 42.3826
179 42.5126
180 42.6423
181 42.7717
182 42.9006
183 43.0293
184 43.1576
185 43.2856
186 43.4132
187 43.5405
188 43.6674
189 43.794
190 43.9203
191 44.0463
192 44.1719
193 44.2972
194 44.4222
195 44.5469
196 44.6713
197 44.7954
198 44.9191
199 45.0426
200 45.1657
201 45.2885
202 45.4111
203 45.5333
204 45.6553
205 45.7769
206 45.8983
207 46.0194
208 46.1401
209 46.2606
210 46.3809
211 46.5008
212 46.6205
213 46.7398
214 46.8589
215 46.9778
216 47.0963
217 47.2146
218 47.3327
219 47.4504
220 47.5679
221 47.6852
222 47.8021
223 47.9188
224 48.0353
225 48.1515
226 48.2674
227 48.3831
228 48.4986
229 48.6138
230 48.7287
231 48.8434
232 48.9579
233 49.0721
234 49.1861
235 49.2998
236 49.4133
237 49.5266
238 49.6396
239 49.7524
240 49.865
241 49.9773
242 50.0894
243 50.2013
244 50.313
245 50.4244
246 50.5356
247 50.6466
248 50.7574
249 50.8679
250 50.9782
251 51.0883
252 51.1982
253 51.3079
254 51.4174
255 51.5266
256 51.6357
257 51.7445
258 51.8531
259 51.9615
260 52.0697
261 52.1777
262 52.2855
263 52.3931
264 52.5005
265 52.6077
266 52.7147
267 52.8216
268 52.9282
269 53.0346
270 53.1408
271 53.2468
272 53.3526
273 53.4583
274 53.5637
275 53.669
276 53.7741
277 53.8789
278 53.9836
279 54.0881
280 54.1925
281 54.2966
282 54.4006
283 54.5044
284 54.608
285 54.7114
286 54.8146
287 54.9177
288 55.0206
289 55.1233
290 55.2258
291 55.3282
292 55.4304
293 55.5324
294 55.6343
295 55.7359
296 55.8374
297 55.9388
298 56.04
299 56.141
300 56.2418
301 56.3425
302 56.443
303 56.5433
304 56.6435
305 56.7435
306 56.8434
307 56.9431
308 57.0426
309 57.142
310 57.2412
311 57.3403
312 57.4392
313 57.5379
314 57.6365
315 57.7349
316 57.8332
317 57.9314
318 58.0293
319 58.1272
320 58.2248
321 58.3224
322 58.4197
323 58.517
324 58.6141
325 58.711
326 58.8078
327 58.9044
328 59.0009
329 59.0973
330 59.1935
331 59.2895
332 59.3854
333 59.4812
334 59.5768
335 59.6723
336 59.7677
337 59.8629
338 59.958
339 60.0529
340 60.1477
341 60.2424
342 60.3369
343 60.4313
344 60.5255
345 60.6196
346 60.7136
347 60.8075
348 60.9012
349 60.9948
350 61.0882
351 61.1815
352 61.2747
353 61.3678
354 61.4607
355 61.5535
356 61.6462
357 61.7387
358 61.8311
359 61.9234
360 62.0156
361 62.1076
362 62.1995
363 62.2913
364 62.3829
365 62.4745
366 62.5659
367 62.6572
368 62.7483
369 62.8394
370 62.9303
371 63.0211
372 63.1118
373 63.2023
374 63.2928
375 63.3831
376 63.4733
377 63.5634
378 63.6533
379 63.7432
380 63.8329
381 63.9225
382 64.012
383 64.1014
384 64.1907
385 64.2798
386 64.3689
387 64.4578
388 64.5466
389 64.6353
390 64.7239
391 64.8124
392 64.9007
393 64.989
394 65.0771
395 65.1652
396 65.2531
397 65.3409
398 65.4286
399 65.5162
400 65.6037
401 65.691
402 65.7783
403 65.8655
404 65.9525
405 66.0395
406 66.1263
407 66.2131
408 66.2997
409 66.3862
410 66.4727
411 66.559
412 66.6452
413 66.7313
414 66.8173
415 66.9032
416 66.989
417 67.0747
418 67.1603
419 67.2458
420 67.3312
421 67.4165
422 67.5017
423 67.5868
424 67.6718
425 67.7567
426 67.8415
427 67.9263
428 68.0109
429 68.0954
430 68.1798
431 68.2641
432 68.3483
433 68.4324
434 68.5165
435 68.6004
436 68.6842
437 68.768
438 68.8516
439 68.9352
440 69.0186
441 69.102
442 69.1853
443 69.2685
444 69.3516
445 69.4345
446 69.5174
447 69.6003
448 69.683
449 69.7656
450 69.8481
451 69.9306
452 70.0129
453 70.0952
454 70.1774
455 70.2595
456 70.3415
457 70.4234
458 70.5052
459 70.5869
460 70.6686
461 70.7501
462 70.8316
463 70.913
464 70.9943
465 71.0755
466 71.1566
467 71.2377
468 71.3186
469 71.3995
470 71.4803
471 71.561
472 71.6416
473 71.7221
474 71.8026
475 71.8829
476 71.9632
477 72.0434
478 72.1235
479 72.2035
480 72.2835
481 72.3633
482 72.4431
483 72.5228
484 72.6024
485 72.682
486 72.7614
487 72.8408
488 72.9201
489 72.9993
490 73.0784
491 73.1575
492 73.2365
493 73.3154
494 73.3942
495 73.4729
496 73.5516
497 73.6302
498 73.7087
499 73.7871
500 73.8654
