8.511755673926394650e+01 6.324555320336762598e+00 3.741657386773933336e+00 5.092010548749033916e+00 2.391304347826086918e+00 2.200000000000000000e+01 1.127848101265822756e+01 1.212500000000000000e+01 1.097999999999999972e+02 5.379240506329114169e+01 6.042499999999999716e+01 8.000000000000000000e+00 3.590909090909090828e+00 1.297096613469907345e+00 4.000000000000000000e+01
9.237653367846917263e+01 3.375437903527040984e+00 2.221656334876681793e+00 3.004506842820275914e+00 2.949999999999999734e+00 2.000000000000000000e+01 1.234177215189873422e+01 1.317500000000000071e+01 9.979999999999999716e+01 5.910886075949366614e+01 6.567499999999999716e+01 8.000000000000000000e+00 3.950000000000000178e+00 1.238074911981666748e+00 4.000000000000000000e+01
6.688292868944530767e+01 3.375437903527040984e+00 1.821767729641206035e+00 3.261338724138345579e+00 1.339682539682539586e+00 1.300000000000000000e+01 8.721518987341772444e+00 9.599999999999999645e+00 6.479999999999999716e+01 4.100759493670886258e+01 4.779999999999999716e+01 1.400000000000000000e+01 6.076923076923076650e+00 1.585949441023087214e+00 4.000000000000000000e+01
6.663521475058783494e+01 3.375437903527040984e+00 1.500498958513570624e+00 3.382316931753707401e+00 1.482204861111111160e+00 1.700000000000000000e+01 8.772151898734177777e+00 9.650000000000000355e+00 8.479999999999999716e+01 4.126075949367088214e+01 4.804999999999999716e+01 1.000000000000000000e+01 4.647058823529412130e+00 1.221391902752982261e+00 4.000000000000000000e+01
7.618812386437723205e+01 3.473953464439372585e+00 1.731177656227772310e+00 3.179914203394230032e+00 2.715789473684210531e+00 2.100000000000000000e+01 1.044303797468354489e+01 1.130000000000000071e+01 1.047999999999999972e+02 4.961518987341771947e+01 5.629999999999999716e+01 1.000000000000000000e+01 3.761904761904761862e+00 1.152727510820251489e+00 4.000000000000000000e+01
6.876707113528713933e+01 3.473953464439372585e+00 1.782602457966000919e+00 3.220859739137079902e+00 1.324561403508772051e+00 1.800000000000000000e+01 9.227848101265822223e+00 1.009999999999999964e+01 8.979999999999999716e+01 4.353924050632911502e+01 5.029999999999999716e+01 8.000000000000000000e+00 4.388888888888889284e+00 1.424428243054967291e+00 4.000000000000000000e+01
6.454232765186252152e+01 3.515112659837269060e+00 1.138005114873995582e+00 3.513547254175967360e+00 1.848739495798319421e+00 1.500000000000000000e+01 8.620253164556961778e+00 9.500000000000000000e+00 7.479999999999999716e+01 4.050126582278480925e+01 4.729999999999999716e+01 8.000000000000000000e+00 5.266666666666666607e+00 1.264706408752332756e+00 4.000000000000000000e+01
7.952624172460396323e+01 3.427873620019257661e+00 1.210058788045746292e+00 3.420812870835030495e+00 5.555555555555556246e+00 2.000000000000000000e+01 1.051898734177215111e+01 1.137500000000000000e+01 9.979999999999999716e+01 4.999493670886076302e+01 5.667499999999999716e+01 8.000000000000000000e+00 3.950000000000000178e+00 1.083771147124376943e+00 4.000000000000000000e+01
6.424706687296374241e+01 3.515112659837269060e+00 1.401934205084611529e+00 3.376672142177833180e+00 5.833333333333332593e-01 1.700000000000000000e+01 8.468354430379747555e+00 9.349999999999999645e+00 8.479999999999999716e+01 3.974177215189872925e+01 4.654999999999999716e+01 1.200000000000000000e+01 4.647058823529412130e+00 1.225710682480455782e+00 4.000000000000000000e+01
8.803061261351666644e+01 6.324555320336762598e+00 3.999999999999996003e+00 4.918078893226502046e+00 3.809523809523809312e+00 2.000000000000000000e+01 1.170886075949367111e+01 1.255000000000000071e+01 9.979999999999999716e+01 5.594430379746835058e+01 6.254999999999999716e+01 8.000000000000000000e+00 3.950000000000000178e+00 1.228085151468127911e+00 4.000000000000000000e+01
6.579005155965104734e+01 3.552343858581805236e+00 1.601186478522850676e+00 3.382327676172236952e+00 1.277192982456140546e+00 1.600000000000000000e+01 8.721518987341772444e+00 9.599999999999999645e+00 7.979999999999999716e+01 4.100759493670886258e+01 4.779999999999999716e+01 1.000000000000000000e+01 4.937500000000000000e+00 1.429408934342557558e+00 4.000000000000000000e+01
8.092642936445437840e+01 6.324555320336760822e+00 4.123105625617651704e+00 4.524443417183388050e+00 4.400000000000000355e+00 2.200000000000000000e+01 1.092405063291139200e+01 1.177500000000000036e+01 1.097999999999999972e+02 5.202025316455696213e+01 5.867499999999999716e+01 8.000000000000000000e+00 3.590909090909090828e+00 1.157099665758502649e+00 4.000000000000000000e+01
6.314816399205169972e+01 3.515112659837269060e+00 1.295668420148757161e+00 3.289374966778637610e+00 7.142857142857143016e-01 1.600000000000000000e+01 8.367088607594936889e+00 9.250000000000000000e+00 7.979999999999999716e+01 3.923544303797468302e+01 4.604999999999999716e+01 1.000000000000000000e+01 4.937500000000000000e+00 1.409061114697838901e+00 4.000000000000000000e+01
7.799457414352028195e+01 3.443857242552258668e+00 1.802403035606322534e+00 3.156075073278927334e+00 2.216761633428300016e+00 1.800000000000000000e+01 1.026582278481012622e+01 1.112500000000000000e+01 8.979999999999999716e+01 4.872911392405062969e+01 5.542499999999999716e+01 1.000000000000000000e+01 4.388888888888889284e+00 1.352356424662686463e+00 4.000000000000000000e+01
6.616318450744763879e+01 3.646778057984196852e+00 1.428786019963983911e+00 3.668619003933775158e+00 1.568627450980392135e+00 1.700000000000000000e+01 8.746835443037975111e+00 9.625000000000000000e+00 8.479999999999999716e+01 4.113417721518987946e+01 4.792499999999999716e+01 8.000000000000000000e+00 4.647058823529412130e+00 1.182076115332784783e+00 4.000000000000000000e+01
8.352002230533577176e+01 3.515112659837269060e+00 1.930782036686520708e+00 3.181665433777922214e+00 1.567226890756302504e+00 1.900000000000000000e+01 1.107594936708860800e+01 1.192500000000000071e+01 9.479999999999999716e+01 5.277974683544303502e+01 5.942499999999999716e+01 8.000000000000000000e+00 4.157894736842105310e+00 1.340600653719455471e+00 4.000000000000000000e+01
9.500117222840583509e+01 3.411189702003358359e+00 2.218533802402824495e+00 2.858977513784620950e+00 3.806372549019608531e+00 2.100000000000000000e+01 1.256962025316455644e+01 1.340000000000000036e+01 1.047999999999999972e+02 6.024810126582278258e+01 6.679999999999999716e+01 8.000000000000000000e+00 3.761904761904761862e+00 1.223709715974137913e+00 4.000000000000000000e+01
7.738207341356371671e+01 3.552343858581805236e+00 1.485990148839639424e+00 3.633414830774438720e+00 3.801709401709401526e+00 2.000000000000000000e+01 1.041772151898734222e+01 1.127500000000000036e+01 9.979999999999999716e+01 4.948860759493670969e+01 5.617499999999999716e+01 8.000000000000000000e+00 3.950000000000000178e+00 1.149470383279366681e+00 4.000000000000000000e+01
9.596023755232818075e+01 3.473953464439372585e+00 1.421880530037843426e+00 3.333591638054465456e+00 2.672302056917441160e+00 2.200000000000000000e+01 1.292405063291139200e+01 1.375000000000000000e+01 1.097999999999999972e+02 6.202025316455696213e+01 6.854999999999999716e+01 6.000000000000000000e+00 3.590909090909090828e+00 1.185210837888186930e+00 4.000000000000000000e+01
7.536166819182311372e+01 3.411189702003358359e+00 1.967570107900184828e+00 2.929326382709711574e+00 1.833333333333333481e+00 1.800000000000000000e+01 9.936708860759493334e+00 1.080000000000000071e+01 8.979999999999999716e+01 4.708354430379746702e+01 5.379999999999999716e+01 1.000000000000000000e+01 4.388888888888889284e+00 1.436676494839305374e+00 4.000000000000000000e+01
8.191152557830324099e+01 3.411189702003358359e+00 1.935965651970212198e+00 3.361686779278977522e+00 1.698039215686274472e+00 1.800000000000000000e+01 1.072151898734177244e+01 1.157499999999999929e+01 8.979999999999999716e+01 5.100759493670886258e+01 5.767499999999999716e+01 1.000000000000000000e+01 4.388888888888889284e+00 1.394479876242359806e+00 4.000000000000000000e+01
5.137440585425922279e+01 3.443857242552258668e+00 1.318588709661507430e+00 3.263124192249752031e+00 7.675438596491228616e-01 1.300000000000000000e+01 6.797468354430379556e+00 7.700000000000000178e+00 6.479999999999999716e+01 3.138734177215189902e+01 3.829999999999999716e+01 1.400000000000000000e+01 6.076923076923076650e+00 1.242625181167921866e+00 4.000000000000000000e+01
5.870951426221007097e+01 3.375437903527040984e+00 1.806565431234990582e+00 2.914465557945349339e+00 1.507029478458049798e+00 1.200000000000000000e+01 7.708860759493671111e+00 8.599999999999999645e+00 5.979999999999999716e+01 3.594430379746835058e+01 4.279999999999999716e+01 1.200000000000000000e+01 6.583333333333333037e+00 1.623435980206512586e+00 4.000000000000000000e+01
6.195587234178071157e+01 3.375437903527040984e+00 1.761802981511739086e+00 2.971147342254987667e+00 1.250793650793650791e+00 1.300000000000000000e+01 8.189873417721518223e+00 9.074999999999999289e+00 6.479999999999999716e+01 3.834936708860759325e+01 4.517499999999999716e+01 1.000000000000000000e+01 6.076923076923076650e+00 1.616856322843797322e+00 4.000000000000000000e+01
7.902874357357485735e+01 3.473953464439372585e+00 1.859291866106441482e+00 3.282010865657631005e+00 2.088034188034188166e+00 2.000000000000000000e+01 1.049367088607595022e+01 1.134999999999999964e+01 9.979999999999999716e+01 4.986835443037974613e+01 5.654999999999999716e+01 6.000000000000000000e+00 3.950000000000000178e+00 1.346566408336788978e+00 4.000000000000000000e+01
8.028706566833801617e+01 3.314454017339988567e+00 2.053136413658843917e+00 3.031566790853116977e+00 2.421052631578947345e+00 1.700000000000000000e+01 1.049367088607595022e+01 1.134999999999999964e+01 8.479999999999999716e+01 4.986835443037974613e+01 5.654999999999999716e+01 8.000000000000000000e+00 4.647058823529412130e+00 1.416408835098988517e+00 4.000000000000000000e+01
7.982820657876642656e+01 3.411189702003358359e+00 2.043501419628634963e+00 3.153484059967104347e+00 2.425653594771242094e+00 1.800000000000000000e+01 1.056962025316455644e+01 1.142500000000000071e+01 8.979999999999999716e+01 5.024810126582278258e+01 5.692499999999999716e+01 8.000000000000000000e+00 4.388888888888889284e+00 1.364483023262683226e+00 4.000000000000000000e+01
7.370741921648000528e+01 3.335914189305272171e+00 1.670655517167435766e+00 3.392471356958099982e+00 2.342857142857142971e+00 2.000000000000000000e+01 9.835443037974682667e+00 1.069999999999999929e+01 9.979999999999999716e+01 4.657721518987341369e+01 5.329999999999999716e+01 8.000000000000000000e+00 3.950000000000000178e+00 1.295272019817603759e+00 4.000000000000000000e+01
8.216532091856825559e+01 3.443857242552258668e+00 2.188061651325982737e+00 2.861220992534920349e+00 3.395833333333333481e+00 2.000000000000000000e+01 1.112658227848101333e+01 1.197499999999999964e+01 9.979999999999999716e+01 5.303291139240506169e+01 5.967499999999999716e+01 8.000000000000000000e+00 3.950000000000000178e+00 1.276177151886333627e+00 4.000000000000000000e+01
7.104422260976295433e+01 3.443857242552258668e+00 1.818735394018928142e+00 3.119045341045688868e+00 1.444791666666666696e+00 1.600000000000000000e+01 9.379746835443038222e+00 1.025000000000000000e+01 7.979999999999999716e+01 4.429873417721519502e+01 5.104999999999999716e+01 1.000000000000000000e+01 4.937500000000000000e+00 1.435605322465009603e+00 4.000000000000000000e+01
9.668789851534761226e+01 3.473953464439372585e+00 2.043965377464613375e+00 3.334675872117544682e+00 2.343891402714931793e+00 2.000000000000000000e+01 1.254430379746835378e+01 1.337500000000000000e+01 9.979999999999999716e+01 6.012151898734177280e+01 6.667499999999999716e+01 1.200000000000000000e+01 3.950000000000000178e+00 1.329196329964824841e+00 4.000000000000000000e+01
8.844296854048928935e+01 3.427873620019257661e+00 1.358019080485783903e+00 3.229104711231812530e+00 1.685828877005347337e+00 2.000000000000000000e+01 1.188607594936708800e+01 1.272499999999999964e+01 9.979999999999999716e+01 5.683037974683544746e+01 6.342499999999999716e+01 6.000000000000000000e+00 3.950000000000000178e+00 1.222971840676168043e+00 4.000000000000000000e+01
8.698059834781798827e+01 3.473953464439372585e+00 2.148147388304088246e+00 2.978114631317138272e+00 2.564593301435406758e+00 2.200000000000000000e+01 1.168354430379746844e+01 1.252500000000000036e+01 1.097999999999999972e+02 5.581772151898734080e+01 6.242499999999999716e+01 6.000000000000000000e+00 3.590909090909090828e+00 1.181056239204084424e+00 4.000000000000000000e+01
8.301173897106818345e+01 6.324555320336762598e+00 4.123105625617652592e+00 4.740315204213123579e+00 4.200000000000000178e+00 2.000000000000000000e+01 1.120253164556961956e+01 1.205000000000000071e+01 9.979999999999999716e+01 5.341265822784809814e+01 6.004999999999999716e+01 6.000000000000000000e+00 3.950000000000000178e+00 1.219805841635225541e+00 4.000000000000000000e+01
9.557186123476492412e+01 3.552343858581805236e+00 2.078186837268360065e+00 3.322291411830548213e+00 1.974444444444444446e+00 2.200000000000000000e+01 1.256962025316455644e+01 1.340000000000000036e+01 1.097999999999999972e+02 6.024810126582278258e+01 6.679999999999999716e+01 8.000000000000000000e+00 3.590909090909090828e+00 1.258052897715671747e+00 4.000000000000000000e+01
7.009307043217332023e+01 3.346195160597230434e+00 1.933182044931762267e+00 2.960263252317050675e+00 2.563333333333333464e+00 1.800000000000000000e+01 9.354430379746835555e+00 1.022499999999999964e+01 8.979999999999999716e+01 4.417215189873417813e+01 5.092499999999999716e+01 1.000000000000000000e+01 4.388888888888889284e+00 1.325767872454771013e+00 4.000000000000000000e+01
8.100974241263045883e+01 3.443857242552258668e+00 2.200975232410580240e+00 2.979676612364601684e+00 3.000000000000000000e+00 1.700000000000000000e+01 1.069620253164556978e+01 1.155000000000000071e+01 8.479999999999999716e+01 5.088101265822784569e+01 5.754999999999999716e+01 1.000000000000000000e+01 4.647058823529412130e+00 1.408261119796468286e+00 4.000000000000000000e+01
5.610939841365371450e+01 3.375437903527040984e+00 1.381558355489196810e+00 3.316068858025298827e+00 2.437500000000000000e+00 1.200000000000000000e+01 7.329113924050632889e+00 8.224999999999999645e+00 5.979999999999999716e+01 3.404556962025316125e+01 4.092499999999999716e+01 1.400000000000000000e+01 6.583333333333333037e+00 1.062288729092968786e+00 4.000000000000000000e+01
6.432966823525165978e+01 3.443857242552258668e+00 1.759100087065504470e+00 2.990352950032149071e+00 1.615079365079364893e+00 1.600000000000000000e+01 8.417721518987342222e+00 9.300000000000000711e+00 7.979999999999999716e+01 3.948860759493670969e+01 4.629999999999999716e+01 1.400000000000000000e+01 4.937500000000000000e+00 1.289453853673462325e+00 4.000000000000000000e+01
7.071331616225995731e+01 3.443857242552258668e+00 2.016140477002260400e+00 3.277963967477970808e+00 5.528009259259259345e+00 1.800000000000000000e+01 9.481012658227848888e+00 1.034999999999999964e+01 8.979999999999999716e+01 4.480506329113924124e+01 5.154999999999999716e+01 8.000000000000000000e+00 4.388888888888889284e+00 1.344081037093956432e+00 4.000000000000000000e+01
1.064357984016565837e+02 3.515112659837269060e+00 1.953657828182346456e+00 3.730582613257935609e+00 2.674725274725274993e+00 2.600000000000000000e+01 1.411392405063291200e+01 1.492500000000000071e+01 1.298000000000000114e+02 6.796962025316454969e+01 7.442499999999999716e+01 6.000000000000000000e+00 3.038461538461538325e+00 1.127419524854258004e+00 4.000000000000000000e+01
9.194446431436053047e+01 3.411189702003358359e+00 2.043501419628634963e+00 3.232044311614603593e+00 2.085294117647058965e+00 1.900000000000000000e+01 1.196202531645569600e+01 1.280000000000000071e+01 9.479999999999999716e+01 5.721012658227848391e+01 6.379999999999999716e+01 1.000000000000000000e+01 4.157894736842105310e+00 1.364497354321470013e+00 4.000000000000000000e+01
8.843204249442592868e+01 3.443857242552258668e+00 2.138735171683736169e+00 3.125026678702721217e+00 4.671296296296295836e+00 2.000000000000000000e+01 1.163291139240506311e+01 1.247499999999999964e+01 9.979999999999999716e+01 5.556455696202531414e+01 6.217499999999999716e+01 1.000000000000000000e+01 3.950000000000000178e+00 1.311347842807212727e+00 4.000000000000000000e+01
9.884098870130488024e+01 3.552343858581805236e+00 2.493847212606740360e+00 3.230268338827070540e+00 1.409166666666666679e+01 2.500000000000000000e+01 1.332911392405063289e+01 1.415000000000000036e+01 1.247999999999999972e+02 6.404556962025316125e+01 7.054999999999999716e+01 6.000000000000000000e+00 3.160000000000000142e+00 1.131578987199837183e+00 4.000000000000000000e+01
7.353607884554557472e+01 3.402564240911784665e+00 2.211569123772132883e+00 2.997679026654630707e+00 3.492045454545455119e+00 1.700000000000000000e+01 9.784810126582279111e+00 1.065000000000000036e+01 8.479999999999999716e+01 4.632405063291139413e+01 5.304999999999999716e+01 6.000000000000000000e+00 4.647058823529412130e+00 1.385746509732186826e+00 4.000000000000000000e+01
5.894896043633801241e+01 3.300951334040937990e+00 1.722924867336960597e+00 2.966301573121139068e+00 1.826086956521739024e+00 1.500000000000000000e+01 7.860759493670886222e+00 8.750000000000000000e+00 7.479999999999999716e+01 3.670379746835443058e+01 4.354999999999999716e+01 1.000000000000000000e+01 5.266666666666666607e+00 1.397574927346299845e+00 4.000000000000000000e+01
9.315524139820946914e+01 3.515112659837269060e+00 2.127442900317824570e+00 3.456192651931310422e+00 2.940476190476190688e+00 2.600000000000000000e+01 1.251898734177215111e+01 1.334999999999999964e+01 1.298000000000000114e+02 5.999493670886076302e+01 6.654999999999999716e+01 6.000000000000000000e+00 3.038461538461538325e+00 1.136005579375003682e+00 4.000000000000000000e+01
1.037384816115513786e+02 3.443857242552258668e+00 2.357294960503240500e+00 2.972471276679048646e+00 3.778472222222222232e+00 2.300000000000000000e+01 1.386075949367088533e+01 1.467500000000000071e+01 1.147999999999999972e+02 6.670379746835443768e+01 7.317499999999999716e+01 6.000000000000000000e+00 3.434782608695652328e+00 1.195573665992509804e+00 4.000000000000000000e+01
8.440498571387870186e+01 6.324555320336762598e+00 3.605551275463978911e+00 5.225676253624241596e+00 1.500000000000000000e+00 2.100000000000000000e+01 1.115189873417721600e+01 1.200000000000000000e+01 1.047999999999999972e+02 5.315949367088607858e+01 5.979999999999999716e+01 8.000000000000000000e+00 3.761904761904761862e+00 1.284534794904181210e+00 4.000000000000000000e+01
6.706873757015740978e+01 3.473953464439372585e+00 1.817743753329530865e+00 3.008120201443044817e+00 1.164086687306501444e+00 1.500000000000000000e+01 8.898734177215189334e+00 9.775000000000000355e+00 7.479999999999999716e+01 4.189367088607594525e+01 4.867499999999999716e+01 1.000000000000000000e+01 5.266666666666666607e+00 1.522179196504298782e+00 4.000000000000000000e+01
9.087612406028848966e+01 3.586363173595479736e+00 2.138976544428808246e+00 3.514211483527754698e+00 2.443452380952380931e+00 1.800000000000000000e+01 1.183544303797468267e+01 1.267500000000000071e+01 8.979999999999999716e+01 5.657721518987341369e+01 6.317499999999999716e+01 1.200000000000000000e+01 4.388888888888889284e+00 1.336213441782154288e+00 4.000000000000000000e+01
9.190069513672645485e+01 3.552343858581805236e+00 2.105845050955220898e+00 3.545048823299830065e+00 4.359999999999999432e+00 2.000000000000000000e+01 1.208860759493670933e+01 1.292500000000000071e+01 9.979999999999999716e+01 5.784303797468354702e+01 6.442499999999999716e+01 8.000000000000000000e+00 3.950000000000000178e+00 1.274694550203318899e+00 4.000000000000000000e+01
9.487734716503595678e+01 3.473953464439372585e+00 2.071933214009505697e+00 3.428232297158852138e+00 2.130952380952380931e+00 1.900000000000000000e+01 1.236708860759493689e+01 1.319999999999999929e+01 9.479999999999999716e+01 5.923544303797468302e+01 6.579999999999999716e+01 1.000000000000000000e+01 4.157894736842105310e+00 1.345401534582011394e+00 4.000000000000000000e+01
5.979286609351448334e+01 3.411189702003358359e+00 1.481309481210081325e+00 3.099058246845788123e+00 1.259515570934256257e+00 1.700000000000000000e+01 7.987341772151898667e+00 8.875000000000000000e+00 8.479999999999999716e+01 3.733670886075949369e+01 4.417499999999999716e+01 1.000000000000000000e+01 4.647058823529412130e+00 1.145079376435480079e+00 4.000000000000000000e+01
8.835747741508484410e+01 3.411189702003358359e+00 2.250151742440450242e+00 3.002917328354934412e+00 3.408496732026143228e+00 2.200000000000000000e+01 1.168354430379746844e+01 1.252500000000000036e+01 1.097999999999999972e+02 5.581772151898734080e+01 6.242499999999999716e+01 8.000000000000000000e+00 3.590909090909090828e+00 1.239831246064063475e+00 4.000000000000000000e+01
8.727663605737714647e+01 3.473953464439372585e+00 2.019153165553772222e+00 3.270626079317321189e+00 2.197802197802197988e+00 1.800000000000000000e+01 1.140506329113924089e+01 1.225000000000000000e+01 8.979999999999999716e+01 5.442531645569619769e+01 6.104999999999999716e+01 1.000000000000000000e+01 4.388888888888889284e+00 1.452359962077476974e+00 4.000000000000000000e+01
9.923927538066726584e+01 6.324555320336764375e+00 4.123105625617657033e+00 5.075894589365791632e+00 4.200000000000000178e+00 2.200000000000000000e+01 1.300000000000000000e+01 1.382499999999999929e+01 1.097999999999999972e+02 6.239999999999999858e+01 6.892499999999999716e+01 8.000000000000000000e+00 3.590909090909090828e+00 1.269436490928907979e+00 4.000000000000000000e+01
1.019531643496158608e+02 3.443857242552258668e+00 2.394150907079333646e+00 3.029767573292269311e+00 4.333333333333333037e+00 2.300000000000000000e+01 1.350632911392404978e+01 1.432499999999999929e+01 1.147999999999999972e+02 6.493164556962025813e+01 7.142499999999999716e+01 6.000000000000000000e+00 3.434782608695652328e+00 1.195643636525191011e+00 4.000000000000000000e+01
7.713208459395943351e+01 3.515112659837269060e+00 1.407901081844134650e+00 3.414962453643668461e+00 2.028571428571428914e+00 2.100000000000000000e+01 1.049367088607595022e+01 1.134999999999999964e+01 1.047999999999999972e+02 4.986835443037974613e+01 5.654999999999999716e+01 8.000000000000000000e+00 3.761904761904761862e+00 1.207102200214825061e+00 4.000000000000000000e+01
6.809298649833905870e+01 3.473953464439372585e+00 1.136659144139363864e+00 3.719953333334773848e+00 2.115384615384615419e+00 1.500000000000000000e+01 8.924050632911392000e+00 9.800000000000000711e+00 7.479999999999999716e+01 4.202025316455696213e+01 4.879999999999999716e+01 1.000000000000000000e+01 5.266666666666666607e+00 1.150204398632092673e+00 4.000000000000000000e+01
6.687503335172743846e+01 3.473953464439372585e+00 1.376274510786035021e+00 3.256839142950056498e+00 1.728355957767722550e+00 1.700000000000000000e+01 8.822784810126583110e+00 9.699999999999999289e+00 8.479999999999999716e+01 4.151392405063290880e+01 4.829999999999999716e+01 8.000000000000000000e+00 4.647058823529412130e+00 1.183874600102697627e+00 4.000000000000000000e+01
6.675437456667296487e+01 3.346195160597230434e+00 1.884854394289733781e+00 3.145106848977961000e+00 1.857142857142856984e+00 1.400000000000000000e+01 8.797468354430380444e+00 9.675000000000000711e+00 6.979999999999999716e+01 4.138734177215189902e+01 4.817499999999999716e+01 1.000000000000000000e+01 5.642857142857143238e+00 1.668769724957680944e+00 4.000000000000000000e+01
6.797667824316913254e+01 3.411189702003358359e+00 1.776480587275393930e+00 3.156873059995307873e+00 1.439863445378151141e+00 1.600000000000000000e+01 9.101265822784810666e+00 9.974999999999999645e+00 7.979999999999999716e+01 4.290632911392405191e+01 4.967499999999999716e+01 1.000000000000000000e+01 4.937500000000000000e+00 1.428759037864187231e+00 4.000000000000000000e+01
5.771244122986582425e+01 3.335914189305272171e+00 1.336127074880017807e+00 3.327661806977323167e+00 1.760000000000000009e+00 1.300000000000000000e+01 7.556962025316456000e+00 8.449999999999999289e+00 6.479999999999999716e+01 3.518481012658227769e+01 4.204999999999999716e+01 1.000000000000000000e+01 6.076923076923076650e+00 1.073616740902049838e+00 4.000000000000000000e+01
7.296285722450073763e+01 3.346195160597230434e+00 1.899079049136624953e+00 3.105445993157958107e+00 1.653571428571428470e+00 1.700000000000000000e+01 9.683544303797468444e+00 1.055000000000000071e+01 8.479999999999999716e+01 4.581772151898734080e+01 5.254999999999999716e+01 8.000000000000000000e+00 4.647058823529412130e+00 1.409015166374091299e+00 4.000000000000000000e+01
1.001398117512706563e+02 3.617704769439423984e+00 2.476292314389882510e+00 3.031991343237109948e+00 4.873949579831933221e+00 2.300000000000000000e+01 1.355696202531645511e+01 1.437500000000000000e+01 1.147999999999999972e+02 6.518481012658227769e+01 7.167499999999999716e+01 8.000000000000000000e+00 3.434782608695652328e+00 1.172193908709804333e+00 4.000000000000000000e+01
5.675173018337533648e+01 3.352229939440702022e+00 1.720142020002151773e+00 3.007665605364043593e+00 6.755555555555555758e-01 1.200000000000000000e+01 7.506329113924050667e+00 8.400000000000000355e+00 5.979999999999999716e+01 3.493164556962025102e+01 4.179999999999999716e+01 1.400000000000000000e+01 6.583333333333333037e+00 1.745341934759171876e+00 4.000000000000000000e+01
6.315370616298690720e+01 3.375437903527040984e+00 1.853083307892006815e+00 2.922754251136727710e+00 1.790842490842490697e+00 1.600000000000000000e+01 8.518987341772151112e+00 9.400000000000000355e+00 7.979999999999999716e+01 3.999493670886076302e+01 4.679999999999999716e+01 1.000000000000000000e+01 4.937500000000000000e+00 1.340314499717741414e+00 4.000000000000000000e+01
6.195811177431601635e+01 3.443857242552258668e+00 1.657433125965037668e+00 3.200557010746048370e+00 1.666666666666666741e+00 1.400000000000000000e+01 8.215189873417720889e+00 9.099999999999999645e+00 6.979999999999999716e+01 3.847594936708861013e+01 4.529999999999999716e+01 1.000000000000000000e+01 5.642857142857143238e+00 1.369729853436651545e+00 4.000000000000000000e+01
6.060026219373730072e+01 3.501871511350208799e+00 1.705321759141655624e+00 3.215393889886912770e+00 1.814285714285714279e+00 1.700000000000000000e+01 8.139240506329114666e+00 9.025000000000000355e+00 8.479999999999999716e+01 3.809620253164556658e+01 4.492499999999999716e+01 1.200000000000000000e+01 4.647058823529412130e+00 1.238642322497758963e+00 4.000000000000000000e+01
7.157882308915590386e+01 6.324555320336762598e+00 3.741657386773933336e+00 4.682795258023931595e+00 2.391304347826086918e+00 1.800000000000000000e+01 9.683544303797468444e+00 1.055000000000000071e+01 8.979999999999999716e+01 4.581772151898734080e+01 5.254999999999999716e+01 8.000000000000000000e+00 4.388888888888889284e+00 1.327372779279903270e+00 4.000000000000000000e+01
1.084737999873836856e+02 3.473953464439372585e+00 2.377895603093205246e+00 3.101348252341094014e+00 3.210256410256410398e+00 2.400000000000000000e+01 1.429113924050632889e+01 1.509999999999999964e+01 1.197999999999999972e+02 6.885569620253164658e+01 7.529999999999999716e+01 6.000000000000000000e+00 3.291666666666666519e+00 1.172441434102345026e+00 4.000000000000000000e+01
9.601537682212872937e+01 3.411189702003358359e+00 2.218533802402824495e+00 3.008397783500659894e+00 2.910695187165775355e+00 2.100000000000000000e+01 1.272151898734177244e+01 1.355000000000000071e+01 1.047999999999999972e+02 6.100759493670886258e+01 6.754999999999999716e+01 8.000000000000000000e+00 3.761904761904761862e+00 1.217789401957021456e+00 4.000000000000000000e+01
7.890939842560679551e+01 3.279716080596870142e+00 1.958900299466669326e+00 3.169845658654191212e+00 2.393939393939394034e+00 1.700000000000000000e+01 1.026582278481012622e+01 1.112500000000000000e+01 8.479999999999999716e+01 4.872911392405062969e+01 5.542499999999999716e+01 1.200000000000000000e+01 4.647058823529412130e+00 1.522312776667534617e+00 4.000000000000000000e+01
5.665444370880307190e+01 2.430710570620359778e+00 1.020690583919849015e+00 2.657977294960131243e+00 9.914656771799628121e-01 1.300000000000000000e+01 7.379746835443038222e+00 8.275000000000000355e+00 6.479999999999999716e+01 3.429873417721519502e+01 4.117499999999999716e+01 1.200000000000000000e+01 6.076923076923076650e+00 1.236678181450341807e+00 4.000000000000000000e+01
6.818762191287326857e+01 3.411189702003358359e+00 1.750396258794105764e+00 3.075049984402960845e+00 1.258362168396770286e+00 1.800000000000000000e+01 9.050632911392405333e+00 9.925000000000000711e+00 8.979999999999999716e+01 4.265316455696202524e+01 4.942499999999999716e+01 8.000000000000000000e+00 4.388888888888889284e+00 1.323118416435450362e+00 4.000000000000000000e+01
5.874788053514313901e+01 3.375437903527040984e+00 1.633177457717500003e+00 2.962274303734619973e+00 1.090773809523809534e+00 1.400000000000000000e+01 7.734177215189873777e+00 8.625000000000000000e+00 6.979999999999999716e+01 3.607088607594936747e+01 4.292499999999999716e+01 1.000000000000000000e+01 5.642857142857143238e+00 1.498851234677557542e+00 4.000000000000000000e+01
8.066395794467096891e+01 3.443857242552258668e+00 2.053983243642192313e+00 3.224357484480259384e+00 2.086894586894586734e+00 1.700000000000000000e+01 1.054430379746835378e+01 1.140000000000000036e+01 8.479999999999999716e+01 5.012151898734177280e+01 5.679999999999999716e+01 1.000000000000000000e+01 4.647058823529412130e+00 1.490996637084511800e+00 4.000000000000000000e+01
7.057818903717038950e+01 3.552343858581805236e+00 1.561003627668688054e+00 3.507427825684193756e+00 1.355555555555555403e+00 1.600000000000000000e+01 9.278481012658227556e+00 1.015000000000000036e+01 7.979999999999999716e+01 4.379240506329114169e+01 5.054999999999999716e+01 1.000000000000000000e+01 4.937500000000000000e+00 1.351664715606209155e+00 4.000000000000000000e+01
6.244255861071869163e+01 2.521757574239155364e+00 1.111918827229862794e+00 2.479980506953561648e+00 1.942307692307692291e+00 1.700000000000000000e+01 8.316455696202531556e+00 9.199999999999999289e+00 8.479999999999999716e+01 3.898227848101266346e+01 4.579999999999999716e+01 1.400000000000000000e+01 4.647058823529412130e+00 1.182650321707124697e+00 4.000000000000000000e+01
9.024517568299334869e+01 3.411189702003358359e+00 2.091279105182546783e+00 2.990296737208931077e+00 3.147058823529411686e+00 2.100000000000000000e+01 1.186075949367088533e+01 1.269999999999999929e+01 1.047999999999999972e+02 5.670379746835443058e+01 6.329999999999999716e+01 8.000000000000000000e+00 3.761904761904761862e+00 1.286936030046789359e+00 4.000000000000000000e+01
5.084431166761621768e+01 3.402564240911784665e+00 1.716149799509822493e+00 2.956255690791984136e+00 1.154545454545454541e+00 1.100000000000000000e+01 6.721518987341772444e+00 7.625000000000000000e+00 5.479999999999999716e+01 3.100759493670886258e+01 3.792499999999999716e+01 1.400000000000000000e+01 7.181818181818181657e+00 1.332824047440947623e+00 4.000000000000000000e+01
7.795657695519190611e+01 3.586363173595479736e+00 1.594262540338370338e+00 3.259073086464252977e+00 1.966145833333333481e+00 2.000000000000000000e+01 1.054430379746835378e+01 1.140000000000000036e+01 9.979999999999999716e+01 5.012151898734177280e+01 5.679999999999999716e+01 8.000000000000000000e+00 3.950000000000000178e+00 1.275233887552848833e+00 4.000000000000000000e+01
7.659706180726242053e+01 3.515112659837269060e+00 2.032058546522398146e+00 3.230129452010596758e+00 3.114718614718614553e+00 1.800000000000000000e+01 1.016455696202531733e+01 1.102500000000000036e+01 8.979999999999999716e+01 4.822278481012658347e+01 5.492499999999999716e+01 8.000000000000000000e+00 4.388888888888889284e+00 1.306976517866722531e+00 4.000000000000000000e+01
7.833370946396485124e+01 3.443857242552258668e+00 1.916434130381950540e+00 3.166702532153292893e+00 1.618055555555555580e+00 1.500000000000000000e+01 1.026582278481012622e+01 1.112500000000000000e+01 7.479999999999999716e+01 4.872911392405062969e+01 5.542499999999999716e+01 1.200000000000000000e+01 5.266666666666666607e+00 1.544673243981536270e+00 4.000000000000000000e+01
6.236654103049038866e+01 3.473953464439372585e+00 1.471253954597446345e+00 3.046526710325927034e+00 1.086080586080586219e+00 1.300000000000000000e+01 8.113924050632912000e+00 9.000000000000000000e+00 6.479999999999999716e+01 3.796962025316455680e+01 4.479999999999999716e+01 1.200000000000000000e+01 6.076923076923076650e+00 1.133187675802682870e+00 4.000000000000000000e+01
8.097381308182551152e+01 3.411189702003358359e+00 2.109336905165155152e+00 3.041026559082131708e+00 2.705882352941176627e+00 1.800000000000000000e+01 1.084810126582278400e+01 1.169999999999999929e+01 8.979999999999999716e+01 5.164050632911392569e+01 5.829999999999999716e+01 1.000000000000000000e+01 4.388888888888889284e+00 1.352356641782614277e+00 4.000000000000000000e+01
8.688554367326034367e+01 3.515112659837269060e+00 1.507837806186591134e+00 3.371881675509720289e+00 1.042857142857142927e+00 2.100000000000000000e+01 1.148101265822784889e+01 1.232499999999999929e+01 1.047999999999999972e+02 5.480506329113924124e+01 6.142499999999999716e+01 8.000000000000000000e+00 3.761904761904761862e+00 1.269936737008418470e+00 4.000000000000000000e+01
7.478914980996664497e+01 3.411189702003358359e+00 2.254225489368447466e+00 2.882336929536297720e+00 2.949159663865546399e+00 1.900000000000000000e+01 1.016455696202531733e+01 1.102500000000000036e+01 9.479999999999999716e+01 4.822278481012658347e+01 5.492499999999999716e+01 8.000000000000000000e+00 4.157894736842105310e+00 1.187482328265875964e+00 4.000000000000000000e+01
7.511905765226205745e+01 3.375437903527040984e+00 1.878360207088623168e+00 2.974814588802673132e+00 1.580729166666666519e+00 1.700000000000000000e+01 9.911392405063290667e+00 1.077500000000000036e+01 8.479999999999999716e+01 4.695696202531645724e+01 5.367499999999999716e+01 8.000000000000000000e+00 4.647058823529412130e+00 1.488953248228244153e+00 4.000000000000000000e+01
7.406556436458463111e+01 3.443857242552258668e+00 2.053983243642192313e+00 3.150832022904985763e+00 2.388888888888888840e+00 1.600000000000000000e+01 9.784810126582279111e+00 1.065000000000000036e+01 7.979999999999999716e+01 4.632405063291139413e+01 5.304999999999999716e+01 8.000000000000000000e+00 4.937500000000000000e+00 1.443613984804825057e+00 4.000000000000000000e+01
7.243034179100395420e+01 3.552343858581805236e+00 1.137802099012128032e+00 3.807307877431755916e+00 1.540740740740740744e+00 2.000000000000000000e+01 9.835443037974682667e+00 1.069999999999999929e+01 9.979999999999999716e+01 4.657721518987341369e+01 5.329999999999999716e+01 8.000000000000000000e+00 3.950000000000000178e+00 1.184141343244500488e+00 4.000000000000000000e+01
7.408936509794149572e+01 3.375437903527040984e+00 2.126565783894683648e+00 2.764872591049948980e+00 2.537500000000000089e+00 2.000000000000000000e+01 9.860759493670885334e+00 1.072499999999999964e+01 9.979999999999999716e+01 4.670379746835443058e+01 5.342499999999999716e+01 8.000000000000000000e+00 3.950000000000000178e+00 1.160172712063855416e+00 4.000000000000000000e+01
8.643039705500521563e+01 3.617704769439423984e+00 2.128544141513449617e+00 3.390406981087680904e+00 2.000000000000000000e+00 2.000000000000000000e+01 1.148101265822784889e+01 1.232499999999999929e+01 9.979999999999999716e+01 5.480506329113924124e+01 6.142499999999999716e+01 8.000000000000000000e+00 3.950000000000000178e+00 1.311219838315890618e+00 4.000000000000000000e+01
6.140887490123548531e+01 3.314454017339988567e+00 1.671709685580632376e+00 2.985142548302798904e+00 1.343421052631579071e+00 1.500000000000000000e+01 8.139240506329114666e+00 9.025000000000000355e+00 7.479999999999999716e+01 3.809620253164556658e+01 4.492499999999999716e+01 1.200000000000000000e+01 5.266666666666666607e+00 1.420416927862024448e+00 4.000000000000000000e+01
1.105229224397481289e+02 6.324555320336762598e+00 4.582575694955831835e+00 4.995235825502229332e+00 8.250000000000000000e+00 2.500000000000000000e+01 1.472151898734177244e+01 1.552500000000000036e+01 1.247999999999999972e+02 7.100759493670885547e+01 7.742499999999999716e+01 6.000000000000000000e+00 3.160000000000000142e+00 1.155126715121663317e+00 4.000000000000000000e+01
6.060245471346374302e+01 3.501871511350208799e+00 1.832765819782710581e+00 3.184415595820845102e+00 1.694285714285714395e+00 1.400000000000000000e+01 7.962025316455696000e+00 8.849999999999999645e+00 6.979999999999999716e+01 3.721012658227848391e+01 4.404999999999999716e+01 1.200000000000000000e+01 5.642857142857143238e+00 1.341677957791633347e+00 4.000000000000000000e+01
6.268769562405786644e+01 3.527919570223205792e+00 1.824321949414648980e+00 3.240351764682881885e+00 2.070381998953427338e+00 1.300000000000000000e+01 8.265822784810126223e+00 9.150000000000000355e+00 6.479999999999999716e+01 3.872911392405062969e+01 4.554999999999999716e+01 1.000000000000000000e+01 6.076923076923076650e+00 1.417506162778308765e+00 4.000000000000000000e+01
7.301873667334479023e+01 3.646778057984196852e+00 1.951789179133315288e+00 3.247190529379941015e+00 2.365079365079365559e+00 1.700000000000000000e+01 9.658227848101265778e+00 1.052500000000000036e+01 8.479999999999999716e+01 4.569113924050633102e+01 5.242499999999999716e+01 1.000000000000000000e+01 4.647058823529412130e+00 1.415559127303998910e+00 4.000000000000000000e+01
7.028533307013485398e+01 3.473953464439372585e+00 1.262476915182283888e+00 3.756332014236649197e+00 6.131549609810480472e-01 1.900000000000000000e+01 9.303797468354430222e+00 1.017500000000000071e+01 9.479999999999999716e+01 4.391898734177215147e+01 5.067499999999999716e+01 8.000000000000000000e+00 4.157894736842105310e+00 1.237219190060457441e+00 4.000000000000000000e+01
8.036112202024492035e+01 3.501871511350208799e+00 2.060391481578068174e+00 3.138468978946921784e+00 2.326190476190475920e+00 1.700000000000000000e+01 1.059493670886075911e+01 1.144999999999999929e+01 8.479999999999999716e+01 5.037468354430379947e+01 5.704999999999999716e+01 8.000000000000000000e+00 4.647058823529412130e+00 1.419101875264428880e+00 4.000000000000000000e+01
8.145917451488004701e+01 3.314454017339988567e+00 1.985551107213511246e+00 3.269842298866087571e+00 2.605263157894736725e+00 2.000000000000000000e+01 1.079746835443038044e+01 1.165000000000000036e+01 9.979999999999999716e+01 5.138734177215189902e+01 5.804999999999999716e+01 1.000000000000000000e+01 3.950000000000000178e+00 1.290774507770543256e+00 4.000000000000000000e+01
8.935093955466687987e+01 3.375437903527040984e+00 2.150727350181475650e+00 3.123918314904897020e+00 2.647727272727272929e+00 2.200000000000000000e+01 1.193670886075949333e+01 1.277500000000000036e+01 1.097999999999999972e+02 5.708354430379746702e+01 6.367499999999999716e+01 8.000000000000000000e+00 3.590909090909090828e+00 1.239798185930858221e+00 4.000000000000000000e+01
7.379153426450709219e+01 3.375437903527040984e+00 1.853083307892006815e+00 3.155082914990751330e+00 1.790842490842490697e+00 1.900000000000000000e+01 9.784810126582279111e+00 1.065000000000000036e+01 9.479999999999999716e+01 4.632405063291139413e+01 5.304999999999999716e+01 1.200000000000000000e+01 4.157894736842105310e+00 1.253166961478042740e+00 4.000000000000000000e+01
7.177662790973370477e+01 3.375437903527040984e+00 1.876028259098332596e+00 3.176044836055552434e+00 3.034527972027972087e+00 1.600000000000000000e+01 9.531645569620252445e+00 1.040000000000000036e+01 7.979999999999999716e+01 4.505822784810126791e+01 5.179999999999999716e+01 8.000000000000000000e+00 4.937500000000000000e+00 1.300998229798534522e+00 4.000000000000000000e+01
6.526464650597316108e+01 3.346195160597230434e+00 1.971982379378246497e+00 2.873766129424934146e+00 2.380303030303030365e+00 1.700000000000000000e+01 8.721518987341772444e+00 9.599999999999999645e+00 8.479999999999999716e+01 4.100759493670886258e+01 4.779999999999999716e+01 8.000000000000000000e+00 4.647058823529412130e+00 1.260670585528499421e+00 4.000000000000000000e+01
9.829390694213653035e+01 6.324555320336764375e+00 4.690415759823420849e+00 4.532709404479239979e+00 7.200000000000000178e+00 2.500000000000000000e+01 1.305063291139240533e+01 1.387500000000000000e+01 1.247999999999999972e+02 6.265316455696202524e+01 6.917499999999999716e+01 6.000000000000000000e+00 3.160000000000000142e+00 1.206487955406759571e+00 4.000000000000000000e+01
5.625447540782925415e+01 3.443857242552258668e+00 1.548362049429881315e+00 3.170711303243142876e+00 1.666666666666666741e+00 1.200000000000000000e+01 7.379746835443038222e+00 8.275000000000000355e+00 5.979999999999999716e+01 3.429873417721519502e+01 4.117499999999999716e+01 1.200000000000000000e+01 6.583333333333333037e+00 1.174419125386013674e+00 4.000000000000000000e+01
8.457384153460185416e+01 3.443857242552258668e+00 2.072878656296690103e+00 2.932995677648466248e+00 2.347222222222222321e+00 1.900000000000000000e+01 1.127848101265822756e+01 1.212500000000000000e+01 9.479999999999999716e+01 5.379240506329114169e+01 6.042499999999999716e+01 8.000000000000000000e+00 4.157894736842105310e+00 1.257857195908760328e+00 4.000000000000000000e+01
5.064364993300933548e+01 3.402564240911784665e+00 1.836408166669909026e+00 2.787159037550533291e+00 1.381601731601731720e+00 1.200000000000000000e+01 6.746835443037975111e+00 7.650000000000000355e+00 5.979999999999999716e+01 3.113417721518987236e+01 3.804999999999999716e+01 1.400000000000000000e+01 6.583333333333333037e+00 1.437691751241824356e+00 4.000000000000000000e+01
7.711747374980944869e+01 3.473953464439372585e+00 1.671917604155871429e+00 3.667857447847788332e+00 1.586915535444947123e+00 1.700000000000000000e+01 1.006329113924050667e+01 1.092500000000000071e+01 8.479999999999999716e+01 4.771645569620253013e+01 5.442499999999999716e+01 1.000000000000000000e+01 4.647058823529412130e+00 1.487907009896847654e+00 4.000000000000000000e+01
1.004476346313442008e+02 6.324555320336762598e+00 4.690415759823423514e+00 4.656373930626509505e+00 9.333333333333333925e+00 2.400000000000000000e+01 1.332911392405063289e+01 1.415000000000000036e+01 1.197999999999999972e+02 6.404556962025316125e+01 7.054999999999999716e+01 1.000000000000000000e+01 3.291666666666666519e+00 1.197995446327596802e+00 4.000000000000000000e+01
5.843349287732824138e+01 3.443857242552258668e+00 1.666281583866927152e+00 3.131802148789273321e+00 1.200980392156862697e+00 1.400000000000000000e+01 7.784810126582278222e+00 8.675000000000000711e+00 6.979999999999999716e+01 3.632405063291139413e+01 4.317499999999999716e+01 8.000000000000000000e+00 5.642857142857143238e+00 1.559297565304512467e+00 4.000000000000000000e+01
9.138192102151218421e+01 3.515112659837269060e+00 2.068182158494859646e+00 3.429905000087227762e+00 1.900000000000000133e+00 2.100000000000000000e+01 1.206329113924050667e+01 1.290000000000000036e+01 1.047999999999999972e+02 5.771645569620253013e+01 6.429999999999999716e+01 8.000000000000000000e+00 3.761904761904761862e+00 1.285584157296346008e+00 4.000000000000000000e+01
8.651153270533063733e+01 3.375437903527040984e+00 1.878360207088623168e+00 3.267884890637370976e+00 1.823529411764705843e+00 2.000000000000000000e+01 1.137974683544303822e+01 1.222499999999999964e+01 9.979999999999999716e+01 5.429873417721519502e+01 6.092499999999999716e+01 1.000000000000000000e+01 3.950000000000000178e+00 1.317157423571424291e+00 4.000000000000000000e+01
8.742857465910900316e+01 3.411189702003358359e+00 2.074882723738735280e+00 3.051710932244206198e+00 2.411764705882352811e+00 1.700000000000000000e+01 1.135443037974683556e+01 1.219999999999999929e+01 8.479999999999999716e+01 5.417215189873417813e+01 6.079999999999999716e+01 1.000000000000000000e+01 4.647058823529412130e+00 1.443278817515803780e+00 4.000000000000000000e+01
7.920463293405713046e+01 3.443857242552258668e+00 2.097724229134710239e+00 3.012741692399379279e+00 2.336309523809523725e+00 1.800000000000000000e+01 1.049367088607595022e+01 1.134999999999999964e+01 8.979999999999999716e+01 4.986835443037974613e+01 5.654999999999999716e+01 6.000000000000000000e+00 4.388888888888889284e+00 1.366067222893295297e+00 4.000000000000000000e+01
6.904776926217587629e+01 3.646778057984196852e+00 1.621119047166494243e+00 3.624744329369505191e+00 1.750000000000000000e+00 1.700000000000000000e+01 9.126582278481013333e+00 1.000000000000000000e+01 8.479999999999999716e+01 4.303291139240506169e+01 4.979999999999999716e+01 1.000000000000000000e+01 4.647058823529412130e+00 1.279448504909487472e+00 4.000000000000000000e+01
8.087440140902235441e+01 3.443857242552258668e+00 2.162913548414166165e+00 2.953200846983727423e+00 3.118827160493827133e+00 2.200000000000000000e+01 1.092405063291139200e+01 1.177500000000000036e+01 1.097999999999999972e+02 5.202025316455696213e+01 5.867499999999999716e+01 8.000000000000000000e+00 3.590909090909090828e+00 1.147751216201167379e+00 4.000000000000000000e+01
6.554292511893299888e+01 3.427873620019257661e+00 1.669286680810463608e+00 3.033363070829222963e+00 1.089285714285714191e+00 1.500000000000000000e+01 8.620253164556961778e+00 9.500000000000000000e+00 7.479999999999999716e+01 4.050126582278480925e+01 4.729999999999999716e+01 1.000000000000000000e+01 5.266666666666666607e+00 1.732682833208835538e+00 4.000000000000000000e+01
6.313950671585478602e+01 3.327479068260029038e+00 1.960952597034891332e+00 2.994807131000016387e+00 2.274999999999999911e+00 1.200000000000000000e+01 8.240506329113923556e+00 9.125000000000000000e+00 5.979999999999999716e+01 3.860253164556961991e+01 4.542499999999999716e+01 1.400000000000000000e+01 6.583333333333333037e+00 1.656365375590233890e+00 4.000000000000000000e+01
5.624517983166719404e+01 3.427873620019256773e+00 1.992370347452863344e+00 2.635717336130284139e+00 2.797294685990338703e+00 1.300000000000000000e+01 7.455696202531645334e+00 8.349999999999999645e+00 6.479999999999999716e+01 3.467848101265823146e+01 4.154999999999999716e+01 1.200000000000000000e+01 6.076923076923076650e+00 1.369101547209402803e+00 4.000000000000000000e+01
8.863602946833027829e+01 3.335914189305272171e+00 1.998407000818835710e+00 3.120743621263123213e+00 2.014285714285714235e+00 1.900000000000000000e+01 1.155696202531645511e+01 1.240000000000000036e+01 9.479999999999999716e+01 5.518481012658227769e+01 6.179999999999999716e+01 8.000000000000000000e+00 4.157894736842105310e+00 1.449412003077581890e+00 4.000000000000000000e+01
6.092837133194633026e+01 3.411189702003358359e+00 1.601958322122418288e+00 3.104546428764749066e+00 1.236529906080079177e+00 1.200000000000000000e+01 7.962025316455696000e+00 8.849999999999999645e+00 5.979999999999999716e+01 3.721012658227848391e+01 4.404999999999999716e+01 1.400000000000000000e+01 6.583333333333333037e+00 1.410940851254145478e+00 4.000000000000000000e+01
8.752113189345188005e+01 3.443857242552258668e+00 2.084116781424314890e+00 3.468179506965242798e+00 2.676767676767676907e+00 2.000000000000000000e+01 1.153164556962025245e+01 1.237500000000000000e+01 9.979999999999999716e+01 5.505822784810126791e+01 6.167499999999999716e+01 8.000000000000000000e+00 3.950000000000000178e+00 1.317127320456982220e+00 4.000000000000000000e+01
7.310532496214439391e+01 3.473953464439372585e+00 1.437384989565377413e+00 3.501872905572396277e+00 3.086925894618202548e+00 1.800000000000000000e+01 9.582278481012657778e+00 1.044999999999999929e+01 8.979999999999999716e+01 4.531139240506329458e+01 5.204999999999999716e+01 8.000000000000000000e+00 4.388888888888889284e+00 1.107193844072621003e+00 4.000000000000000000e+01
8.688749244193678578e+01 3.411189702003358359e+00 2.074882723738735280e+00 3.183369891971961962e+00 2.176470588235293935e+00 1.700000000000000000e+01 1.135443037974683556e+01 1.219999999999999929e+01 8.479999999999999716e+01 5.417215189873417813e+01 6.079999999999999716e+01 1.000000000000000000e+01 4.647058823529412130e+00 1.448724618046250745e+00 4.000000000000000000e+01
6.408200934838154694e+01 3.411189702003358359e+00 1.550935664811451620e+00 3.186469932065712829e+00 2.005882352941176450e+00 1.500000000000000000e+01 8.493670886075950222e+00 9.375000000000000000e+00 7.479999999999999716e+01 3.986835443037974613e+01 4.667499999999999716e+01 1.000000000000000000e+01 5.266666666666666607e+00 1.307911853544260650e+00 4.000000000000000000e+01
7.879440935766454857e+01 3.473953464439372585e+00 2.071078983492022019e+00 2.953889133430229297e+00 2.056680161943320151e+00 1.600000000000000000e+01 1.044303797468354489e+01 1.130000000000000071e+01 7.979999999999999716e+01 4.961518987341771947e+01 5.629999999999999716e+01 8.000000000000000000e+00 4.937500000000000000e+00 1.366035826580863421e+00 4.000000000000000000e+01
8.272427226547051760e+01 3.515112659837269060e+00 1.438726886549914763e+00 3.384496945781755972e+00 2.747448979591836871e+00 2.100000000000000000e+01 1.117721518987341689e+01 1.202500000000000036e+01 1.047999999999999972e+02 5.328607594936709546e+01 5.992499999999999716e+01 8.000000000000000000e+00 3.761904761904761862e+00 1.222127685410586029e+00 4.000000000000000000e+01
8.102985133268552431e+01 3.515112659837269060e+00 1.771828190274157055e+00 3.397152224671462939e+00 2.834665334665334768e+00 1.800000000000000000e+01 1.064556962025316444e+01 1.150000000000000000e+01 8.979999999999999716e+01 5.062784810126582613e+01 5.729999999999999716e+01 8.000000000000000000e+00 4.388888888888889284e+00 1.151344258239559437e+00 4.000000000000000000e+01
7.805089521911548900e+01 3.335914189305272171e+00 1.725034076252577542e+00 3.242082183767910131e+00 1.675555555555555465e+00 1.800000000000000000e+01 1.031645569620253156e+01 1.117500000000000071e+01 8.979999999999999716e+01 4.898227848101266346e+01 5.567499999999999716e+01 8.000000000000000000e+00 4.388888888888889284e+00 1.437305212323185977e+00 4.000000000000000000e+01
8.286957472463065244e+01 3.552343858581805236e+00 1.925899902654521822e+00 3.393867370985079290e+00 1.960634920634920952e+00 1.900000000000000000e+01 1.094936708860759467e+01 1.180000000000000071e+01 9.479999999999999716e+01 5.214683544303797902e+01 5.879999999999999716e+01 8.000000000000000000e+00 4.157894736842105310e+00 1.340922503630061824e+00 4.000000000000000000e+01
7.075219826006585322e+01 3.552343858581805236e+00 1.744081910194021701e+00 3.537452876828599990e+00 1.355555555555555403e+00 1.500000000000000000e+01 9.354430379746835555e+00 1.022499999999999964e+01 7.479999999999999716e+01 4.417215189873417813e+01 5.092499999999999716e+01 1.200000000000000000e+01 5.266666666666666607e+00 1.622556593399768765e+00 4.000000000000000000e+01
7.042253112191190212e+01 3.443857242552258668e+00 1.886749688517131762e+00 3.200298354075887364e+00 1.888888888888888840e+00 1.600000000000000000e+01 9.253164556962024889e+00 1.012500000000000000e+01 7.979999999999999716e+01 4.366582278481012480e+01 5.042499999999999716e+01 1.000000000000000000e+01 4.937500000000000000e+00 1.539798808206596981e+00 4.000000000000000000e+01
7.770121367126097311e+01 3.552343858581805236e+00 1.579139777542460266e+00 3.645156975719858750e+00 1.598879551820728384e+00 1.900000000000000000e+01 1.031645569620253156e+01 1.117500000000000071e+01 9.479999999999999716e+01 4.898227848101266346e+01 5.567499999999999716e+01 8.000000000000000000e+00 4.157894736842105310e+00 1.199115303492641171e+00 4.000000000000000000e+01
6.170629545878650646e+01 3.411189702003358359e+00 1.625228565246422896e+00 3.147193937470934344e+00 1.196078431372548989e+00 1.400000000000000000e+01 8.215189873417720889e+00 9.099999999999999645e+00 6.979999999999999716e+01 3.847594936708861013e+01 4.529999999999999716e+01 1.000000000000000000e+01 5.642857142857143238e+00 1.701311335897416122e+00 4.000000000000000000e+01
6.860688263584624735e+01 3.375437903527040984e+00 1.782602457966000697e+00 3.197931330927113347e+00 1.516911764705882293e+00 1.600000000000000000e+01 9.050632911392405333e+00 9.925000000000000711e+00 7.979999999999999716e+01 4.265316455696202524e+01 4.942499999999999716e+01 1.000000000000000000e+01 4.937500000000000000e+00 1.315514093901438253e+00 4.000000000000000000e+01
8.903838694842802681e+01 3.375437903527040984e+00 1.787672150697831253e+00 3.140463497177344188e+00 2.174999999999999822e+00 2.200000000000000000e+01 1.196202531645569600e+01 1.280000000000000071e+01 1.097999999999999972e+02 5.721012658227848391e+01 6.379999999999999716e+01 6.000000000000000000e+00 3.590909090909090828e+00 1.210168815888932992e+00 4.000000000000000000e+01
7.146635311534259927e+01 3.427873620019257661e+00 1.133461581670696106e+00 3.570347233665936759e+00 2.333333333333333481e+00 1.500000000000000000e+01 9.278481012658227556e+00 1.015000000000000036e+01 7.479999999999999716e+01 4.379240506329114169e+01 5.054999999999999716e+01 1.000000000000000000e+01 5.266666666666666607e+00 1.175341476663300799e+00 4.000000000000000000e+01
8.049275097911484522e+01 3.586363173595479736e+00 1.956374281169265927e+00 3.457839075611563562e+00 2.162847222222222143e+00 1.800000000000000000e+01 1.067088607594936711e+01 1.152500000000000036e+01 8.979999999999999716e+01 5.075443037974683591e+01 5.742499999999999716e+01 8.000000000000000000e+00 4.388888888888889284e+00 1.373986824757466474e+00 4.000000000000000000e+01
5.640176906815428026e+01 3.411189702003358359e+00 1.351409420529088523e+00 3.360058909179896247e+00 1.505514705882353033e+00 1.300000000000000000e+01 7.430379746835442667e+00 8.324999999999999289e+00 6.479999999999999716e+01 3.455189873417721458e+01 4.142499999999999716e+01 1.200000000000000000e+01 6.076923076923076650e+00 1.131502556879353305e+00 4.000000000000000000e+01
9.316604853116251661e+01 3.552343858581805236e+00 1.998524523066347092e+00 3.510128979201569521e+00 3.931818181818182101e+00 2.300000000000000000e+01 1.262025316455696178e+01 1.344999999999999929e+01 1.147999999999999972e+02 6.050126582278480925e+01 6.704999999999999716e+01 6.000000000000000000e+00 3.434782608695652328e+00 1.163324233122658979e+00 4.000000000000000000e+01
6.801456090720873249e+01 3.346195160597230434e+00 1.742632706866091175e+00 3.086825688140000690e+00 1.250000000000000000e+00 1.800000000000000000e+01 9.025316455696202667e+00 9.900000000000000355e+00 8.979999999999999716e+01 4.252658227848101546e+01 4.929999999999999716e+01 1.000000000000000000e+01 4.388888888888889284e+00 1.314993261249643997e+00 4.000000000000000000e+01
7.407413650153574736e+01 3.646778057984196852e+00 2.242017019371452147e+00 2.748809884836827422e+00 4.222222222222222321e+00 1.900000000000000000e+01 1.006329113924050667e+01 1.092500000000000071e+01 9.479999999999999716e+01 4.771645569620253013e+01 5.442499999999999716e+01 6.000000000000000000e+00 4.157894736842105310e+00 1.297298942702792779e+00 4.000000000000000000e+01
8.664994412105502875e+01 3.586363173595479736e+00 1.893994199013366631e+00 3.668565036744229069e+00 1.703125000000000000e+00 2.000000000000000000e+01 1.158227848101265778e+01 1.242500000000000071e+01 9.979999999999999716e+01 5.531139240506329458e+01 6.192499999999999716e+01 8.000000000000000000e+00 3.950000000000000178e+00 1.282746778981609825e+00 4.000000000000000000e+01
6.517317004115939483e+01 3.346195160597230434e+00 1.958966075559324116e+00 3.056381737963796752e+00 2.370454545454545592e+00 1.600000000000000000e+01 8.620253164556961778e+00 9.500000000000000000e+00 7.979999999999999716e+01 4.050126582278480925e+01 4.729999999999999716e+01 1.000000000000000000e+01 4.937500000000000000e+00 1.302066147348260650e+00 4.000000000000000000e+01
1.244663375033325963e+02 6.324555320336760822e+00 5.099019513592780051e+00 4.895052447271474705e+00 1.554545454545454497e+01 3.100000000000000000e+01 1.667088607594936533e+01 1.744999999999999929e+01 1.548000000000000114e+02 8.075443037974683591e+01 8.704999999999999716e+01 4.000000000000000000e+00 2.548387096774193505e+00 1.069443529702933660e+00 4.000000000000000000e+01
7.341560388324394637e+01 3.552343858581805236e+00 1.376087402537695015e+00 3.250545152979591901e+00 1.540740740740740744e+00 2.000000000000000000e+01 9.936708860759493334e+00 1.080000000000000071e+01 9.979999999999999716e+01 4.708354430379746702e+01 5.379999999999999716e+01 8.000000000000000000e+00 3.950000000000000178e+00 1.239163733544184076e+00 4.000000000000000000e+01
7.897704673448119195e+01 3.473953464439372585e+00 1.651870752178935531e+00 3.640574638958858245e+00 1.393569393569393355e+00 1.800000000000000000e+01 1.039240506329113956e+01 1.125000000000000000e+01 8.979999999999999716e+01 4.936202531645569991e+01 5.604999999999999716e+01 8.000000000000000000e+00 4.388888888888889284e+00 1.354367167317845455e+00 4.000000000000000000e+01
6.480461593192502789e+01 3.314454017339988567e+00 1.815854910462561644e+00 3.023592312305191765e+00 1.868421052631578982e+00 1.500000000000000000e+01 8.544303797468353778e+00 9.425000000000000711e+00 7.479999999999999716e+01 4.012151898734177280e+01 4.692499999999999716e+01 8.000000000000000000e+00 5.266666666666666607e+00 1.569219259414468270e+00 4.000000000000000000e+01
7.197239117106357753e+01 3.473953464439372585e+00 1.544292534568361575e+00 3.258797619903996079e+00 1.324561403508772051e+00 1.900000000000000000e+01 9.734177215189873777e+00 1.059999999999999964e+01 9.479999999999999716e+01 4.607088607594936747e+01 5.279999999999999716e+01 1.000000000000000000e+01 4.157894736842105310e+00 1.256193917852040709e+00 4.000000000000000000e+01
6.716978404638823008e+01 3.346195160597230434e+00 1.888175022589802410e+00 3.033029633041520068e+00 1.789423076923077005e+00 1.600000000000000000e+01 9.025316455696202667e+00 9.900000000000000355e+00 7.979999999999999716e+01 4.252658227848101546e+01 4.929999999999999716e+01 1.000000000000000000e+01 4.937500000000000000e+00 1.428482358793780271e+00 4.000000000000000000e+01
8.690476261107622236e+01 6.324555320336762598e+00 4.472135954999570728e+00 4.555216789572147817e+00 6.882352941176470118e+00 2.200000000000000000e+01 1.173417721518987378e+01 1.257499999999999929e+01 1.097999999999999972e+02 5.607088607594936747e+01 6.267499999999999716e+01 6.000000000000000000e+00 3.590909090909090828e+00 1.216549737244750684e+00 4.000000000000000000e+01
1.042618030664569773e+02 3.443857242552258668e+00 2.348115377162789841e+00 2.975285079879203654e+00 3.694940476190476275e+00 2.300000000000000000e+01 1.373417721518987378e+01 1.455000000000000071e+01 1.147999999999999972e+02 6.607088607594937457e+01 7.254999999999999716e+01 8.000000000000000000e+00 3.434782608695652328e+00 1.191431091679816534e+00 4.000000000000000000e+01
8.673658077706619451e+01 3.443857242552258668e+00 1.985137725510235374e+00 3.416112364358448339e+00 3.272222222222222143e+00 2.100000000000000000e+01 1.155696202531645511e+01 1.240000000000000036e+01 1.047999999999999972e+02 5.518481012658227769e+01 6.179999999999999716e+01 8.000000000000000000e+00 3.761904761904761862e+00 1.258874753168014227e+00 4.000000000000000000e+01
9.235306445086973781e+01 3.552343858581805236e+00 2.180522776167066912e+00 3.284866274266230235e+00 3.451515151515151647e+00 2.200000000000000000e+01 1.224050632911392356e+01 1.307499999999999929e+01 1.097999999999999972e+02 5.860253164556961991e+01 6.517499999999999716e+01 8.000000000000000000e+00 3.590909090909090828e+00 1.261207573065789234e+00 4.000000000000000000e+01
6.810012146777744135e+01 3.375437903527040984e+00 1.680233393190092350e+00 3.237060396934798856e+00 1.289390756302521091e+00 1.500000000000000000e+01 8.949367088607594667e+00 9.824999999999999289e+00 7.479999999999999716e+01 4.214683544303797902e+01 4.892499999999999716e+01 1.000000000000000000e+01 5.266666666666666607e+00 1.598742402888988723e+00 4.000000000000000000e+01
7.021497807224869803e+01 3.617704769439423984e+00 1.570988670621952465e+00 3.149158883671183684e+00 1.695501730103806448e+00 1.900000000000000000e+01 9.556962025316455112e+00 1.042500000000000071e+01 9.479999999999999716e+01 4.518481012658227769e+01 5.192499999999999716e+01 8.000000000000000000e+00 4.157894736842105310e+00 1.265744744783840137e+00 4.000000000000000000e+01
7.324962675853628014e+01 2.479980506953562092e+00 1.354859180646406536e+00 2.619466938606405559e+00 1.522023809523809668e+00 1.500000000000000000e+01 9.531645569620252445e+00 1.040000000000000036e+01 7.479999999999999716e+01 4.505822784810126791e+01 5.179999999999999716e+01 1.000000000000000000e+01 5.266666666666666607e+00 1.366274242030593555e+00 4.000000000000000000e+01
5.520696098819373532e+01 3.443857242552258668e+00 1.364351304710251123e+00 3.143703463234738926e+00 1.458333333333333259e+00 1.400000000000000000e+01 7.354430379746835555e+00 8.250000000000000000e+00 6.979999999999999716e+01 3.417215189873417813e+01 4.104999999999999716e+01 1.200000000000000000e+01 5.642857142857143238e+00 1.307959117729109000e+00 4.000000000000000000e+01
5.736996657806191990e+01 3.375437903527040984e+00 1.657227008669992507e+00 3.150930137279694954e+00 1.478306878306878236e+00 1.200000000000000000e+01 7.506329113924050667e+00 8.400000000000000355e+00 5.979999999999999716e+01 3.493164556962025102e+01 4.179999999999999716e+01 1.400000000000000000e+01 6.583333333333333037e+00 1.144568767780322904e+00 4.000000000000000000e+01
1.053014614201729557e+02 3.291665350506605581e+00 2.107114974891357573e+00 3.355940312591028984e+00 2.620879120879120894e+00 2.300000000000000000e+01 1.368354430379746844e+01 1.450000000000000000e+01 1.147999999999999972e+02 6.581772151898734080e+01 7.229999999999999716e+01 8.000000000000000000e+00 3.434782608695652328e+00 1.242548355956560213e+00 4.000000000000000000e+01
7.462180188855909080e+01 3.411189702003358359e+00 2.010285013939998144e+00 2.966483249608312889e+00 2.113445378151260545e+00 1.700000000000000000e+01 9.835443037974682667e+00 1.069999999999999929e+01 8.479999999999999716e+01 4.657721518987341369e+01 5.329999999999999716e+01 8.000000000000000000e+00 4.647058823529412130e+00 1.373758108694010494e+00 4.000000000000000000e+01
1.029505952532479967e+02 3.473953464439372585e+00 2.258693870913710988e+00 3.301578830562450939e+00 2.923076923076922906e+00 2.100000000000000000e+01 1.345569620253164622e+01 1.427500000000000036e+01 1.047999999999999972e+02 6.467848101265822436e+01 7.117499999999999716e+01 8.000000000000000000e+00 3.761904761904761862e+00 1.232863738275076448e+00 4.000000000000000000e+01
7.978169115438457482e+01 3.552343858581805236e+00 1.519728399028967614e+00 3.689266410748926361e+00 5.239999999999999325e+00 2.300000000000000000e+01 1.079746835443038044e+01 1.165000000000000036e+01 1.147999999999999972e+02 5.138734177215189902e+01 5.804999999999999716e+01 1.000000000000000000e+01 3.434782608695652328e+00 1.121893471038091228e+00 4.000000000000000000e+01
7.720106537590433504e+01 3.346195160597230434e+00 2.142021493988826020e+00 2.987821210785211790e+00 2.751428571428571335e+00 1.700000000000000000e+01 1.024050632911392356e+01 1.109999999999999964e+01 8.479999999999999716e+01 4.860253164556961991e+01 5.529999999999999716e+01 1.000000000000000000e+01 4.647058823529412130e+00 1.388254318215975225e+00 4.000000000000000000e+01
9.702547375973044552e+01 3.473953464439372585e+00 2.071078983492022019e+00 3.063069663906849982e+00 2.089743589743589425e+00 2.300000000000000000e+01 1.287341772151898667e+01 1.369999999999999929e+01 1.147999999999999972e+02 6.176708860759493547e+01 6.829999999999999716e+01 6.000000000000000000e+00 3.434782608695652328e+00 1.170872025499191560e+00 4.000000000000000000e+01
6.839632005641871615e+01 3.411189702003358359e+00 2.010285013939998144e+00 2.982261856009903234e+00 2.425653594771242094e+00 1.700000000000000000e+01 8.949367088607594667e+00 9.824999999999999289e+00 8.479999999999999716e+01 4.214683544303797902e+01 4.892499999999999716e+01 1.200000000000000000e+01 4.647058823529412130e+00 1.218164649980536529e+00 4.000000000000000000e+01
7.857167493674323566e+01 3.427873620019257661e+00 1.372959402750267177e+00 3.678324565642591359e+00 1.937500000000000000e+00 1.600000000000000000e+01 1.021518987341772089e+01 1.107499999999999929e+01 7.979999999999999716e+01 4.847594936708861013e+01 5.517499999999999716e+01 1.200000000000000000e+01 4.937500000000000000e+00 1.167641714985079071e+00 4.000000000000000000e+01
5.325338573036493273e+01 3.473953464439372585e+00 1.376274510786035910e+00 3.322324079870855318e+00 1.381578947368421018e+00 1.200000000000000000e+01 7.050632911392405333e+00 7.950000000000000178e+00 5.979999999999999716e+01 3.265316455696202524e+01 3.954999999999999716e+01 1.000000000000000000e+01 6.583333333333333037e+00 1.128314074284789026e+00 4.000000000000000000e+01
6.844544632656618433e+01 3.375437903527040984e+00 1.821767729641204925e+00 3.009980480390272550e+00 1.516911764705882293e+00 1.600000000000000000e+01 9.101265822784810666e+00 9.974999999999999645e+00 7.979999999999999716e+01 4.290632911392405191e+01 4.967499999999999716e+01 1.200000000000000000e+01 4.937500000000000000e+00 1.528157880200304186e+00 4.000000000000000000e+01
9.230730105929328033e+01 3.552343858581805236e+00 2.086277501987571448e+00 3.473151734016046710e+00 2.666666666666666519e+00 2.100000000000000000e+01 1.211392405063291200e+01 1.294999999999999929e+01 1.047999999999999972e+02 5.796962025316455680e+01 6.454999999999999716e+01 8.000000000000000000e+00 3.761904761904761862e+00 1.268921274194538595e+00 4.000000000000000000e+01
9.024685409860917673e+01 3.473953464439372585e+00 1.597137752747575856e+00 3.216787568037636991e+00 2.532967032967033294e+00 2.400000000000000000e+01 1.216455696202531733e+01 1.300000000000000000e+01 1.197999999999999972e+02 5.822278481012658347e+01 6.479999999999999716e+01 8.000000000000000000e+00 3.291666666666666519e+00 1.156632814128766507e+00 4.000000000000000000e+01
8.079931298718618393e+01 3.443857242552258668e+00 2.133295158459121321e+00 3.019153048422206442e+00 2.347222222222222321e+00 1.600000000000000000e+01 1.064556962025316444e+01 1.150000000000000000e+01 7.979999999999999716e+01 5.062784810126582613e+01 5.729999999999999716e+01 1.200000000000000000e+01 4.937500000000000000e+00 1.366758410002028912e+00 4.000000000000000000e+01
9.332331011897585427e+01 3.427873620019257661e+00 2.020117193704572767e+00 3.313135398508588292e+00 2.456293706293706247e+00 2.000000000000000000e+01 1.221518987341772089e+01 1.305000000000000071e+01 9.979999999999999716e+01 5.847594936708861013e+01 6.504999999999999716e+01 8.000000000000000000e+00 3.950000000000000178e+00 1.381120836001319629e+00 4.000000000000000000e+01
7.235689744612047036e+01 3.473953464439372585e+00 1.971586212208532141e+00 2.879318790604942002e+00 1.774436090225563589e+00 1.500000000000000000e+01 9.556962025316455112e+00 1.042500000000000071e+01 7.479999999999999716e+01 4.518481012658227769e+01 5.192499999999999716e+01 1.000000000000000000e+01 5.266666666666666607e+00 1.487290685645764610e+00 4.000000000000000000e+01
8.072455639129900362e+01 3.552343858581805236e+00 1.876028259098331707e+00 3.304559230963687089e+00 2.213333333333333375e+00 2.000000000000000000e+01 1.064556962025316444e+01 1.150000000000000000e+01 9.979999999999999716e+01 5.062784810126582613e+01 5.729999999999999716e+01 1.000000000000000000e+01 3.950000000000000178e+00 1.341447970972796666e+00 4.000000000000000000e+01
7.879642427015564010e+01 3.473953464439372585e+00 1.858463856794971614e+00 3.089956327632364275e+00 1.586915535444947123e+00 2.100000000000000000e+01 1.044303797468354489e+01 1.130000000000000071e+01 1.047999999999999972e+02 4.961518987341771947e+01 5.629999999999999716e+01 8.000000000000000000e+00 3.761904761904761862e+00 1.283457076296586452e+00 4.000000000000000000e+01
9.189285667937048174e+01 3.473953464439372585e+00 1.841566543288604807e+00 3.550686001314560247e+00 1.459176788124156410e+00 2.100000000000000000e+01 1.201265822784810133e+01 1.284999999999999964e+01 1.047999999999999972e+02 5.746329113924051057e+01 6.404999999999999716e+01 1.000000000000000000e+01 3.761904761904761862e+00 1.363055357588583316e+00 4.000000000000000000e+01
9.011202467153310636e+01 3.335914189305272171e+00 2.135440269514599976e+00 3.191870263111266315e+00 2.502380952380952372e+00 1.900000000000000000e+01 1.193670886075949333e+01 1.277500000000000036e+01 9.479999999999999716e+01 5.708354430379746702e+01 6.367499999999999716e+01 1.000000000000000000e+01 4.157894736842105310e+00 1.350069503760536582e+00 4.000000000000000000e+01
9.094546512363993429e+01 6.324555320336762598e+00 4.358898943540670423e+00 4.690415759823428843e+00 6.111111111111110716e+00 2.100000000000000000e+01 1.213924050632911467e+01 1.297499999999999964e+01 1.047999999999999972e+02 5.809620253164556658e+01 6.467499999999999716e+01 8.000000000000000000e+00 3.761904761904761862e+00 1.203975343074318083e+00 4.000000000000000000e+01
7.690400691266323463e+01 3.375437903527040984e+00 1.875680556607218108e+00 3.266633226397772205e+00 1.900297619047619069e+00 1.900000000000000000e+01 1.018987341772151822e+01 1.105000000000000071e+01 9.479999999999999716e+01 4.834936708860759325e+01 5.504999999999999716e+01 8.000000000000000000e+00 4.157894736842105310e+00 1.344461868328452603e+00 4.000000000000000000e+01
9.560715692319730863e+01 3.375437903527040984e+00 2.298704430593273784e+00 3.048089791266413773e+00 3.291666666666666519e+00 2.200000000000000000e+01 1.269620253164556978e+01 1.352500000000000036e+01 1.097999999999999972e+02 6.088101265822784569e+01 6.742499999999999716e+01 6.000000000000000000e+00 3.590909090909090828e+00 1.237317668282663874e+00 4.000000000000000000e+01
5.762462298713484898e+01 3.375437903527040984e+00 1.244184388666386809e+00 3.124389923326783336e+00 4.431818181818182323e-01 1.700000000000000000e+01 7.658227848101265778e+00 8.550000000000000711e+00 8.479999999999999716e+01 3.569113924050633102e+01 4.254999999999999716e+01 1.200000000000000000e+01 4.647058823529412130e+00 1.084074019935248323e+00 4.000000000000000000e+01
5.432660540115419678e+01 3.552343858581805236e+00 1.059695761554617421e+00 3.486165439827552781e+00 2.888888888888888062e-01 1.500000000000000000e+01 7.253164556962024889e+00 8.150000000000000355e+00 7.479999999999999716e+01 3.366582278481012480e+01 4.054999999999999716e+01 1.200000000000000000e+01 5.266666666666666607e+00 1.269574684917131213e+00 4.000000000000000000e+01
9.621623406741839801e+01 6.324555320336762598e+00 4.358898943540668647e+00 4.877445405559196701e+00 5.777777777777777679e+00 2.300000000000000000e+01 1.279746835443038044e+01 1.362500000000000000e+01 1.147999999999999972e+02 6.138734177215189902e+01 6.792499999999999716e+01 6.000000000000000000e+00 3.434782608695652328e+00 1.172145514103447361e+00 4.000000000000000000e+01
4.979446165527790669e+01 3.411189702003358359e+00 1.290390024296431903e+00 3.121948593522747561e+00 6.691176470588234837e-01 1.100000000000000000e+01 6.544303797468354666e+00 7.450000000000000178e+00 5.479999999999999716e+01 3.012151898734177280e+01 3.704999999999999716e+01 1.400000000000000000e+01 7.181818181818181657e+00 1.217209170316945421e+00 4.000000000000000000e+01
8.282305983090893164e+01 3.586363173595479736e+00 1.612432874642854230e+00 3.724340716382381622e+00 2.979166666666666519e+00 2.100000000000000000e+01 1.117721518987341689e+01 1.202500000000000036e+01 1.047999999999999972e+02 5.328607594936709546e+01 5.992499999999999716e+01 6.000000000000000000e+00 3.761904761904761862e+00 1.257482157366695663e+00 4.000000000000000000e+01
7.248870444611058872e+01 3.375437903527040984e+00 2.053136413658843029e+00 2.964236516259297627e+00 2.328756957328385724e+00 1.600000000000000000e+01 9.734177215189873777e+00 1.059999999999999964e+01 7.979999999999999716e+01 4.607088607594936747e+01 5.279999999999999716e+01 8.000000000000000000e+00 4.937500000000000000e+00 1.377652049532793965e+00 4.000000000000000000e+01
7.373752987396838421e+01 3.515112659837269060e+00 1.607478777437283401e+00 3.439411098427460178e+00 1.042857142857142927e+00 1.600000000000000000e+01 9.708860759493671111e+00 1.057499999999999929e+01 7.979999999999999716e+01 4.594430379746835058e+01 5.267499999999999716e+01 1.000000000000000000e+01 4.937500000000000000e+00 1.537343138834756484e+00 4.000000000000000000e+01
8.470509212247608843e+01 3.427873620019257661e+00 1.858418479156657366e+00 3.338923647557764607e+00 2.330357142857142794e+00 2.100000000000000000e+01 1.115189873417721600e+01 1.200000000000000000e+01 1.047999999999999972e+02 5.315949367088607858e+01 5.979999999999999716e+01 8.000000000000000000e+00 3.761904761904761862e+00 1.323312676361972251e+00 4.000000000000000000e+01
5.763693867113734370e+01 2.540515226981210795e+00 1.068758431498721073e+00 2.628343206800802356e+00 1.703703703703703720e+00 1.400000000000000000e+01 7.607594936708860445e+00 8.500000000000000000e+00 6.979999999999999716e+01 3.543797468354429725e+01 4.229999999999999716e+01 1.200000000000000000e+01 5.642857142857143238e+00 1.188537563623104809e+00 4.000000000000000000e+01
6.209295056641612121e+01 2.456456052231581033e+00 1.058442410876291762e+00 2.517850823588334119e+00 1.748792270531400961e+00 1.500000000000000000e+01 8.113924050632912000e+00 9.000000000000000000e+00 7.479999999999999716e+01 3.796962025316455680e+01 4.479999999999999716e+01 1.200000000000000000e+01 5.266666666666666607e+00 1.243538336421041723e+00 4.000000000000000000e+01
8.404502060260774954e+01 3.617704769439423984e+00 2.128544141513449617e+00 3.319126561382946150e+00 2.519715578539107881e+00 2.000000000000000000e+01 1.117721518987341689e+01 1.202500000000000036e+01 9.979999999999999716e+01 5.328607594936709546e+01 5.992499999999999716e+01 8.000000000000000000e+00 3.950000000000000178e+00 1.317152473391275613e+00 4.000000000000000000e+01
9.838024716704472894e+01 6.324555320336762598e+00 4.242640687119275000e+00 4.988876515698586367e+00 5.263157894736842479e+00 2.100000000000000000e+01 1.292405063291139200e+01 1.375000000000000000e+01 1.047999999999999972e+02 6.202025316455696213e+01 6.854999999999999716e+01 8.000000000000000000e+00 3.761904761904761862e+00 1.227664620623023728e+00 4.000000000000000000e+01
8.440576070754813998e+01 3.375437903527041428e+00 1.447923118233400475e+00 3.691745567240184656e+00 1.077272727272727160e+00 2.200000000000000000e+01 1.117721518987341689e+01 1.202500000000000036e+01 1.097999999999999972e+02 5.328607594936709546e+01 5.992499999999999716e+01 6.000000000000000000e+00 3.590909090909090828e+00 1.314200578068548397e+00 4.000000000000000000e+01
6.282776289233171951e+01 2.456456052231581033e+00 1.132755592750986917e+00 2.486922310604825714e+00 8.942028985507246563e-01 1.400000000000000000e+01 8.240506329113923556e+00 9.125000000000000000e+00 6.979999999999999716e+01 3.860253164556961991e+01 4.542499999999999716e+01 1.200000000000000000e+01 5.642857142857143238e+00 1.373943682512525521e+00 4.000000000000000000e+01
7.587292749738794839e+01 3.515112659837269060e+00 1.562589221277739027e+00 3.599792380060121477e+00 1.639705882352940902e+00 1.700000000000000000e+01 9.987341772151898667e+00 1.084999999999999964e+01 8.479999999999999716e+01 4.733670886075949369e+01 5.404999999999999716e+01 8.000000000000000000e+00 4.647058823529412130e+00 1.248941000696105252e+00 4.000000000000000000e+01
4.825360814682660049e+01 3.473953464439372585e+00 1.451593586631836574e+00 3.076330077867087454e+00 4.736842105263157632e-01 1.000000000000000000e+01 6.341772151898734222e+00 7.250000000000000000e+00 4.979999999999999716e+01 2.910886075949366969e+01 3.604999999999999716e+01 1.800000000000000000e+01 7.900000000000000355e+00 1.472117083500320778e+00 4.000000000000000000e+01
7.625209163087497188e+01 3.473953464439372585e+00 2.047273004074205982e+00 3.181566886080618772e+00 2.864433811802232999e+00 1.700000000000000000e+01 1.003797468354430400e+01 1.090000000000000036e+01 8.479999999999999716e+01 4.758987341772151325e+01 5.429999999999999716e+01 1.400000000000000000e+01 4.647058823529412130e+00 1.400471150791763097e+00 4.000000000000000000e+01
