1.033207402173298703e+02 6.324555320336762598e+00 4.213673869708010500e+00 6.096831875786214994e+00 2.391304347826086918e+00 2.200000000000000000e+01 1.127848101265822756e+01 1.212500000000000000e+01 1.152445331954508703e+02 6.594918846351150421e+01 7.383931492013230979e+01 8.000000000000000000e+00 3.590909090909090828e+00 1.617633514173436593e+00 4.000000000000000000e+01
9.606860734761045251e+01 3.375437903527040984e+00 2.096770751969963431e+00 3.717019735108497258e+00 2.949999999999999734e+00 2.000000000000000000e+01 1.234177215189873422e+01 1.317500000000000071e+01 1.044680143190728359e+02 6.191695808621959429e+01 6.833992284945277618e+01 8.000000000000000000e+00 3.950000000000000178e+00 1.406766874725057681e+00 4.000000000000000000e+01
9.587393447341509045e+01 3.375437903527040984e+00 2.228106472989488385e+00 3.620457028484090234e+00 1.339682539682539586e+00 1.300000000000000000e+01 8.721518987341772444e+00 9.599999999999999645e+00 1.074807996846333964e+02 6.141946989154933334e+01 7.002953200489010044e+01 1.400000000000000000e+01 6.076923076923076650e+00 1.558827796294596002e+00 4.000000000000000000e+01
8.282658997794523259e+01 3.375437903527040984e+00 1.572787583446094484e+00 4.091068053282115535e+00 1.482204861111111160e+00 1.700000000000000000e+01 8.772151898734177777e+00 9.650000000000000355e+00 1.123187560906527835e+02 5.415658036524817476e+01 5.769807497408271502e+01 1.000000000000000000e+01 4.647058823529412130e+00 1.813326841046317028e+00 4.000000000000000000e+01
7.153375847294449841e+01 3.473953464439372585e+00 1.710551313070894919e+00 3.448226723527443749e+00 2.715789473684210531e+00 2.100000000000000000e+01 1.044303797468354489e+01 1.130000000000000071e+01 1.039046283521163048e+02 4.712623364008812388e+01 5.334762474083058237e+01 1.000000000000000000e+01 3.761904761904761862e+00 1.629736986377543495e+00 4.000000000000000000e+01
5.337140390038079829e+01 3.473953464439372585e+00 1.536347107819355351e+00 3.736023215910453388e+00 1.324561403508772051e+00 1.800000000000000000e+01 9.227848101265822223e+00 1.009999999999999964e+01 8.142013627962020905e+01 3.481251454863403438e+01 3.795021417194541158e+01 8.000000000000000000e+00 4.388888888888889284e+00 2.421674103306290515e+00 4.000000000000000000e+01
6.186849052581389685e+01 3.515112659837269060e+00 1.226966940213928492e+00 4.156097900316928495e+00 1.848739495798319421e+00 1.500000000000000000e+01 8.620253164556961778e+00 9.500000000000000000e+00 8.748570209553004418e+01 3.931274933975478092e+01 4.562242959446948021e+01 8.000000000000000000e+00 5.266666666666666607e+00 1.473472436198356883e+00 4.000000000000000000e+01
5.884744446396415896e+01 3.427873620019257661e+00 5.065330342468319369e-01 3.920234948518148688e+00 5.555555555555556246e+00 2.000000000000000000e+01 1.051898734177215111e+01 1.137500000000000000e+01 9.072171328416131075e+01 3.957533741115086201e+01 4.168007670593068070e+01 8.000000000000000000e+00 3.950000000000000178e+00 1.227108177623233765e+00 4.000000000000000000e+01
6.071531486426119528e+01 3.515112659837269060e+00 1.410538056895873638e+00 3.888251280931277254e+00 5.833333333333332593e-01 1.700000000000000000e+01 8.468354430379747555e+00 9.349999999999999645e+00 7.892804688463824903e+01 3.825926746116974897e+01 4.550694363475012238e+01 1.200000000000000000e+01 4.647058823529412130e+00 1.845642528306515207e+00 4.000000000000000000e+01
7.484525062629593606e+01 6.324555320336762598e+00 3.521080528699968237e+00 6.724902106825236814e+00 3.809523809523809312e+00 2.000000000000000000e+01 1.170886075949367111e+01 1.255000000000000071e+01 1.197158924631100234e+02 5.053132158075071345e+01 5.349394766334090434e+01 8.000000000000000000e+00 3.950000000000000178e+00 1.409483527663701885e+00 4.000000000000000000e+01
7.812542996018689223e+01 3.552343858581805236e+00 1.884700372841020544e+00 4.125640473010957265e+00 1.277192982456140546e+00 1.600000000000000000e+01 8.721518987341772444e+00 9.599999999999999645e+00 1.001666007330222072e+02 4.970728897314893402e+01 5.710573527165157515e+01 1.000000000000000000e+01 4.937500000000000000e+00 1.450527135354002572e+00 4.000000000000000000e+01
6.952000433636332843e+01 6.324555320336760822e+00 3.784095277795419765e+00 5.787077663699456309e+00 4.400000000000000355e+00 2.200000000000000000e+01 1.092405063291139200e+01 1.177500000000000036e+01 8.990710524854866037e+01 4.458476549528627686e+01 5.156811236840923840e+01 8.000000000000000000e+00 3.590909090909090828e+00 1.376789736245382700e+00 4.000000000000000000e+01
4.102773177480043643e+01 3.515112659837269060e+00 8.226721577175183375e-01 3.733859304910390975e+00 7.142857142857143016e-01 1.600000000000000000e+01 8.367088607594936889e+00 9.250000000000000000e+00 6.310959037729305265e+01 2.624860943645957434e+01 3.037249253947851457e+01 1.000000000000000000e+01 4.937500000000000000e+00 1.619584171988156518e+00 4.000000000000000000e+01
8.409960421599915037e+01 3.443857242552258668e+00 1.970925296730519083e+00 3.893772617630864907e+00 2.216761633428300016e+00 1.800000000000000000e+01 1.026582278481012622e+01 1.112500000000000000e+01 1.047608770814193662e+02 5.392485757530401003e+01 6.095911844698912319e+01 1.000000000000000000e+01 4.388888888888889284e+00 1.665751570225306732e+00 4.000000000000000000e+01
7.657322549216146967e+01 3.646778057984196852e+00 1.907399272407976909e+00 4.349054599262648146e+00 1.568627450980392135e+00 1.700000000000000000e+01 8.746835443037975111e+00 9.625000000000000000e+00 9.728946772239063989e+01 4.864658948395247506e+01 5.720428028946651722e+01 8.000000000000000000e+00 4.647058823529412130e+00 1.296515328789836108e+00 4.000000000000000000e+01
1.014331538966567052e+02 3.515112659837269060e+00 2.106432200592215143e+00 3.473194659785384442e+00 1.567226890756302504e+00 1.900000000000000000e+01 1.107594936708860800e+01 1.192500000000000071e+01 1.261857256279715358e+02 6.692679476427512952e+01 7.179912352517064278e+01 8.000000000000000000e+00 4.157894736842105310e+00 1.461623593230776841e+00 4.000000000000000000e+01
1.058267936064690815e+02 3.411189702003358359e+00 2.182713706278257337e+00 3.622732800139803810e+00 3.806372549019608531e+00 2.100000000000000000e+01 1.256962025316455644e+01 1.340000000000000036e+01 1.239687977084613664e+02 7.084411842246797164e+01 7.239140664814759418e+01 8.000000000000000000e+00 3.761904761904761862e+00 1.493096570603070994e+00 4.000000000000000000e+01
5.461326057599675465e+01 3.552343858581805236e+00 8.265734174231919029e-01 3.769217923970684669e+00 3.801709401709401526e+00 2.000000000000000000e+01 1.041772151898734222e+01 1.127500000000000036e+01 9.009715676316305633e+01 3.575320196072113532e+01 4.082115628442955568e+01 8.000000000000000000e+00 3.950000000000000178e+00 1.359415957633101968e+00 4.000000000000000000e+01
8.710094620346261252e+01 3.473953464439372585e+00 1.772184894881212225e+00 3.984242658280942262e+00 2.672302056917441160e+00 2.200000000000000000e+01 1.292405063291139200e+01 1.375000000000000000e+01 1.013574404846038419e+02 5.601153250019825691e+01 6.158164591254561770e+01 6.000000000000000000e+00 3.590909090909090828e+00 1.454941100534790754e+00 4.000000000000000000e+01
7.122345581779356394e+01 3.411189702003358359e+00 2.063536620082333073e+00 3.617021058638144382e+00 1.833333333333333481e+00 1.800000000000000000e+01 9.936708860759493334e+00 1.080000000000000071e+01 8.637850924049519108e+01 4.614814965436827521e+01 5.024264257909003817e+01 1.000000000000000000e+01 4.388888888888889284e+00 1.578305728149542064e+00 4.000000000000000000e+01
7.503983172257407830e+01 3.411189702003358359e+00 1.954473247601816954e+00 3.902691335229338865e+00 1.698039215686274472e+00 1.800000000000000000e+01 1.072151898734177244e+01 1.157499999999999929e+01 8.151942941621364014e+01 4.792260579741505921e+01 5.464621819608299802e+01 1.000000000000000000e+01 4.388888888888889284e+00 1.608715009486302749e+00 4.000000000000000000e+01
5.022023550999559660e+01 3.443857242552258668e+00 1.354483151639648941e+00 3.845447996786102607e+00 7.675438596491228616e-01 1.300000000000000000e+01 6.797468354430379556e+00 7.700000000000000178e+00 6.099841594347901008e+01 3.204372572166871436e+01 3.762358688245321048e+01 1.400000000000000000e+01 6.076923076923076650e+00 1.417554850963305135e+00 4.000000000000000000e+01
5.824428017581911377e+01 3.375437903527040984e+00 1.747902812564652741e+00 3.263372204405365906e+00 1.507029478458049798e+00 1.200000000000000000e+01 7.708860759493671111e+00 8.599999999999999645e+00 6.617681892791198095e+01 3.691433731704272958e+01 4.360382927183390223e+01 1.200000000000000000e+01 6.583333333333333037e+00 2.218474456729674138e+00 4.000000000000000000e+01
5.811327946911755760e+01 3.375437903527040984e+00 1.727966320589696014e+00 3.358969908499288781e+00 1.250793650793650791e+00 1.300000000000000000e+01 8.189873417721518223e+00 9.074999999999999289e+00 6.634331594838538138e+01 3.609540185650003963e+01 4.446984597848598497e+01 1.000000000000000000e+01 6.076923076923076650e+00 2.097536462512357147e+00 4.000000000000000000e+01
7.871098424800922544e+01 3.473953464439372585e+00 1.747893411303086619e+00 4.082297142352973474e+00 2.088034188034188166e+00 2.000000000000000000e+01 1.049367088607595022e+01 1.134999999999999964e+01 1.075934711068086642e+02 5.251455986360240757e+01 5.400625358775693030e+01 6.000000000000000000e+00 3.950000000000000178e+00 1.619399984127202652e+00 4.000000000000000000e+01
6.980795259253727636e+01 3.314454017339988567e+00 2.019464328676129128e+00 3.203987396880193739e+00 2.421052631578947345e+00 1.700000000000000000e+01 1.049367088607595022e+01 1.134999999999999964e+01 7.832481776867824408e+01 4.379797708205866513e+01 5.200610760343043637e+01 8.000000000000000000e+00 4.647058823529412130e+00 1.759944058622508356e+00 4.000000000000000000e+01
7.547453384316870029e+01 3.411189702003358359e+00 2.101735540061505425e+00 3.679826360847153310e+00 2.425653594771242094e+00 1.800000000000000000e+01 1.056962025316455644e+01 1.142500000000000071e+01 9.589445050037363671e+01 4.903695278792670820e+01 5.569677670234492695e+01 8.000000000000000000e+00 4.388888888888889284e+00 1.398882740671027802e+00 4.000000000000000000e+01
7.703073752857177681e+01 3.335914189305272171e+00 1.758238488353856654e+00 4.155570969992991692e+00 2.342857142857142971e+00 2.000000000000000000e+01 9.835443037974682667e+00 1.069999999999999929e+01 1.052850787251045830e+02 5.012412142591185926e+01 5.420435778095676227e+01 8.000000000000000000e+00 3.950000000000000178e+00 1.631348326418249561e+00 4.000000000000000000e+01
8.966828256242513362e+01 3.443857242552258668e+00 2.198712273069517664e+00 3.565825013986828829e+00 3.395833333333333481e+00 2.000000000000000000e+01 1.112658227848101333e+01 1.197499999999999964e+01 1.130814856705785729e+02 6.014161939737660845e+01 6.415912483719361603e+01 8.000000000000000000e+00 3.950000000000000178e+00 1.394536935373501985e+00 4.000000000000000000e+01
7.089231352786292462e+01 3.443857242552258668e+00 1.652191630065857453e+00 3.728062035671208196e+00 1.444791666666666696e+00 1.600000000000000000e+01 9.379746835443038222e+00 1.025000000000000000e+01 1.005434323997312731e+02 4.508385750097057354e+01 5.193019666094719611e+01 1.000000000000000000e+01 4.937500000000000000e+00 1.677602325796270222e+00 4.000000000000000000e+01
1.033836461430528573e+02 3.473953464439372585e+00 2.192269149976350917e+00 4.105774256181951465e+00 2.343891402714931793e+00 2.000000000000000000e+01 1.254430379746835378e+01 1.337500000000000000e+01 1.115677431489342126e+02 6.627438522079445704e+01 7.051496343443476178e+01 1.200000000000000000e+01 3.950000000000000178e+00 1.406198039946585654e+00 4.000000000000000000e+01
9.302783888140339741e+01 3.427873620019257661e+00 1.160610704523168835e+00 3.617163794590955828e+00 1.685828877005347337e+00 2.000000000000000000e+01 1.188607594936708800e+01 1.272499999999999964e+01 1.190954109473258455e+02 6.221779067242208328e+01 6.599830904681483901e+01 6.000000000000000000e+00 3.950000000000000178e+00 1.441820737370161032e+00 4.000000000000000000e+01
8.940184199413053534e+01 3.473953464439372585e+00 2.174866983985372482e+00 2.992318810994397005e+00 2.564593301435406758e+00 2.200000000000000000e+01 1.168354430379746844e+01 1.252500000000000036e+01 1.122403238784250306e+02 5.815067576338206123e+01 6.581257885155626752e+01 6.000000000000000000e+00 3.590909090909090828e+00 1.346427882832403888e+00 4.000000000000000000e+01
1.044619809519804647e+02 6.324555320336762598e+00 4.861497676995135464e+00 6.230350034484810173e+00 4.200000000000000178e+00 2.000000000000000000e+01 1.120253164556961956e+01 1.205000000000000071e+01 1.441999547092756302e+02 7.163263315428298483e+01 7.359771809078189619e+01 6.000000000000000000e+00 3.950000000000000178e+00 1.332091531543210472e+00 4.000000000000000000e+01
1.091552425185436022e+02 3.552343858581805236e+00 2.232741223591659718e+00 3.942936455630501325e+00 1.974444444444444446e+00 2.200000000000000000e+01 1.256962025316455644e+01 1.340000000000000036e+01 1.351697210705347629e+02 6.974082675601326287e+01 7.849975295993552038e+01 8.000000000000000000e+00 3.590909090909090828e+00 1.338678242449357070e+00 4.000000000000000000e+01
7.731759912029662019e+01 3.346195160597230434e+00 1.945661922928473286e+00 3.476950033438030552e+00 2.563333333333333464e+00 1.800000000000000000e+01 9.354430379746835555e+00 1.022499999999999964e+01 1.010955604612669703e+02 4.964528593989419392e+01 5.657692593094772349e+01 1.000000000000000000e+01 4.388888888888889284e+00 1.496845865622547622e+00 4.000000000000000000e+01
9.006624379400538771e+01 3.443857242552258668e+00 2.303617952151368886e+00 3.518933802846700765e+00 3.000000000000000000e+00 1.700000000000000000e+01 1.069620253164556978e+01 1.155000000000000071e+01 1.040562296150253161e+02 5.923003030019110327e+01 6.424514402338560615e+01 1.000000000000000000e+01 4.647058823529412130e+00 1.451757407207893369e+00 4.000000000000000000e+01
4.931128948216242947e+01 3.375437903527040984e+00 1.086465261894244083e+00 3.877086917719306136e+00 2.437500000000000000e+00 1.200000000000000000e+01 7.329113924050632889e+00 8.224999999999999645e+00 6.891277876204274833e+01 3.122604003132915551e+01 3.755443994722102019e+01 1.400000000000000000e+01 6.583333333333333037e+00 1.091486431566739856e+00 4.000000000000000000e+01
5.663396337777025025e+01 3.443857242552258668e+00 1.709484519180782591e+00 3.488334233063695500e+00 1.615079365079364893e+00 1.600000000000000000e+01 8.417721518987342222e+00 9.300000000000000711e+00 5.938929471775104929e+01 3.581199096063789256e+01 4.181424723296368029e+01 1.400000000000000000e+01 4.937500000000000000e+00 1.878048372839364877e+00 4.000000000000000000e+01
6.964061558400005936e+01 3.443857242552258668e+00 1.957130495603019105e+00 3.997634610684471568e+00 5.528009259259259345e+00 1.800000000000000000e+01 9.481012658227848888e+00 1.034999999999999964e+01 8.103688807454145149e+01 4.419599097491622075e+01 5.142254307073967112e+01 8.000000000000000000e+00 4.388888888888889284e+00 1.884971202629551978e+00 4.000000000000000000e+01
9.146610376919689145e+01 3.515112659837269060e+00 1.893856962844586267e+00 4.372391363259614749e+00 2.674725274725274993e+00 2.600000000000000000e+01 1.411392405063291200e+01 1.492500000000000071e+01 1.151988335932428100e+02 5.958470820275826441e+01 6.287194982253825515e+01 6.000000000000000000e+00 3.038461538461538325e+00 1.485680642158134557e+00 4.000000000000000000e+01
9.408930522289240628e+01 3.411189702003358359e+00 2.252799200859720408e+00 3.776234783237078840e+00 2.085294117647058965e+00 1.900000000000000000e+01 1.196202531645569600e+01 1.280000000000000071e+01 1.061654810491028655e+02 6.078292359182516691e+01 6.675073556619010162e+01 1.000000000000000000e+01 4.157894736842105310e+00 1.402289902101227836e+00 4.000000000000000000e+01
9.710274708247753495e+01 3.443857242552258668e+00 2.426592016878463820e+00 3.762013372383272714e+00 4.671296296296295836e+00 2.000000000000000000e+01 1.163291139240506311e+01 1.247499999999999964e+01 9.574857722326703424e+01 6.201373159143165736e+01 6.809472832829091260e+01 1.000000000000000000e+01 3.950000000000000178e+00 1.360643236972180148e+00 4.000000000000000000e+01
1.131815450853048475e+02 3.552343858581805236e+00 2.809710181363298531e+00 3.816842217024757122e+00 1.409166666666666679e+01 2.500000000000000000e+01 1.332911392405063289e+01 1.415000000000000036e+01 1.308661460297427368e+02 7.427523197023690216e+01 8.286875790375968620e+01 6.000000000000000000e+00 3.160000000000000142e+00 1.171681768862260054e+00 4.000000000000000000e+01
5.603834673932294663e+01 3.402564240911784665e+00 2.159640913062872425e+00 3.404892716122694729e+00 3.492045454545455119e+00 1.700000000000000000e+01 9.784810126582279111e+00 1.065000000000000036e+01 8.208753260638330573e+01 3.662744497047686565e+01 4.172072162581782351e+01 6.000000000000000000e+00 4.647058823529412130e+00 1.478695804957651072e+00 4.000000000000000000e+01
5.684399907278069008e+01 3.300951334040937990e+00 1.649095915779394517e+00 3.627956758370141532e+00 1.826086956521739024e+00 1.500000000000000000e+01 7.860759493670886222e+00 8.750000000000000000e+00 7.460025195735408943e+01 3.672499717072466296e+01 4.181567050823474574e+01 1.000000000000000000e+01 5.266666666666666607e+00 2.041824283677362128e+00 4.000000000000000000e+01
8.596408632162479080e+01 3.515112659837269060e+00 2.133777570804554991e+00 3.996373394762997577e+00 2.940476190476190688e+00 2.600000000000000000e+01 1.251898734177215111e+01 1.334999999999999964e+01 1.124868097632715234e+02 5.619388639680782660e+01 6.092831622491866028e+01 6.000000000000000000e+00 3.038461538461538325e+00 1.385859872414220595e+00 4.000000000000000000e+01
1.581844771972784542e+02 3.443857242552258668e+00 2.655653016806299060e+00 3.388136119149399494e+00 3.778472222222222232e+00 2.300000000000000000e+01 1.386075949367088533e+01 1.467500000000000071e+01 1.898588300561435176e+02 1.027701405351298405e+02 1.163486208409748031e+02 6.000000000000000000e+00 3.434782608695652328e+00 1.198195436863909613e+00 4.000000000000000000e+01
7.030065617148534329e+01 6.324555320336762598e+00 3.708819128127110343e+00 7.013058618311259984e+00 1.500000000000000000e+00 2.100000000000000000e+01 1.115189873417721600e+01 1.200000000000000000e+01 9.949643839622265773e+01 4.638747838835668347e+01 4.982170228400779877e+01 8.000000000000000000e+00 3.761904761904761862e+00 1.424327336021620871e+00 4.000000000000000000e+01
9.147696787399094376e+01 3.473953464439372585e+00 2.347234241727592874e+00 3.501522508202150608e+00 1.164086687306501444e+00 1.500000000000000000e+01 8.898734177215189334e+00 9.775000000000000355e+00 1.027452023429624717e+02 5.900503713697393238e+01 6.631060003707445105e+01 1.000000000000000000e+01 5.266666666666666607e+00 1.319303246588372724e+00 4.000000000000000000e+01
7.390335709624146432e+01 3.586363173595479736e+00 1.902312059547899059e+00 4.167723051493715580e+00 2.443452380952380931e+00 1.800000000000000000e+01 1.183544303797468267e+01 1.267500000000000071e+01 9.234255764252495169e+01 4.797675582808230388e+01 5.005452417125896147e+01 1.200000000000000000e+01 4.388888888888889284e+00 1.814802491125182549e+00 4.000000000000000000e+01
6.684597134661218831e+01 3.552343858581805236e+00 1.788384797402452930e+00 3.903358219696755338e+00 4.359999999999999432e+00 2.000000000000000000e+01 1.208860759493670933e+01 1.292500000000000071e+01 8.618404180085401833e+01 4.474080268164527752e+01 4.712765055969546779e+01 8.000000000000000000e+00 3.950000000000000178e+00 1.500206457160847773e+00 4.000000000000000000e+01
1.121428600202187198e+02 3.473953464439372585e+00 2.127389871911502528e+00 4.161858534328778170e+00 2.130952380952380931e+00 1.900000000000000000e+01 1.236708860759493689e+01 1.319999999999999929e+01 1.145314551990734486e+02 7.188179984403261358e+01 7.789422318736269801e+01 1.000000000000000000e+01 4.157894736842105310e+00 1.616119369983942899e+00 4.000000000000000000e+01
7.718167679810514414e+01 3.411189702003358359e+00 1.813292652367168190e+00 3.732803232382010616e+00 1.259515570934256257e+00 1.700000000000000000e+01 7.987341772151898667e+00 8.875000000000000000e+00 8.869600433807892159e+01 4.920551184753740159e+01 5.819700960696488323e+01 1.000000000000000000e+01 4.647058823529412130e+00 1.803132047797858295e+00 4.000000000000000000e+01
8.925218477404347084e+01 3.411189702003358359e+00 2.471170968295314907e+00 3.338096112222117551e+00 3.408496732026143228e+00 2.200000000000000000e+01 1.168354430379746844e+01 1.252500000000000036e+01 1.130275472228567963e+02 5.883391581558047534e+01 6.291374984569599604e+01 8.000000000000000000e+00 3.590909090909090828e+00 1.239955265828887709e+00 4.000000000000000000e+01
1.233624327845999886e+02 3.473953464439372585e+00 2.510390674195467131e+00 3.898200266751854492e+00 2.197802197802197988e+00 1.800000000000000000e+01 1.140506329113924089e+01 1.225000000000000000e+01 1.387291782316691524e+02 7.929602127383628840e+01 8.832723388373293005e+01 1.000000000000000000e+01 4.388888888888889284e+00 1.326565849418823051e+00 4.000000000000000000e+01
9.617361143034132454e+01 6.324555320336764375e+00 4.274357787845724843e+00 7.169975091638335130e+00 4.200000000000000178e+00 2.200000000000000000e+01 1.300000000000000000e+01 1.382499999999999929e+01 1.204308980924071903e+02 6.283071848231772094e+01 6.601602447756275183e+01 8.000000000000000000e+00 3.590909090909090828e+00 1.565483744911075448e+00 4.000000000000000000e+01
1.054074721819545601e+02 3.443857242552258668e+00 2.424692310876959578e+00 3.282254686351803397e+00 4.333333333333333037e+00 2.300000000000000000e+01 1.350632911392404978e+01 1.432499999999999929e+01 1.115554111225784339e+02 6.795357989054451764e+01 7.495501269753599161e+01 6.000000000000000000e+00 3.434782608695652328e+00 1.222557364758249721e+00 4.000000000000000000e+01
6.120732349511071391e+01 3.515112659837269060e+00 1.322989169027154244e+00 4.039041158380474172e+00 2.028571428571428914e+00 2.100000000000000000e+01 1.049367088607595022e+01 1.134999999999999964e+01 9.517745268468047470e+01 4.036119585542945032e+01 4.529906200590989584e+01 8.000000000000000000e+00 3.761904761904761862e+00 1.389252852935533245e+00 4.000000000000000000e+01
7.279603901568574997e+01 3.473953464439372585e+00 1.051192490121872325e+00 4.551650499217853252e+00 2.115384615384615419e+00 1.500000000000000000e+01 8.924050632911392000e+00 9.800000000000000711e+00 9.838643633073176886e+01 4.636099885106580132e+01 5.296514405081541810e+01 1.000000000000000000e+01 5.266666666666666607e+00 1.291127131363907221e+00 4.000000000000000000e+01
4.988164159330023040e+01 3.473953464439372585e+00 1.055396758583472483e+00 3.736818225422195994e+00 1.728355957767722550e+00 1.700000000000000000e+01 8.822784810126583110e+00 9.699999999999999289e+00 5.943498220112997643e+01 3.161582046764369380e+01 3.666637635306475573e+01 8.000000000000000000e+00 4.647058823529412130e+00 2.072741271933272955e+00 4.000000000000000000e+01
7.983165514992926148e+01 3.346195160597230434e+00 1.999781370492010657e+00 3.401696375775727255e+00 1.857142857142856984e+00 1.400000000000000000e+01 8.797468354430380444e+00 9.675000000000000711e+00 1.013809903925990028e+02 5.147101142879796498e+01 5.922400233014962367e+01 1.000000000000000000e+01 5.642857142857143238e+00 1.760114866799419309e+00 4.000000000000000000e+01
6.433350728220585779e+01 3.411189702003358359e+00 1.708882345766785438e+00 3.849164370230687471e+00 1.439863445378151141e+00 1.600000000000000000e+01 9.101265822784810666e+00 9.974999999999999645e+00 8.883249082187487033e+01 4.145852459319074512e+01 4.706072988352627817e+01 1.000000000000000000e+01 4.937500000000000000e+00 1.905420540122176432e+00 4.000000000000000000e+01
5.743286821270829989e+01 3.335914189305272171e+00 1.267168038143017483e+00 3.709319615560482397e+00 1.760000000000000009e+00 1.300000000000000000e+01 7.556962025316456000e+00 8.449999999999999289e+00 7.335317361060607766e+01 3.659731113133845781e+01 4.299631595241197601e+01 1.000000000000000000e+01 6.076923076923076650e+00 1.368494534680727792e+00 4.000000000000000000e+01
6.971874488827144489e+01 3.346195160597230434e+00 2.111507948706466742e+00 3.359590268545204150e+00 1.653571428571428470e+00 1.700000000000000000e+01 9.683544303797468444e+00 1.055000000000000071e+01 1.011537381573288030e+02 4.554131704636127864e+01 5.091744636013694247e+01 8.000000000000000000e+00 4.647058823529412130e+00 1.431159816976126598e+00 4.000000000000000000e+01
1.317732815899433945e+02 3.617704769439423984e+00 2.615070878805286991e+00 3.561618547094541398e+00 4.873949579831933221e+00 2.300000000000000000e+01 1.355696202531645511e+01 1.437500000000000000e+01 1.610412998177924919e+02 8.548256840064139794e+01 9.792756073369170622e+01 8.000000000000000000e+00 3.434782608695652328e+00 1.169236610966789991e+00 4.000000000000000000e+01
9.221914832652751670e+01 3.352229939440702022e+00 2.021652729285758454e+00 3.594929812559254589e+00 6.755555555555555758e-01 1.200000000000000000e+01 7.506329113924050667e+00 8.400000000000000355e+00 9.217136929089846831e+01 5.864609726435805470e+01 6.876007787679471051e+01 1.400000000000000000e+01 6.583333333333333037e+00 1.875147585922294136e+00 4.000000000000000000e+01
6.261923248896646754e+01 3.375437903527040984e+00 1.664702633404584908e+00 3.131276922848482691e+00 1.790842490842490697e+00 1.600000000000000000e+01 8.518987341772151112e+00 9.400000000000000355e+00 8.979601181512268226e+01 4.204212266069517767e+01 4.460275320047219338e+01 1.000000000000000000e+01 4.937500000000000000e+00 1.560864911573381697e+00 4.000000000000000000e+01
7.324704974672138746e+01 3.443857242552258668e+00 1.869969801910255747e+00 3.664880323204382950e+00 1.666666666666666741e+00 1.400000000000000000e+01 8.215189873417720889e+00 9.099999999999999645e+00 7.572521157948141024e+01 4.616171113256719138e+01 5.366924399109820598e+01 1.000000000000000000e+01 5.642857142857143238e+00 1.573909322576765080e+00 4.000000000000000000e+01
5.891013704780483806e+01 3.501871511350208799e+00 1.686266816431656101e+00 3.720266552309855701e+00 1.814285714285714279e+00 1.700000000000000000e+01 8.139240506329114666e+00 9.025000000000000355e+00 8.825127302809194418e+01 3.789009832513040266e+01 4.316224521192405916e+01 1.200000000000000000e+01 4.647058823529412130e+00 1.623447338421877273e+00 4.000000000000000000e+01
7.210813478671354915e+01 6.324555320336762598e+00 4.009158265057983783e+00 5.286088820177794467e+00 2.391304347826086918e+00 1.800000000000000000e+01 9.683544303797468444e+00 1.055000000000000071e+01 1.018379620740395524e+02 4.882954886908891012e+01 5.151361874312315337e+01 8.000000000000000000e+00 4.388888888888889284e+00 1.530303922084443435e+00 4.000000000000000000e+01
1.061480283801424918e+02 3.473953464439372585e+00 2.254979895197048112e+00 3.729849133319891319e+00 3.210256410256410398e+00 2.400000000000000000e+01 1.429113924050632889e+01 1.509999999999999964e+01 1.200184333670357120e+02 6.864140481475025979e+01 7.523929952623508655e+01 6.000000000000000000e+00 3.291666666666666519e+00 1.442631045731065154e+00 4.000000000000000000e+01
7.686967421970129521e+01 3.411189702003358359e+00 1.949145112036561267e+00 3.452524672130552919e+00 2.910695187165775355e+00 2.100000000000000000e+01 1.272151898734177244e+01 1.355000000000000071e+01 8.683715591965605540e+01 5.055153929821088354e+01 5.512507487368921488e+01 8.000000000000000000e+00 3.761904761904761862e+00 1.589557504038324742e+00 4.000000000000000000e+01
7.682252826738825036e+01 3.279716080596870142e+00 1.983255202988932986e+00 3.769611108624267182e+00 2.393939393939394034e+00 1.700000000000000000e+01 1.026582278481012622e+01 1.112500000000000000e+01 8.552445678070145618e+01 4.882683511017718558e+01 5.426170650456543143e+01 1.200000000000000000e+01 4.647058823529412130e+00 1.894476077172128958e+00 4.000000000000000000e+01
3.975825522073186136e+01 2.430710570620359778e+00 5.948112058794634560e-01 2.897980171020140716e+00 9.914656771799628121e-01 1.300000000000000000e+01 7.379746835443038222e+00 8.275000000000000355e+00 4.347518705961337560e+01 2.468424133851821267e+01 3.023275481418753685e+01 1.200000000000000000e+01 6.076923076923076650e+00 1.905600430356411579e+00 4.000000000000000000e+01
8.690399644372327259e+01 3.411189702003358359e+00 2.078951887487574979e+00 3.490844852506160390e+00 1.258362168396770286e+00 1.800000000000000000e+01 9.050632911392405333e+00 9.925000000000000711e+00 1.127497825594890912e+02 5.564754225250591446e+01 6.478300397053605764e+01 8.000000000000000000e+00 4.388888888888889284e+00 1.511835162300170898e+00 4.000000000000000000e+01
6.778197772883147820e+01 3.375437903527040984e+00 1.880140554039909206e+00 3.483296910058804929e+00 1.090773809523809534e+00 1.400000000000000000e+01 7.734177215189873777e+00 8.625000000000000000e+00 8.025576883618346358e+01 4.381196169933794238e+01 5.024574830609812182e+01 1.000000000000000000e+01 5.642857142857143238e+00 1.640336370859502235e+00 4.000000000000000000e+01
7.350146226696350027e+01 3.443857242552258668e+00 1.833648649115842133e+00 3.909560448252425768e+00 2.086894586894586734e+00 1.700000000000000000e+01 1.054430379746835378e+01 1.140000000000000036e+01 9.644961725362644245e+01 4.795272810059449853e+01 5.361585147816096253e+01 1.000000000000000000e+01 4.647058823529412130e+00 2.154826515829857847e+00 4.000000000000000000e+01
6.459323813702650341e+01 3.552343858581805236e+00 1.497320898274219658e+00 3.989150187094865352e+00 1.355555555555555403e+00 1.600000000000000000e+01 9.278481012658227556e+00 1.015000000000000036e+01 9.038405550617628137e+01 4.313779705105133644e+01 4.683949820351789128e+01 1.000000000000000000e+01 4.937500000000000000e+00 1.540045268223395381e+00 4.000000000000000000e+01
5.844252060642115509e+01 2.521757574239155364e+00 1.105920761453779377e+00 2.591433110170791476e+00 1.942307692307692291e+00 1.700000000000000000e+01 8.316455696202531556e+00 9.199999999999999289e+00 8.003337261815936188e+01 3.692918118214947043e+01 4.329584669797758067e+01 1.400000000000000000e+01 4.647058823529412130e+00 1.512480836506579385e+00 4.000000000000000000e+01
1.081407956975309190e+02 3.411189702003358359e+00 2.342969120473858968e+00 3.499432650196017125e+00 3.147058823529411686e+00 2.100000000000000000e+01 1.186075949367088533e+01 1.269999999999999929e+01 1.227101520836163076e+02 6.953749572292520043e+01 7.759576316586174016e+01 8.000000000000000000e+00 3.761904761904761862e+00 1.374308302017603678e+00 4.000000000000000000e+01
5.177058055668611303e+01 3.402564240911784665e+00 1.621869062039685616e+00 3.386375732723991394e+00 1.154545454545454541e+00 1.100000000000000000e+01 6.721518987341772444e+00 7.625000000000000000e+00 6.260846462550951941e+01 3.263658140581999589e+01 3.872184603434072869e+01 1.400000000000000000e+01 7.181818181818181657e+00 1.496073560145384507e+00 4.000000000000000000e+01
7.111315602951840731e+01 3.586363173595479736e+00 1.492644293174485659e+00 3.891964848733278082e+00 1.966145833333333481e+00 2.000000000000000000e+01 1.054430379746835378e+01 1.140000000000000036e+01 1.037817773718544743e+02 4.802517753089865238e+01 5.049462102158798160e+01 8.000000000000000000e+00 3.950000000000000178e+00 1.684376661375107220e+00 4.000000000000000000e+01
8.171276381875848926e+01 3.515112659837269060e+00 2.022546047710374051e+00 3.769325374720491784e+00 3.114718614718614553e+00 1.800000000000000000e+01 1.016455696202531733e+01 1.102500000000000036e+01 9.270455055730525373e+01 5.356362775647783536e+01 5.812722682736237800e+01 8.000000000000000000e+00 4.388888888888889284e+00 1.570078072111191325e+00 4.000000000000000000e+01
8.333459888403264415e+01 3.443857242552258668e+00 1.983803238749697773e+00 3.463209173502878269e+00 1.618055555555555580e+00 1.500000000000000000e+01 1.026582278481012622e+01 1.112500000000000000e+01 9.149729469055041875e+01 5.396005815186536836e+01 6.015820697282078555e+01 1.200000000000000000e+01 5.266666666666666607e+00 1.678528115677616617e+00 4.000000000000000000e+01
6.488412968289165406e+01 3.473953464439372585e+00 1.653336044589029052e+00 3.565423764906886728e+00 1.086080586080586219e+00 1.300000000000000000e+01 8.113924050632912000e+00 9.000000000000000000e+00 9.260640007828038733e+01 4.128590529400442222e+01 4.876093349652824571e+01 1.200000000000000000e+01 6.076923076923076650e+00 1.533938998351032312e+00 4.000000000000000000e+01
7.919607274670958930e+01 3.411189702003358359e+00 2.166451651579086590e+00 3.240677379641176081e+00 2.705882352941176627e+00 1.800000000000000000e+01 1.084810126582278400e+01 1.169999999999999929e+01 9.653398827273323946e+01 5.153688937207672893e+01 5.763006623960367847e+01 1.000000000000000000e+01 4.388888888888889284e+00 1.619516307569139446e+00 4.000000000000000000e+01
8.016874923266512099e+01 3.515112659837269060e+00 1.460539867248007440e+00 4.096125346999484051e+00 1.042857142857142927e+00 2.100000000000000000e+01 1.148101265822784889e+01 1.232499999999999929e+01 8.601270376677349816e+01 5.158461064416954400e+01 5.746407414991026030e+01 8.000000000000000000e+00 3.761904761904761862e+00 1.632109070304390341e+00 4.000000000000000000e+01
7.975938432690477953e+01 3.411189702003358359e+00 2.522938357314530311e+00 3.234661826986272359e+00 2.949159663865546399e+00 1.900000000000000000e+01 1.016455696202531733e+01 1.102500000000000036e+01 1.101180293351417419e+02 5.172862230089020841e+01 6.054918881973065226e+01 8.000000000000000000e+00 4.157894736842105310e+00 1.207424714112855124e+00 4.000000000000000000e+01
7.041101193873211628e+01 3.375437903527040984e+00 1.797653697734835188e+00 3.321147762845158891e+00 1.580729166666666519e+00 1.700000000000000000e+01 9.911392405063290667e+00 1.077500000000000036e+01 8.350730430126306203e+01 4.510618709951357630e+01 5.106623692537545622e+01 8.000000000000000000e+00 4.647058823529412130e+00 1.806183489269776343e+00 4.000000000000000000e+01
5.744977494784594541e+01 3.443857242552258668e+00 1.692697242026191651e+00 3.575373856366165892e+00 2.388888888888888840e+00 1.600000000000000000e+01 9.784810126582279111e+00 1.065000000000000036e+01 7.607011079513094387e+01 3.803340553199472396e+01 3.984473210667782439e+01 8.000000000000000000e+00 4.937500000000000000e+00 2.188208582839241689e+00 4.000000000000000000e+01
8.354509602136714363e+01 3.552343858581805236e+00 1.226028232544304819e+00 4.236131796896614787e+00 1.540740740740740744e+00 2.000000000000000000e+01 9.835443037974682667e+00 1.069999999999999929e+01 1.135563404882351364e+02 5.787327318686372735e+01 6.098763450959806676e+01 8.000000000000000000e+00 3.950000000000000178e+00 1.262103703303636859e+00 4.000000000000000000e+01
7.088259890476558667e+01 3.375437903527040984e+00 2.063481916735641519e+00 3.250307963672549150e+00 2.537500000000000089e+00 2.000000000000000000e+01 9.860759493670885334e+00 1.072499999999999964e+01 8.649757526006675334e+01 4.546230508337910692e+01 5.165783064269534464e+01 8.000000000000000000e+00 3.950000000000000178e+00 1.643453778675068477e+00 4.000000000000000000e+01
8.360940005278800413e+01 3.617704769439423984e+00 2.164596144490327667e+00 3.986197947609898762e+00 2.000000000000000000e+00 2.000000000000000000e+01 1.148101265822784889e+01 1.232499999999999929e+01 1.063802190295049428e+02 5.420832414279037437e+01 6.214061114092419302e+01 8.000000000000000000e+00 3.950000000000000178e+00 1.372635998363612941e+00 4.000000000000000000e+01
5.521672834004771602e+01 3.314454017339988567e+00 1.492348385526694354e+00 3.679661495340411204e+00 1.343421052631579071e+00 1.500000000000000000e+01 8.139240506329114666e+00 9.025000000000000355e+00 7.569041451724491765e+01 3.525136987784140530e+01 3.995792196162895493e+01 1.200000000000000000e+01 5.266666666666666607e+00 2.352165602602941608e+00 4.000000000000000000e+01
7.502783329896918474e+01 6.324555320336762598e+00 3.833393155349596348e+00 6.288612093536503522e+00 8.250000000000000000e+00 2.500000000000000000e+01 1.472151898734177244e+01 1.552500000000000036e+01 8.599478195387148105e+01 4.932239614490850244e+01 5.204188291874347527e+01 6.000000000000000000e+00 3.160000000000000142e+00 1.547022902893973484e+00 4.000000000000000000e+01
4.913500850316675894e+01 3.501871511350208799e+00 1.589953460340713942e+00 3.918699851259574096e+00 1.694285714285714395e+00 1.400000000000000000e+01 7.962025316455696000e+00 8.849999999999999645e+00 6.382142835849392526e+01 3.148425915075090487e+01 3.575985946576206942e+01 1.200000000000000000e+01 5.642857142857143238e+00 1.784557359364456364e+00 4.000000000000000000e+01
6.861645616968658601e+01 3.527919570223205792e+00 1.952218322272799789e+00 3.710377976614369633e+00 2.070381998953427338e+00 1.300000000000000000e+01 8.265822784810126223e+00 9.150000000000000355e+00 8.227215366778069949e+01 4.351156725528322511e+01 5.081190842488124559e+01 1.000000000000000000e+01 6.076923076923076650e+00 1.783746961466248449e+00 4.000000000000000000e+01
6.038008343922018639e+01 3.646778057984196852e+00 1.796686502184722478e+00 3.833863868813943032e+00 2.365079365079365559e+00 1.700000000000000000e+01 9.658227848101265778e+00 1.052500000000000036e+01 7.550569714479317440e+01 3.860836303417816140e+01 4.457159729124412451e+01 1.000000000000000000e+01 4.647058823529412130e+00 1.728662943783726647e+00 4.000000000000000000e+01
7.741174012424603745e+01 3.473953464439372585e+00 8.194475192668897456e-01 4.710482308728152212e+00 6.131549609810480472e-01 1.900000000000000000e+01 9.303797468354430222e+00 1.017500000000000071e+01 1.100714454331772032e+02 5.153708549248989357e+01 5.372147675048022819e+01 8.000000000000000000e+00 4.157894736842105310e+00 1.611446749182618099e+00 4.000000000000000000e+01
6.568859299802534224e+01 3.501871511350208799e+00 1.964153565714556127e+00 3.763042190146995480e+00 2.326190476190475920e+00 1.700000000000000000e+01 1.059493670886075911e+01 1.144999999999999929e+01 7.685753214378821951e+01 4.311305476368964662e+01 4.510039118957627124e+01 8.000000000000000000e+00 4.647058823529412130e+00 1.853269670197089436e+00 4.000000000000000000e+01
8.380942961828316129e+01 3.314454017339988567e+00 2.015571554410258592e+00 3.954187590864888691e+00 2.605263157894736725e+00 2.000000000000000000e+01 1.079746835443038044e+01 1.165000000000000036e+01 1.107846896749526309e+02 5.418863069595550996e+01 6.046420234573702146e+01 1.000000000000000000e+01 3.950000000000000178e+00 1.499381269117460391e+00 4.000000000000000000e+01
1.040881077645565966e+02 3.375437903527040984e+00 2.096766983585662825e+00 4.044149274253984849e+00 2.647727272727272929e+00 2.200000000000000000e+01 1.193670886075949333e+01 1.277500000000000036e+01 1.260636075571351284e+02 6.589298541735560377e+01 7.485923910347975152e+01 8.000000000000000000e+00 3.590909090909090828e+00 1.556457725409685633e+00 4.000000000000000000e+01
6.021488781213619035e+01 3.375437903527040984e+00 1.535974471444812250e+00 3.561315489858551953e+00 1.790842490842490697e+00 1.900000000000000000e+01 9.784810126582279111e+00 1.065000000000000036e+01 7.327517211224156313e+01 3.906833424043303182e+01 4.305503925328999060e+01 1.200000000000000000e+01 4.157894736842105310e+00 2.168978557737642365e+00 4.000000000000000000e+01
9.253377351028910880e+01 3.375437903527040984e+00 2.177839996781768761e+00 4.024730161737982925e+00 3.034527972027972087e+00 1.600000000000000000e+01 9.531645569620252445e+00 1.040000000000000036e+01 1.181883718980972731e+02 6.068118765198685338e+01 6.561334627592118807e+01 8.000000000000000000e+00 4.937500000000000000e+00 1.408548344633099969e+00 4.000000000000000000e+01
7.681863414791592959e+01 3.346195160597230434e+00 2.063943496560084245e+00 3.433870934222778448e+00 2.380303030303030365e+00 1.700000000000000000e+01 8.721518987341772444e+00 9.599999999999999645e+00 1.126430566232642718e+02 5.161304449013246654e+01 5.525771899370913331e+01 8.000000000000000000e+00 4.647058823529412130e+00 1.295928310857590748e+00 4.000000000000000000e+01
9.500016409499833969e+01 6.324555320336764375e+00 4.613300222199785416e+00 5.903627177455417652e+00 7.200000000000000178e+00 2.500000000000000000e+01 1.305063291139240533e+01 1.387500000000000000e+01 1.221133911791664275e+02 6.097790552493251681e+01 6.684157141243838396e+01 6.000000000000000000e+00 3.160000000000000142e+00 1.395768834497258748e+00 4.000000000000000000e+01
6.374878863123068840e+01 3.443857242552258668e+00 1.788231156840277558e+00 3.670908298387710378e+00 1.666666666666666741e+00 1.200000000000000000e+01 7.379746835443038222e+00 8.275000000000000355e+00 7.591690443931139498e+01 4.043048574724935662e+01 4.619141366959338058e+01 1.200000000000000000e+01 6.583333333333333037e+00 1.516485992423610707e+00 4.000000000000000000e+01
1.011437242374032905e+02 3.443857242552258668e+00 2.031511501990558966e+00 3.093569221675649406e+00 2.347222222222222321e+00 1.900000000000000000e+01 1.127848101265822756e+01 1.212500000000000000e+01 1.177808161626648200e+02 6.599964408325384113e+01 7.375471587545914076e+01 8.000000000000000000e+00 4.157894736842105310e+00 1.411617389706175674e+00 4.000000000000000000e+01
5.825518217211354255e+01 3.402564240911784665e+00 1.908048096458052623e+00 3.391870648905469299e+00 1.381601731601731720e+00 1.200000000000000000e+01 6.746835443037975111e+00 7.650000000000000355e+00 8.421652302213348662e+01 3.716969310708355323e+01 4.440469754105443201e+01 1.400000000000000000e+01 6.583333333333333037e+00 1.610800743324308559e+00 4.000000000000000000e+01
8.711715840656479770e+01 3.473953464439372585e+00 1.810766596264321793e+00 4.397698591343119467e+00 1.586915535444947123e+00 1.700000000000000000e+01 1.006329113924050667e+01 1.092500000000000071e+01 9.633108378842132424e+01 5.528358114324784367e+01 6.262722961003166233e+01 1.000000000000000000e+01 4.647058823529412130e+00 1.622790965238667393e+00 4.000000000000000000e+01
1.077398114438283159e+02 6.324555320336762598e+00 5.230206622518137394e+00 6.129439627863244588e+00 9.333333333333333925e+00 2.400000000000000000e+01 1.332911392405063289e+01 1.415000000000000036e+01 1.383944048697798337e+02 6.987705240424233466e+01 7.648419510377118513e+01 1.000000000000000000e+01 3.291666666666666519e+00 1.389326057999583197e+00 4.000000000000000000e+01
4.283113760944222292e+01 3.443857242552258668e+00 1.398833238115317457e+00 3.629315464203478392e+00 1.200980392156862697e+00 1.400000000000000000e+01 7.784810126582278222e+00 8.675000000000000711e+00 5.296094581652867106e+01 2.756734836418473122e+01 3.151011397213283871e+01 8.000000000000000000e+00 5.642857142857143238e+00 2.520576071347767844e+00 4.000000000000000000e+01
8.997126959242841338e+01 3.515112659837269060e+00 2.120179335527341280e+00 3.906497255083361431e+00 1.900000000000000133e+00 2.100000000000000000e+01 1.206329113924050667e+01 1.290000000000000036e+01 9.828982458930221355e+01 5.801734095407244496e+01 6.458954245148653683e+01 8.000000000000000000e+00 3.761904761904761862e+00 1.665504936871786024e+00 4.000000000000000000e+01
8.965934768114985332e+01 3.375437903527040984e+00 1.950617669963953027e+00 3.833881237665976993e+00 1.823529411764705843e+00 2.000000000000000000e+01 1.137974683544303822e+01 1.222499999999999964e+01 1.161968144397709182e+02 5.825090983079429918e+01 6.287374923929709780e+01 1.000000000000000000e+01 3.950000000000000178e+00 1.850412183701692470e+00 4.000000000000000000e+01
1.046748824779988070e+02 3.411189702003358359e+00 2.365269445439554197e+00 3.710358562792600345e+00 2.411764705882352811e+00 1.700000000000000000e+01 1.135443037974683556e+01 1.219999999999999929e+01 1.266985981337699201e+02 6.816020434879696666e+01 7.296694239969521334e+01 1.000000000000000000e+01 4.647058823529412130e+00 1.545579971761869009e+00 4.000000000000000000e+01
8.809259815574425545e+01 3.443857242552258668e+00 2.107632408253786060e+00 3.549992892024276703e+00 2.336309523809523725e+00 1.800000000000000000e+01 1.049367088607595022e+01 1.134999999999999964e+01 1.053737508818213087e+02 5.728952669953853416e+01 6.320108374205779000e+01 6.000000000000000000e+00 4.388888888888889284e+00 1.828963355262498647e+00 4.000000000000000000e+01
7.597361267806648755e+01 3.646778057984196852e+00 1.671338420015144655e+00 4.445928251539521980e+00 1.750000000000000000e+00 1.700000000000000000e+01 9.126582278481013333e+00 1.000000000000000000e+01 1.050689315549165741e+02 4.980976523331847261e+01 5.508925402572528185e+01 1.000000000000000000e+01 4.647058823529412130e+00 1.368806928178789128e+00 4.000000000000000000e+01
6.162554299140980874e+01 3.443857242552258668e+00 1.769656576826613925e+00 3.100318175917999852e+00 3.118827160493827133e+00 2.200000000000000000e+01 1.092405063291139200e+01 1.177500000000000036e+01 1.022635068270496106e+02 4.058463504987167170e+01 4.501458296567569306e+01 8.000000000000000000e+00 3.590909090909090828e+00 1.856650066718733338e+00 4.000000000000000000e+01
7.093397641062017556e+01 3.427873620019257661e+00 1.720785497070929759e+00 3.713821885220299102e+00 1.089285714285714191e+00 1.500000000000000000e+01 8.620253164556961778e+00 9.500000000000000000e+00 8.661610909403454173e+01 4.552263218697200386e+01 5.104167355384253568e+01 1.000000000000000000e+01 5.266666666666666607e+00 1.804153914494194488e+00 4.000000000000000000e+01
4.380181272393240022e+01 3.327479068260029038e+00 1.475636147127538544e+00 3.616205765947361872e+00 2.274999999999999911e+00 1.200000000000000000e+01 8.240506329113923556e+00 9.125000000000000000e+00 5.360863396221425603e+01 2.736704055692595361e+01 3.265401653193175946e+01 1.400000000000000000e+01 6.583333333333333037e+00 1.231079714981675455e+00 4.000000000000000000e+01
6.711090986504986233e+01 3.427873620019256773e+00 2.144989359689323472e+00 3.145049577397459384e+00 2.797294685990338703e+00 1.300000000000000000e+01 7.455696202531645334e+00 8.349999999999999645e+00 7.806508140662973005e+01 4.372233754408534878e+01 4.949477067633716132e+01 1.200000000000000000e+01 6.076923076923076650e+00 1.722465022609629637e+00 4.000000000000000000e+01
8.543534241961900477e+01 3.335914189305272171e+00 2.029383696060162112e+00 3.641920855556649794e+00 2.014285714285714235e+00 1.900000000000000000e+01 1.155696202531645511e+01 1.240000000000000036e+01 9.735530639027292921e+01 5.423200848835413268e+01 6.066074304776958570e+01 8.000000000000000000e+00 4.157894736842105310e+00 1.523048161357760444e+00 4.000000000000000000e+01
7.402683976070272820e+01 3.411189702003358359e+00 1.701057136934309488e+00 3.903896451344591956e+00 1.236529906080079177e+00 1.200000000000000000e+01 7.962025316455696000e+00 8.849999999999999645e+00 7.718688700534866598e+01 4.676503579132223365e+01 5.346288810165738425e+01 1.400000000000000000e+01 6.583333333333333037e+00 1.973330406023388051e+00 4.000000000000000000e+01
9.119645599053690432e+01 3.443857242552258668e+00 2.247020273024595394e+00 3.852043445230747931e+00 2.676767676767676907e+00 2.000000000000000000e+01 1.153164556962025245e+01 1.237500000000000000e+01 1.125381999860195492e+02 5.907891330086579984e+01 6.650789709064618194e+01 8.000000000000000000e+00 3.950000000000000178e+00 1.315157006495295988e+00 4.000000000000000000e+01
6.753250530331263235e+01 3.473953464439372585e+00 1.118027110770303034e+00 4.117280066926631399e+00 3.086925894618202548e+00 1.800000000000000000e+01 9.582278481012657778e+00 1.044999999999999929e+01 9.255783523917878597e+01 4.322325123349701670e+01 4.918033920949668669e+01 8.000000000000000000e+00 4.388888888888889284e+00 1.368836113844045688e+00 4.000000000000000000e+01
8.249324851516925605e+01 3.411189702003358359e+00 1.930854496485649774e+00 3.768605664892334062e+00 2.176470588235293935e+00 1.700000000000000000e+01 1.135443037974683556e+01 1.219999999999999929e+01 7.999873834730355782e+01 5.240343756897161143e+01 5.916846302131914115e+01 1.000000000000000000e+01 4.647058823529412130e+00 1.654180203776909552e+00 4.000000000000000000e+01
5.643209600553138472e+01 3.411189702003358359e+00 1.406339171502600127e+00 3.706743077348344073e+00 2.005882352941176450e+00 1.500000000000000000e+01 8.493670886075950222e+00 9.375000000000000000e+00 7.453620377085374571e+01 3.586291277144395906e+01 4.211012107659665560e+01 1.000000000000000000e+01 5.266666666666666607e+00 1.587197530634044673e+00 4.000000000000000000e+01
7.847149013191059908e+01 3.473953464439372585e+00 2.282981860072609948e+00 3.428299451221193728e+00 2.056680161943320151e+00 1.600000000000000000e+01 1.044303797468354489e+01 1.130000000000000071e+01 8.978191423156080475e+01 5.084022998894017320e+01 5.641983295287104738e+01 8.000000000000000000e+00 4.937500000000000000e+00 1.441040177518206455e+00 4.000000000000000000e+01
7.304246758099650094e+01 3.515112659837269060e+00 1.322215355738793452e+00 4.006894847612368693e+00 2.747448979591836871e+00 2.100000000000000000e+01 1.117721518987341689e+01 1.202500000000000036e+01 1.004783491461403457e+02 4.909563441870398748e+01 5.195120723831220744e+01 8.000000000000000000e+00 3.761904761904761862e+00 1.502587523989801221e+00 4.000000000000000000e+01
7.240885302937952872e+01 3.515112659837269060e+00 1.845329638710005993e+00 4.030540958677703678e+00 2.834665334665334768e+00 1.800000000000000000e+01 1.064556962025316444e+01 1.150000000000000000e+01 9.254814553235405583e+01 4.656881378550460937e+01 5.237471061124144001e+01 8.000000000000000000e+00 4.388888888888889284e+00 1.531682449256961176e+00 4.000000000000000000e+01
7.585625044025069030e+01 3.335914189305272171e+00 1.602680205191754137e+00 3.835917273286360007e+00 1.675555555555555465e+00 1.800000000000000000e+01 1.031645569620253156e+01 1.117500000000000071e+01 9.247587658536605204e+01 4.828612259268827955e+01 5.468869501387496967e+01 8.000000000000000000e+00 4.388888888888889284e+00 1.620035702222119678e+00 4.000000000000000000e+01
8.063755877434552133e+01 3.552343858581805236e+00 1.898412247447607948e+00 4.063299645920735337e+00 1.960634920634920952e+00 1.900000000000000000e+01 1.094936708860759467e+01 1.180000000000000071e+01 9.458617366168100205e+01 5.266540880130547464e+01 5.662005872952658336e+01 8.000000000000000000e+00 4.157894736842105310e+00 1.547282037806972266e+00 4.000000000000000000e+01
1.064038101914841405e+02 3.552343858581805236e+00 2.027977784832122321e+00 4.213533333209299236e+00 1.355555555555555403e+00 1.500000000000000000e+01 9.354430379746835555e+00 1.022499999999999964e+01 1.083457060108846406e+02 6.829058963804128268e+01 7.744706408117552598e+01 1.200000000000000000e+01 5.266666666666666607e+00 1.620139094468075136e+00 4.000000000000000000e+01
5.641289800677563449e+01 3.443857242552258668e+00 1.722670307775914456e+00 3.887157206979915181e+00 1.888888888888888840e+00 1.600000000000000000e+01 9.253164556962024889e+00 1.012500000000000000e+01 7.396152446689944782e+01 3.618578440537077512e+01 4.111667683290371400e+01 1.000000000000000000e+01 4.937500000000000000e+00 1.722071966674225019e+00 4.000000000000000000e+01
6.188264397281199791e+01 3.552343858581805236e+00 1.221275836153124850e+00 4.201263869806361129e+00 1.598879551820728384e+00 1.900000000000000000e+01 1.031645569620253156e+01 1.117500000000000071e+01 8.824524262654642826e+01 4.069559172433904592e+01 4.381624624743962215e+01 8.000000000000000000e+00 4.157894736842105310e+00 1.636386772916730958e+00 4.000000000000000000e+01
6.651564506344840311e+01 3.411189702003358359e+00 1.640539692307399822e+00 3.659361676321540635e+00 1.196078431372548989e+00 1.400000000000000000e+01 8.215189873417720889e+00 9.099999999999999645e+00 8.006763323901174090e+01 4.260104011260235524e+01 4.866664027785613911e+01 1.000000000000000000e+01 5.642857142857143238e+00 2.000113217242563302e+00 4.000000000000000000e+01
6.474535006991415287e+01 3.375437903527040984e+00 1.682006031963113823e+00 3.323914456067486700e+00 1.516911764705882293e+00 1.600000000000000000e+01 9.050632911392405333e+00 9.925000000000000711e+00 8.416703517896928588e+01 4.100211854980649662e+01 4.839520906026621816e+01 1.000000000000000000e+01 4.937500000000000000e+00 1.877176709131908039e+00 4.000000000000000000e+01
7.928548709111917958e+01 3.375437903527040984e+00 1.817787748711852114e+00 3.671354001123737110e+00 2.174999999999999822e+00 2.200000000000000000e+01 1.196202531645569600e+01 1.280000000000000071e+01 1.078618979973190193e+02 5.288407236433178582e+01 5.620429589973580420e+01 6.000000000000000000e+00 3.590909090909090828e+00 1.638820797118729855e+00 4.000000000000000000e+01
7.515390541467702690e+01 3.427873620019257661e+00 1.352407720688597159e+00 4.329978812300103286e+00 2.333333333333333481e+00 1.500000000000000000e+01 9.278481012658227556e+00 1.015000000000000036e+01 7.682176769498038027e+01 4.727872970461979918e+01 5.495081867889248883e+01 1.000000000000000000e+01 5.266666666666666607e+00 1.593703740355265852e+00 4.000000000000000000e+01
7.591160366884869859e+01 3.586363173595479736e+00 1.831956274788683059e+00 4.105079911553453975e+00 2.162847222222222143e+00 1.800000000000000000e+01 1.067088607594936711e+01 1.152500000000000036e+01 8.517843230835653401e+01 4.948430889016308498e+01 5.346111249992772940e+01 8.000000000000000000e+00 4.388888888888889284e+00 1.887717293116437878e+00 4.000000000000000000e+01
5.482382737941114215e+01 3.411189702003358359e+00 1.291864513326257180e+00 3.635656015471469438e+00 1.505514705882353033e+00 1.300000000000000000e+01 7.430379746835442667e+00 8.324999999999999289e+00 6.683253822737053440e+01 3.440415054323821664e+01 4.141831774060865001e+01 1.200000000000000000e+01 6.076923076923076650e+00 1.423195049068210594e+00 4.000000000000000000e+01
7.855993048231945863e+01 3.552343858581805236e+00 2.058864795802056058e+00 3.767329956064568997e+00 3.931818181818182101e+00 2.300000000000000000e+01 1.262025316455696178e+01 1.344999999999999929e+01 1.029811186502329008e+02 5.182533857768160601e+01 5.604863817496902101e+01 6.000000000000000000e+00 3.434782608695652328e+00 1.331199457531818675e+00 4.000000000000000000e+01
6.723403366054220953e+01 3.346195160597230434e+00 1.714161919002465506e+00 3.726939403301515075e+00 1.250000000000000000e+00 1.800000000000000000e+01 9.025316455696202667e+00 9.900000000000000355e+00 8.624843940924692731e+01 4.291312111897534720e+01 4.952636695028112257e+01 1.000000000000000000e+01 4.388888888888889284e+00 2.052061666318958810e+00 4.000000000000000000e+01
9.401158488459337548e+01 3.646778057984196852e+00 2.592149392009772679e+00 3.327668550451773566e+00 4.222222222222222321e+00 1.900000000000000000e+01 1.006329113924050667e+01 1.092500000000000071e+01 1.291188027165461563e+02 6.155669446854132332e+01 6.985594239390772486e+01 6.000000000000000000e+00 4.157894736842105310e+00 1.378523961918954654e+00 4.000000000000000000e+01
8.533509944830169047e+01 3.586363173595479736e+00 1.662532160921416979e+00 4.595091043370133299e+00 1.703125000000000000e+00 2.000000000000000000e+01 1.158227848101265778e+01 1.242500000000000071e+01 1.069320446520444960e+02 5.781097093646557283e+01 6.097364539819849938e+01 8.000000000000000000e+00 3.950000000000000178e+00 1.523791900682131661e+00 4.000000000000000000e+01
5.099592055876290431e+01 3.346195160597230434e+00 1.678323558278504324e+00 3.482810859486780597e+00 2.370454545454545592e+00 1.600000000000000000e+01 8.620253164556961778e+00 9.500000000000000000e+00 8.031178041449975069e+01 3.351981417944254105e+01 3.662182211632006812e+01 1.000000000000000000e+01 4.937500000000000000e+00 1.352297097065403353e+00 4.000000000000000000e+01
1.186316116125532290e+02 6.324555320336760822e+00 4.937723469317159442e+00 6.675979899310435783e+00 1.554545454545454497e+01 3.100000000000000000e+01 1.667088607594936533e+01 1.744999999999999929e+01 1.581035993004897762e+02 7.934616336457983721e+01 8.345841733771716520e+01 4.000000000000000000e+00 2.548387096774193505e+00 1.258409200417800911e+00 4.000000000000000000e+01
7.225777101581341810e+01 3.552343858581805236e+00 1.298541603437498138e+00 3.935077156026186351e+00 1.540740740740740744e+00 2.000000000000000000e+01 9.936708860759493334e+00 1.080000000000000071e+01 9.757507449810127298e+01 4.655100708692321376e+01 5.332855081006611186e+01 8.000000000000000000e+00 3.950000000000000178e+00 1.557121690189668284e+00 4.000000000000000000e+01
7.367763825341828010e+01 3.473953464439372585e+00 1.529498445686055641e+00 3.929871038365611025e+00 1.393569393569393355e+00 1.800000000000000000e+01 1.039240506329113956e+01 1.125000000000000000e+01 8.498977807446594568e+01 4.723178012831377259e+01 5.427445747875106008e+01 8.000000000000000000e+00 4.388888888888889284e+00 1.726842905463262801e+00 4.000000000000000000e+01
5.723975812695023535e+01 3.314454017339988567e+00 1.713130982106773725e+00 3.605577692461675365e+00 1.868421052631578982e+00 1.500000000000000000e+01 8.544303797468353778e+00 9.425000000000000711e+00 7.783367248694638363e+01 3.646962282973186831e+01 4.161761780873318628e+01 8.000000000000000000e+00 5.266666666666666607e+00 1.824089630256454653e+00 4.000000000000000000e+01
5.866442702638453000e+01 3.473953464439372585e+00 1.424484514422589498e+00 3.642230805821844442e+00 1.324561403508772051e+00 1.900000000000000000e+01 9.734177215189873777e+00 1.059999999999999964e+01 7.375486763268398249e+01 3.754196689999619707e+01 4.397651626470991459e+01 1.000000000000000000e+01 4.157894736842105310e+00 1.838007104555675841e+00 4.000000000000000000e+01
6.275430920876812735e+01 3.346195160597230434e+00 1.727654616060677162e+00 3.537130641184315305e+00 1.789423076923077005e+00 1.600000000000000000e+01 9.025316455696202667e+00 9.900000000000000355e+00 7.208628190279208070e+01 4.033821785471852195e+01 4.636411322222599551e+01 1.000000000000000000e+01 4.937500000000000000e+00 1.791911219711686876e+00 4.000000000000000000e+01
9.059228562874926638e+01 6.324555320336762598e+00 4.688048095418836603e+00 5.651787743921524942e+00 6.882352941176470118e+00 2.200000000000000000e+01 1.173417721518987378e+01 1.257499999999999929e+01 1.149438240917729388e+02 5.986657163487629418e+01 6.413934216982944747e+01 6.000000000000000000e+00 3.590909090909090828e+00 1.425742881357318304e+00 4.000000000000000000e+01
8.009459760437101750e+01 3.443857242552258668e+00 2.037630207289373718e+00 3.573907125909747240e+00 3.694940476190476275e+00 2.300000000000000000e+01 1.373417721518987378e+01 1.455000000000000071e+01 8.924552182512040588e+01 5.243684002512169684e+01 5.562389753552331939e+01 8.000000000000000000e+00 3.434782608695652328e+00 1.510970640591912106e+00 4.000000000000000000e+01
9.283432369750815383e+01 3.443857242552258668e+00 2.027163012262815478e+00 3.862044500012484782e+00 3.272222222222222143e+00 2.100000000000000000e+01 1.155696202531645511e+01 1.240000000000000036e+01 1.094225296031623458e+02 5.991701523254091910e+01 6.782137504088296964e+01 8.000000000000000000e+00 3.761904761904761862e+00 1.441122957284906914e+00 4.000000000000000000e+01
8.515601981491896311e+01 3.552343858581805236e+00 2.097289098396028617e+00 3.773301833795691618e+00 3.451515151515151647e+00 2.200000000000000000e+01 1.224050632911392356e+01 1.307499999999999929e+01 1.134650948281834246e+02 5.452487067670109155e+01 6.401519991663950293e+01 8.000000000000000000e+00 3.590909090909090828e+00 1.365873028917864218e+00 4.000000000000000000e+01
8.576896485068635911e+01 3.375437903527040984e+00 2.032305244482961903e+00 3.773167277706111378e+00 1.289390756302521091e+00 1.500000000000000000e+01 8.949367088607594667e+00 9.824999999999999289e+00 9.859177568408634329e+01 5.505921157882997363e+01 6.227906767732891069e+01 1.000000000000000000e+01 5.266666666666666607e+00 1.566840768348577662e+00 4.000000000000000000e+01
6.427083158142853847e+01 3.617704769439423984e+00 1.263708516145602534e+00 3.780957882489526245e+00 1.695501730103806448e+00 1.900000000000000000e+01 9.556962025316455112e+00 1.042500000000000071e+01 8.979731155848385526e+01 4.217556183940078540e+01 4.780881381514337392e+01 8.000000000000000000e+00 4.157894736842105310e+00 1.598006491181754196e+00 4.000000000000000000e+01
7.727824868299357775e+01 2.479980506953562092e+00 1.431216801954628304e+00 3.006947345024215679e+00 1.522023809523809668e+00 1.500000000000000000e+01 9.531645569620252445e+00 1.040000000000000036e+01 9.124905666252267622e+01 4.932478958629424426e+01 5.554059819967019962e+01 1.000000000000000000e+01 5.266666666666666607e+00 1.720520862298241527e+00 4.000000000000000000e+01
5.586491262786646672e+01 3.443857242552258668e+00 1.594189794089305501e+00 3.674971029523609101e+00 1.458333333333333259e+00 1.400000000000000000e+01 7.354430379746835555e+00 8.250000000000000000e+00 7.393866894053731187e+01 3.577870463471322893e+01 4.097843996253948973e+01 1.200000000000000000e+01 5.642857142857143238e+00 1.505921136557848206e+00 4.000000000000000000e+01
7.681448815806675157e+01 3.375437903527040984e+00 1.853109517998011269e+00 3.523539735834677611e+00 1.478306878306878236e+00 1.200000000000000000e+01 7.506329113924050667e+00 8.400000000000000355e+00 8.086200870031437660e+01 4.843882025202375274e+01 5.698553799390994357e+01 1.400000000000000000e+01 6.583333333333333037e+00 1.595957425531217888e+00 4.000000000000000000e+01
9.247894150988521744e+01 3.291665350506605581e+00 1.950503178980502517e+00 3.786042853015395782e+00 2.620879120879120894e+00 2.300000000000000000e+01 1.368354430379746844e+01 1.450000000000000000e+01 9.397319710831952477e+01 5.909488019684055615e+01 6.481008466163875426e+01 8.000000000000000000e+00 3.434782608695652328e+00 1.598595030468941802e+00 4.000000000000000000e+01
6.401578112619840510e+01 3.411189702003358359e+00 1.840943561295572684e+00 3.501329390728765034e+00 2.113445378151260545e+00 1.700000000000000000e+01 9.835443037974682667e+00 1.069999999999999929e+01 7.325200622293560571e+01 4.056925771423702543e+01 4.581162967866857372e+01 8.000000000000000000e+00 4.647058823529412130e+00 1.701238379515063404e+00 4.000000000000000000e+01
1.076837907795789562e+02 3.473953464439372585e+00 2.369550150114244413e+00 4.134433056054080957e+00 2.923076923076922906e+00 2.100000000000000000e+01 1.345569620253164622e+01 1.427500000000000036e+01 1.130250156077985508e+02 7.004425360473248929e+01 7.421601724423983626e+01 8.000000000000000000e+00 3.761904761904761862e+00 1.465111025303847514e+00 4.000000000000000000e+01
7.521146720369050342e+01 3.552343858581805236e+00 1.521302646024541572e+00 4.212328847406887178e+00 5.239999999999999325e+00 2.300000000000000000e+01 1.079746835443038044e+01 1.165000000000000036e+01 9.630934960445526372e+01 4.771063379797428183e+01 5.596817563620663805e+01 1.000000000000000000e+01 3.434782608695652328e+00 1.370814141280025877e+00 4.000000000000000000e+01
7.446492421643492321e+01 3.346195160597230434e+00 2.132770224647950297e+00 3.355277755183621480e+00 2.751428571428571335e+00 1.700000000000000000e+01 1.024050632911392356e+01 1.109999999999999964e+01 1.010552297055158135e+02 4.761004686606887049e+01 5.406265987475511992e+01 1.000000000000000000e+01 4.647058823529412130e+00 1.656625151583798194e+00 4.000000000000000000e+01
8.625169299817234503e+01 3.473953464439372585e+00 1.850615399967012742e+00 3.657596420190099895e+00 2.089743589743589425e+00 2.300000000000000000e+01 1.287341772151898667e+01 1.369999999999999929e+01 1.124359337421790030e+02 5.672058427820932991e+01 5.991023223552193855e+01 6.000000000000000000e+00 3.434782608695652328e+00 1.485043226544462192e+00 4.000000000000000000e+01
6.668687412801025971e+01 3.411189702003358359e+00 2.054313134156258602e+00 3.583912150245003314e+00 2.425653594771242094e+00 1.700000000000000000e+01 8.949367088607594667e+00 9.824999999999999289e+00 1.017634656093701579e+02 4.320451194564097364e+01 4.677922101708843883e+01 1.200000000000000000e+01 4.647058823529412130e+00 1.412845006380203383e+00 4.000000000000000000e+01
6.982270190682513089e+01 3.427873620019257661e+00 1.288567278151886875e+00 4.326740291684369133e+00 1.937500000000000000e+00 1.600000000000000000e+01 1.021518987341772089e+01 1.107499999999999929e+01 8.768526683063164739e+01 4.483578476603457830e+01 4.979154712244040581e+01 1.200000000000000000e+01 4.937500000000000000e+00 1.187083297035273155e+00 4.000000000000000000e+01
4.670344528406782558e+01 3.473953464439372585e+00 1.314072101274398552e+00 3.751936894556738622e+00 1.381578947368421018e+00 1.200000000000000000e+01 7.050632911392405333e+00 7.950000000000000178e+00 7.143078856852339698e+01 3.005267098861387609e+01 3.407808545475562312e+01 1.000000000000000000e+01 6.583333333333333037e+00 1.169172098632338397e+00 4.000000000000000000e+01
8.321301887469189751e+01 3.375437903527040984e+00 2.050553676285192584e+00 3.328886725547083092e+00 1.516911764705882293e+00 1.600000000000000000e+01 9.101265822784810666e+00 9.974999999999999645e+00 1.032275845450062235e+02 5.312626371610405585e+01 6.111805128426578193e+01 1.200000000000000000e+01 4.937500000000000000e+00 1.702936283753379909e+00 4.000000000000000000e+01
8.425420992358161243e+01 3.552343858581805236e+00 2.091522717818700361e+00 4.197956506936294296e+00 2.666666666666666519e+00 2.100000000000000000e+01 1.211392405063291200e+01 1.294999999999999929e+01 1.211972838236109169e+02 5.730610492412535706e+01 5.805636930671749951e+01 8.000000000000000000e+00 3.761904761904761862e+00 1.400745588019019161e+00 4.000000000000000000e+01
6.651238320923059177e+01 3.473953464439372585e+00 1.164559503177487576e+00 3.440539088528744127e+00 2.532967032967033294e+00 2.400000000000000000e+01 1.216455696202531733e+01 1.300000000000000000e+01 9.366738290684239132e+01 4.305893781557006861e+01 5.077499140500618324e+01 8.000000000000000000e+00 3.291666666666666519e+00 1.465278795729464401e+00 4.000000000000000000e+01
6.854437697666799068e+01 3.443857242552258668e+00 2.034701057190725138e+00 3.374556238962750587e+00 2.347222222222222321e+00 1.600000000000000000e+01 1.064556962025316444e+01 1.150000000000000000e+01 7.633225399904256392e+01 4.316889635579263995e+01 5.084281384817352034e+01 1.200000000000000000e+01 4.937500000000000000e+00 1.783727938745005348e+00 4.000000000000000000e+01
9.045041979390106235e+01 3.427873620019257661e+00 2.024001873250233619e+00 3.675023389614338942e+00 2.456293706293706247e+00 2.000000000000000000e+01 1.221518987341772089e+01 1.305000000000000071e+01 1.130560402206086792e+02 5.854441014012531497e+01 6.385551453447131109e+01 8.000000000000000000e+00 3.950000000000000178e+00 1.647364780429679154e+00 4.000000000000000000e+01
5.772143930626803865e+01 3.473953464439372585e+00 1.985444221271574827e+00 3.277604895224918824e+00 1.774436090225563589e+00 1.500000000000000000e+01 9.556962025316455112e+00 1.042500000000000071e+01 7.197355414641972970e+01 3.750644107733935328e+01 4.207596614101368715e+01 1.000000000000000000e+01 5.266666666666666607e+00 1.793769799651375285e+00 4.000000000000000000e+01
7.798839286007429905e+01 3.552343858581805236e+00 2.087975647111265154e+00 3.840181713739037495e+00 2.213333333333333375e+00 2.000000000000000000e+01 1.064556962025316444e+01 1.150000000000000000e+01 1.016824691516947752e+02 4.977566900274734252e+01 5.712652655963277937e+01 1.000000000000000000e+01 3.950000000000000178e+00 1.346870817313019275e+00 4.000000000000000000e+01
7.702374687759100880e+01 3.473953464439372585e+00 1.872685000939902089e+00 3.597717520576553696e+00 1.586915535444947123e+00 2.100000000000000000e+01 1.044303797468354489e+01 1.130000000000000071e+01 1.111115473220875742e+02 4.996941299028186734e+01 5.510447259424147148e+01 8.000000000000000000e+00 3.761904761904761862e+00 1.700786058500146414e+00 4.000000000000000000e+01
9.296050835097122444e+01 3.473953464439372585e+00 2.028019201652938364e+00 4.150557485621955145e+00 1.459176788124156410e+00 2.100000000000000000e+01 1.201265822784810133e+01 1.284999999999999964e+01 1.046286910647498161e+02 5.983092946292138237e+01 6.646424804472096071e+01 1.000000000000000000e+01 3.761904761904761862e+00 1.633177037281488664e+00 4.000000000000000000e+01
1.065585038843962167e+02 3.335914189305272171e+00 2.386280638601576243e+00 3.864877845190947347e+00 2.502380952380952372e+00 1.900000000000000000e+01 1.193670886075949333e+01 1.277500000000000036e+01 1.156925378619331468e+02 6.905135063339837131e+01 7.572333081369326635e+01 1.000000000000000000e+01 4.157894736842105310e+00 1.353263788819580649e+00 4.000000000000000000e+01
6.954661845849439317e+01 6.324555320336762598e+00 3.389665308636979457e+00 6.245292909854015306e+00 6.111111111111110716e+00 2.100000000000000000e+01 1.213924050632911467e+01 1.297499999999999964e+01 8.968336075065738555e+01 4.557654970871972466e+01 5.050890968587431473e+01 8.000000000000000000e+00 3.761904761904761862e+00 1.629440864667807576e+00 4.000000000000000000e+01
9.383728537953857085e+01 3.375437903527040984e+00 2.194398824079538901e+00 4.017789337774467562e+00 1.900297619047619069e+00 1.900000000000000000e+01 1.018987341772151822e+01 1.105000000000000071e+01 1.246942711838959781e+02 5.997262984264303753e+01 6.865076070912988371e+01 8.000000000000000000e+00 4.157894736842105310e+00 1.393818599674289560e+00 4.000000000000000000e+01
1.017744086901191309e+02 3.375437903527040984e+00 2.361348912658419952e+00 3.621656494763070278e+00 3.291666666666666519e+00 2.200000000000000000e+01 1.269620253164556978e+01 1.352500000000000036e+01 1.303264856003390264e+02 6.627164532144422537e+01 7.393822041573780268e+01 6.000000000000000000e+00 3.590909090909090828e+00 1.336615730006640357e+00 4.000000000000000000e+01
5.438364254251030872e+01 3.375437903527040984e+00 1.293954686472194693e+00 3.528718817824241683e+00 4.431818181818182323e-01 1.700000000000000000e+01 7.658227848101265778e+00 8.550000000000000711e+00 1.152458124673612332e+02 4.040909648022416434e+01 4.171525329793745129e+01 1.200000000000000000e+01 4.647058823529412130e+00 1.046380835434899348e+00 4.000000000000000000e+01
5.036455559174444829e+01 3.552343858581805236e+00 1.128552010113320625e+00 3.952161652416682713e+00 2.888888888888888062e-01 1.500000000000000000e+01 7.253164556962024889e+00 8.150000000000000355e+00 7.678316371233829329e+01 3.271788465811078339e+01 3.689841109572737565e+01 1.200000000000000000e+01 5.266666666666666607e+00 1.583997788998530165e+00 4.000000000000000000e+01
9.190290946999733990e+01 6.324555320336762598e+00 4.376335780346566118e+00 5.614099331325790310e+00 5.777777777777777679e+00 2.300000000000000000e+01 1.279746835443038044e+01 1.362500000000000000e+01 1.109219343635875816e+02 5.905367996499493444e+01 6.630158167264485769e+01 6.000000000000000000e+00 3.434782608695652328e+00 1.455082602254791357e+00 4.000000000000000000e+01
4.500365996122467749e+01 3.411189702003358359e+00 1.275471299377832990e+00 3.540654416784861702e+00 6.691176470588234837e-01 1.100000000000000000e+01 6.544303797468354666e+00 7.450000000000000178e+00 5.686844342936862517e+01 2.925252952766707892e+01 3.295168535975505364e+01 1.400000000000000000e+01 7.181818181818181657e+00 1.319145813708299197e+00 4.000000000000000000e+01
8.089199751670629723e+01 3.586363173595479736e+00 1.222716583266546753e+00 4.338193131660993629e+00 2.979166666666666519e+00 2.100000000000000000e+01 1.117721518987341689e+01 1.202500000000000036e+01 1.099518109648646487e+02 5.279981052548626508e+01 6.095491364618819574e+01 6.000000000000000000e+00 3.761904761904761862e+00 1.349633037553424231e+00 4.000000000000000000e+01
7.261302991793108674e+01 3.375437903527040984e+00 2.018781675021335431e+00 3.551866797804192011e+00 2.328756957328385724e+00 1.600000000000000000e+01 9.734177215189873777e+00 1.059999999999999964e+01 8.751602835331249253e+01 4.798546302438487032e+01 5.070869569912579777e+01 8.000000000000000000e+00 4.937500000000000000e+00 1.716882002248898642e+00 4.000000000000000000e+01
4.970189729011221402e+01 3.515112659837269060e+00 1.125810006271946273e+00 4.057508764783670507e+00 1.042857142857142927e+00 1.600000000000000000e+01 9.708860759493671111e+00 1.057499999999999929e+01 7.343173449016467202e+01 3.173807067133380855e+01 3.611215938879384879e+01 1.000000000000000000e+01 4.937500000000000000e+00 2.295497554519535299e+00 4.000000000000000000e+01
7.474498788971030194e+01 3.427873620019257661e+00 1.920619385607371665e+00 3.463565866872690080e+00 2.330357142857142794e+00 2.100000000000000000e+01 1.115189873417721600e+01 1.200000000000000000e+01 8.961382338379084445e+01 4.780978288289560396e+01 5.366181277527926596e+01 8.000000000000000000e+00 3.761904761904761862e+00 1.529840626565923678e+00 4.000000000000000000e+01
4.275448294053227016e+01 2.540515226981210795e+00 9.411091234397720440e-01 2.922588565643246206e+00 1.703703703703703720e+00 1.400000000000000000e+01 7.607594936708860445e+00 8.500000000000000000e+00 5.398521506575772122e+01 2.733962738306669138e+01 3.106099694884044737e+01 1.200000000000000000e+01 5.642857142857143238e+00 1.320934934958206686e+00 4.000000000000000000e+01
5.596951803496658329e+01 2.456456052231581033e+00 1.023542032355810649e+00 2.721307875635600837e+00 1.748792270531400961e+00 1.500000000000000000e+01 8.113924050632912000e+00 9.000000000000000000e+00 6.647157946990436983e+01 3.539323013394536588e+01 4.083910413386006155e+01 1.200000000000000000e+01 5.266666666666666607e+00 1.348129535877746310e+00 4.000000000000000000e+01
8.958557005633620918e+01 3.617704769439423984e+00 2.206057916162218024e+00 3.806932888130739823e+00 2.519715578539107881e+00 2.000000000000000000e+01 1.117721518987341689e+01 1.202500000000000036e+01 9.601007910297029468e+01 5.829120920272254125e+01 6.390388845588445577e+01 8.000000000000000000e+00 3.950000000000000178e+00 1.360686694678240327e+00 4.000000000000000000e+01
9.566587836711650539e+01 6.324555320336762598e+00 4.417748282842364205e+00 6.432049299161601397e+00 5.263157894736842479e+00 2.100000000000000000e+01 1.292405063291139200e+01 1.375000000000000000e+01 1.067932014914679826e+02 6.174534097823715939e+01 6.726066821197389345e+01 8.000000000000000000e+00 3.761904761904761862e+00 1.358100887512741162e+00 4.000000000000000000e+01
1.076657233811906025e+02 3.375437903527041428e+00 1.249458446281600521e+00 4.607704337134937767e+00 1.077272727272727160e+00 2.200000000000000000e+01 1.117721518987341689e+01 1.202500000000000036e+01 1.371920388786613785e+02 7.100500230819864100e+01 7.299097824918450783e+01 6.000000000000000000e+00 3.590909090909090828e+00 1.403952762441208924e+00 4.000000000000000000e+01
5.986421119329799012e+01 2.456456052231581033e+00 1.166255595632029740e+00 2.668426701118260080e+00 8.942028985507246563e-01 1.400000000000000000e+01 8.240506329113923556e+00 9.125000000000000000e+00 7.243007481761770805e+01 3.799335302681698323e+01 4.396651098634264088e+01 1.200000000000000000e+01 5.642857142857143238e+00 1.611939155866966900e+00 4.000000000000000000e+01
8.486023658804897707e+01 3.515112659837269060e+00 1.726436760293096562e+00 4.416157541565946865e+00 1.639705882352940902e+00 1.700000000000000000e+01 9.987341772151898667e+00 1.084999999999999964e+01 1.115311522365807377e+02 5.587602892041427083e+01 6.151920482631724951e+01 8.000000000000000000e+00 4.647058823529412130e+00 1.371837756342846992e+00 4.000000000000000000e+01
4.956678692753599336e+01 3.473953464439372585e+00 1.681639668895827278e+00 3.467386190966761372e+00 4.736842105263157632e-01 1.000000000000000000e+01 6.341772151898734222e+00 7.250000000000000000e+00 6.543742090136619538e+01 3.165575605935000780e+01 3.645445827316900989e+01 1.800000000000000000e+01 7.900000000000000355e+00 1.852868575483378466e+00 4.000000000000000000e+01
7.942760768686098061e+01 3.473953464439372585e+00 2.031156169085958307e+00 3.938536786882723462e+00 2.864433811802232999e+00 1.700000000000000000e+01 1.003797468354430400e+01 1.090000000000000036e+01 9.495767197221832134e+01 5.102535077025048338e+01 5.816951051828316110e+01 1.400000000000000000e+01 4.647058823529412130e+00 1.790759770753469704e+00 4.000000000000000000e+01
