8.119452069100208291e+01 6.324555320336762598e+00 4.213673869708010500e+00 5.092010548749033028e+00 2.391304347826086918e+00 2.200000000000000000e+01 1.127848101265822756e+01 1.212500000000000000e+01 1.152445331954508703e+02 6.594918846351150421e+01 7.383931492013230979e+01 8.000000000000000000e+00 3.590909090909090828e+00 1.500585260054388081e+00 4.000000000000000000e+01
7.917286638878169924e+01 3.375437903527040984e+00 2.096770751969963431e+00 3.004506842820277246e+00 2.949999999999999734e+00 2.000000000000000000e+01 1.234177215189873422e+01 1.317500000000000071e+01 1.044680143190728359e+02 6.191695808621959429e+01 6.833992284945277618e+01 8.000000000000000000e+00 3.950000000000000178e+00 1.285940424981127261e+00 4.000000000000000000e+01
7.891213339319290299e+01 3.375437903527040984e+00 2.228106472989488385e+00 3.261338724138343803e+00 1.339682539682539586e+00 1.300000000000000000e+01 8.721518987341772444e+00 9.599999999999999645e+00 1.074807996846333964e+02 6.141946989154933334e+01 7.002953200489010044e+01 1.400000000000000000e+01 6.076923076923076650e+00 1.490529660208728124e+00 4.000000000000000000e+01
6.874922062840720116e+01 3.375437903527040984e+00 1.572787583446094484e+00 3.382316931753706513e+00 1.482204861111111160e+00 1.700000000000000000e+01 8.772151898734177777e+00 9.650000000000000355e+00 1.123187560906527835e+02 5.415658036524817476e+01 5.769807497408271502e+01 1.000000000000000000e+01 4.647058823529412130e+00 1.292726978990679454e+00 4.000000000000000000e+01
6.239329011878476194e+01 3.473953464439372585e+00 1.710551313070894919e+00 3.179914203394230032e+00 2.715789473684210531e+00 2.100000000000000000e+01 1.044303797468354489e+01 1.130000000000000071e+01 1.039046283521163048e+02 4.712623364008812388e+01 5.334762474083058237e+01 1.000000000000000000e+01 3.761904761904761862e+00 1.513836180735954384e+00 4.000000000000000000e+01
4.586231091181470276e+01 3.473953464439372585e+00 1.536347107819355351e+00 3.220859739137079902e+00 1.324561403508772051e+00 1.800000000000000000e+01 9.227848101265822223e+00 1.009999999999999964e+01 8.142013627962020905e+01 3.481251454863403438e+01 3.795021417194541158e+01 8.000000000000000000e+00 4.388888888888889284e+00 2.395220646964698830e+00 4.000000000000000000e+01
5.383175433030921653e+01 3.515112659837269060e+00 1.226966940213928492e+00 3.513547254175968249e+00 1.848739495798319421e+00 1.500000000000000000e+01 8.620253164556961778e+00 9.500000000000000000e+00 8.748570209553004418e+01 3.931274933975478092e+01 4.562242959446948021e+01 8.000000000000000000e+00 5.266666666666666607e+00 1.420778331664356076e+00 4.000000000000000000e+01
4.986265958493929418e+01 3.427873620019257661e+00 5.065330342468319369e-01 3.420812870835029607e+00 5.555555555555556246e+00 2.000000000000000000e+01 1.051898734177215111e+01 1.137500000000000000e+01 9.072171328416131075e+01 3.957533741115086201e+01 4.168007670593068070e+01 8.000000000000000000e+00 3.950000000000000178e+00 1.165392799486992814e+00 4.000000000000000000e+01
5.033547226871785085e+01 3.515112659837269060e+00 1.410538056895873638e+00 3.376672142177833180e+00 5.833333333333332593e-01 1.700000000000000000e+01 8.468354430379747555e+00 9.349999999999999645e+00 7.892804688463824903e+01 3.825926746116974897e+01 4.550694363475012238e+01 1.200000000000000000e+01 4.647058823529412130e+00 1.744593078813868381e+00 4.000000000000000000e+01
6.256655861068409763e+01 6.324555320336762598e+00 3.521080528699968237e+00 4.918078893226500270e+00 3.809523809523809312e+00 2.000000000000000000e+01 1.170886075949367111e+01 1.255000000000000071e+01 1.197158924631100234e+02 5.053132158075071345e+01 5.349394766334090434e+01 8.000000000000000000e+00 3.950000000000000178e+00 1.246553843786456728e+00 4.000000000000000000e+01
6.582858606609504193e+01 3.552343858581805236e+00 1.884700372841020544e+00 3.382327676172237840e+00 1.277192982456140546e+00 1.600000000000000000e+01 8.721518987341772444e+00 9.599999999999999645e+00 1.001666007330222072e+02 4.970728897314893402e+01 5.710573527165157515e+01 1.000000000000000000e+01 4.937500000000000000e+00 1.310630193234712415e+00 4.000000000000000000e+01
6.156797501535521633e+01 6.324555320336760822e+00 3.784095277795419765e+00 4.524443417183391603e+00 4.400000000000000355e+00 2.200000000000000000e+01 1.092405063291139200e+01 1.177500000000000036e+01 8.990710524854866037e+01 4.458476549528627686e+01 5.156811236840923840e+01 8.000000000000000000e+00 3.590909090909090828e+00 1.308775603224051398e+00 4.000000000000000000e+01
3.543103013552406821e+01 3.515112659837269060e+00 8.226721577175183375e-01 3.289374966778638498e+00 7.142857142857143016e-01 1.600000000000000000e+01 8.367088607594936889e+00 9.250000000000000000e+00 6.310959037729305265e+01 2.624860943645957434e+01 3.037249253947851457e+01 1.000000000000000000e+01 4.937500000000000000e+00 1.571842114916080169e+00 4.000000000000000000e+01
7.018457207260169639e+01 3.443857242552258668e+00 1.970925296730519083e+00 3.156075073278927334e+00 2.216761633428300016e+00 1.800000000000000000e+01 1.026582278481012622e+01 1.112500000000000000e+01 1.047608770814193662e+02 5.392485757530401003e+01 6.095911844698912319e+01 1.000000000000000000e+01 4.388888888888889284e+00 1.625807787149727179e+00 4.000000000000000000e+01
6.554852823950399454e+01 3.646778057984196852e+00 1.907399272407976909e+00 3.668619003933772937e+00 1.568627450980392135e+00 1.700000000000000000e+01 8.746835443037975111e+00 9.625000000000000000e+00 9.728946772239063989e+01 4.864658948395247506e+01 5.720428028946651722e+01 8.000000000000000000e+00 4.647058823529412130e+00 1.114952247658308249e+00 4.000000000000000000e+01
8.712646074689389764e+01 3.515112659837269060e+00 2.106432200592215143e+00 3.181665433777920882e+00 1.567226890756302504e+00 1.900000000000000000e+01 1.107594936708860800e+01 1.192500000000000071e+01 1.261857256279715358e+02 6.692679476427512952e+01 7.179912352517064278e+01 8.000000000000000000e+00 4.157894736842105310e+00 1.418073630290330067e+00 4.000000000000000000e+01
8.537881789561792800e+01 3.411189702003358359e+00 2.182713706278257337e+00 2.858977513784620061e+00 3.806372549019608531e+00 2.100000000000000000e+01 1.256962025316455644e+01 1.340000000000000036e+01 1.239687977084613664e+02 7.084411842246797164e+01 7.239140664814759418e+01 8.000000000000000000e+00 3.761904761904761862e+00 1.402809794090429385e+00 4.000000000000000000e+01
4.929293626356780322e+01 3.552343858581805236e+00 8.265734174231919029e-01 3.633414830774438720e+00 3.801709401709401526e+00 2.000000000000000000e+01 1.041772151898734222e+01 1.127500000000000036e+01 9.009715676316305633e+01 3.575320196072113532e+01 4.082115628442955568e+01 8.000000000000000000e+00 3.950000000000000178e+00 1.218640316548509572e+00 4.000000000000000000e+01
7.034296512389907718e+01 3.473953464439372585e+00 1.772184894881212225e+00 3.333591638054466788e+00 2.672302056917441160e+00 2.200000000000000000e+01 1.292405063291139200e+01 1.375000000000000000e+01 1.013574404846038419e+02 5.601153250019825691e+01 6.158164591254561770e+01 6.000000000000000000e+00 3.590909090909090828e+00 1.370529769912853579e+00 4.000000000000000000e+01
5.912275607712309977e+01 3.411189702003358359e+00 2.063536620082333073e+00 2.929326382709711574e+00 1.833333333333333481e+00 1.800000000000000000e+01 9.936708860759493334e+00 1.080000000000000071e+01 8.637850924049519108e+01 4.614814965436827521e+01 5.024264257909003817e+01 1.000000000000000000e+01 4.388888888888889284e+00 1.567859144320575826e+00 4.000000000000000000e+01
6.324362685347782786e+01 3.411189702003358359e+00 1.954473247601816954e+00 3.361686779278977522e+00 1.698039215686274472e+00 1.800000000000000000e+01 1.072151898734177244e+01 1.157499999999999929e+01 8.151942941621364014e+01 4.792260579741505921e+01 5.464621819608299802e+01 1.000000000000000000e+01 4.388888888888889284e+00 1.515354759043981092e+00 4.000000000000000000e+01
4.153151812638390794e+01 3.443857242552258668e+00 1.354483151639648941e+00 3.263124192249752920e+00 7.675438596491228616e-01 1.300000000000000000e+01 6.797468354430379556e+00 7.700000000000000178e+00 6.099841594347901008e+01 3.204372572166871436e+01 3.762358688245321048e+01 1.400000000000000000e+01 6.076923076923076650e+00 1.127859907154205477e+00 4.000000000000000000e+01
4.825575743418990982e+01 3.375437903527040984e+00 1.747902812564652741e+00 2.914465557945348451e+00 1.507029478458049798e+00 1.200000000000000000e+01 7.708860759493671111e+00 8.599999999999999645e+00 6.617681892791198095e+01 3.691433731704272958e+01 4.360382927183390223e+01 1.200000000000000000e+01 6.583333333333333037e+00 2.030380094679498981e+00 4.000000000000000000e+01
5.051844902065926135e+01 3.375437903527040984e+00 1.727966320589696014e+00 2.971147342254985890e+00 1.250793650793650791e+00 1.300000000000000000e+01 8.189873417721518223e+00 9.074999999999999289e+00 6.634331594838538138e+01 3.609540185650003963e+01 4.446984597848598497e+01 1.000000000000000000e+01 6.076923076923076650e+00 1.984417278451902522e+00 4.000000000000000000e+01
6.322499893424367201e+01 3.473953464439372585e+00 1.747893411303086619e+00 3.282010865657631005e+00 2.088034188034188166e+00 2.000000000000000000e+01 1.049367088607595022e+01 1.134999999999999964e+01 1.075934711068086642e+02 5.251455986360240757e+01 5.400625358775693030e+01 6.000000000000000000e+00 3.950000000000000178e+00 1.678557464786799347e+00 4.000000000000000000e+01
5.877684232169335132e+01 3.314454017339988567e+00 2.019464328676129128e+00 3.031566790853117865e+00 2.421052631578947345e+00 1.700000000000000000e+01 1.049367088607595022e+01 1.134999999999999964e+01 7.832481776867824408e+01 4.379797708205866513e+01 5.200610760343043637e+01 8.000000000000000000e+00 4.647058823529412130e+00 1.601771445118050696e+00 4.000000000000000000e+01
6.643631585405501028e+01 3.411189702003358359e+00 2.101735540061505425e+00 3.153484059967103903e+00 2.425653594771242094e+00 1.800000000000000000e+01 1.056962025316455644e+01 1.142500000000000071e+01 9.589445050037363671e+01 4.903695278792670820e+01 5.569677670234492695e+01 8.000000000000000000e+00 4.388888888888889284e+00 1.333739631122921709e+00 4.000000000000000000e+01
6.190862467128684443e+01 3.335914189305272171e+00 1.758238488353856654e+00 3.392471356958099094e+00 2.342857142857142971e+00 2.000000000000000000e+01 9.835443037974682667e+00 1.069999999999999929e+01 1.052850787251045830e+02 5.012412142591185926e+01 5.420435778095676227e+01 8.000000000000000000e+00 3.950000000000000178e+00 1.560759712722082027e+00 4.000000000000000000e+01
7.817051771907846103e+01 3.443857242552258668e+00 2.198712273069517664e+00 2.861220992534919461e+00 3.395833333333333481e+00 2.000000000000000000e+01 1.112658227848101333e+01 1.197499999999999964e+01 1.130814856705785729e+02 6.014161939737660845e+01 6.415912483719361603e+01 8.000000000000000000e+00 3.950000000000000178e+00 1.304902425997930271e+00 4.000000000000000000e+01
6.046160768785463802e+01 3.443857242552258668e+00 1.652191630065857453e+00 3.119045341045688424e+00 1.444791666666666696e+00 1.600000000000000000e+01 9.379746835443038222e+00 1.025000000000000000e+01 1.005434323997312731e+02 4.508385750097057354e+01 5.193019666094719611e+01 1.000000000000000000e+01 4.937500000000000000e+00 1.644242644353834715e+00 4.000000000000000000e+01
8.340729279428906295e+01 3.473953464439372585e+00 2.192269149976350917e+00 3.334675872117544682e+00 2.343891402714931793e+00 2.000000000000000000e+01 1.254430379746835378e+01 1.337500000000000000e+01 1.115677431489342126e+02 6.627438522079445704e+01 7.051496343443476178e+01 1.200000000000000000e+01 3.950000000000000178e+00 1.350589111324375535e+00 4.000000000000000000e+01
8.184005840894486994e+01 3.427873620019257661e+00 1.160610704523168835e+00 3.229104711231812086e+00 1.685828877005347337e+00 2.000000000000000000e+01 1.188607594936708800e+01 1.272499999999999964e+01 1.190954109473258455e+02 6.221779067242208328e+01 6.599830904681483901e+01 6.000000000000000000e+00 3.950000000000000178e+00 1.315215823031119058e+00 4.000000000000000000e+01
7.880314873235292339e+01 3.473953464439372585e+00 2.174866983985372482e+00 2.978114631317138716e+00 2.564593301435406758e+00 2.200000000000000000e+01 1.168354430379746844e+01 1.252500000000000036e+01 1.122403238784250306e+02 5.815067576338206123e+01 6.581257885155626752e+01 6.000000000000000000e+00 3.590909090909090828e+00 1.234891296286594331e+00 4.000000000000000000e+01
9.215853732912583496e+01 6.324555320336762598e+00 4.861497676995135464e+00 4.740315204213127132e+00 4.200000000000000178e+00 2.000000000000000000e+01 1.120253164556961956e+01 1.205000000000000071e+01 1.441999547092756302e+02 7.163263315428298483e+01 7.359771809078189619e+01 6.000000000000000000e+00 3.950000000000000178e+00 1.237649617365855548e+00 4.000000000000000000e+01
9.247605671788417681e+01 3.552343858581805236e+00 2.232741223591659718e+00 3.322291411830546437e+00 1.974444444444444446e+00 2.200000000000000000e+01 1.256962025316455644e+01 1.340000000000000036e+01 1.351697210705347629e+02 6.974082675601326287e+01 7.849975295993552038e+01 8.000000000000000000e+00 3.590909090909090828e+00 1.257584914888064231e+00 4.000000000000000000e+01
6.584302721917126178e+01 3.346195160597230434e+00 1.945661922928473286e+00 2.960263252317050231e+00 2.563333333333333464e+00 1.800000000000000000e+01 9.354430379746835555e+00 1.022499999999999964e+01 1.010955604612669703e+02 4.964528593989419392e+01 5.657692593094772349e+01 1.000000000000000000e+01 4.388888888888889284e+00 1.402325148232828722e+00 4.000000000000000000e+01
7.543177105038145669e+01 3.443857242552258668e+00 2.303617952151368886e+00 2.979676612364601240e+00 3.000000000000000000e+00 1.700000000000000000e+01 1.069620253164556978e+01 1.155000000000000071e+01 1.040562296150253161e+02 5.923003030019110327e+01 6.424514402338560615e+01 1.000000000000000000e+01 4.647058823529412130e+00 1.372724818128173485e+00 4.000000000000000000e+01
4.256138424075241034e+01 3.375437903527040984e+00 1.086465261894244083e+00 3.316068858025299715e+00 2.437500000000000000e+00 1.200000000000000000e+01 7.329113924050632889e+00 8.224999999999999645e+00 6.891277876204274833e+01 3.122604003132915551e+01 3.755443994722102019e+01 1.400000000000000000e+01 6.583333333333333037e+00 9.139439670209887900e-01 4.000000000000000000e+01
4.589435952970364951e+01 3.443857242552258668e+00 1.709484519180782591e+00 2.990352950032149071e+00 1.615079365079364893e+00 1.600000000000000000e+01 8.417721518987342222e+00 9.300000000000000711e+00 5.938929471775104929e+01 3.581199096063789256e+01 4.181424723296368029e+01 1.400000000000000000e+01 4.937500000000000000e+00 1.706800925529770918e+00 4.000000000000000000e+01
5.824756113909289468e+01 3.443857242552258668e+00 1.957130495603019105e+00 3.277963967477971696e+00 5.528009259259259345e+00 1.800000000000000000e+01 9.481012658227848888e+00 1.034999999999999964e+01 8.103688807454145149e+01 4.419599097491622075e+01 5.142254307073967112e+01 8.000000000000000000e+00 4.388888888888889284e+00 1.754077406488252278e+00 4.000000000000000000e+01
7.344855493918478828e+01 3.515112659837269060e+00 1.893856962844586267e+00 3.730582613257935609e+00 2.674725274725274993e+00 2.600000000000000000e+01 1.411392405063291200e+01 1.492500000000000071e+01 1.151988335932428100e+02 5.958470820275826441e+01 6.287194982253825515e+01 6.000000000000000000e+00 3.038461538461538325e+00 1.434308080244145689e+00 4.000000000000000000e+01
8.036998488422941023e+01 3.411189702003358359e+00 2.252799200859720408e+00 3.232044311614603593e+00 2.085294117647058965e+00 1.900000000000000000e+01 1.196202531645569600e+01 1.280000000000000071e+01 1.061654810491028655e+02 6.078292359182516691e+01 6.675073556619010162e+01 1.000000000000000000e+01 4.157894736842105310e+00 1.304767289768992811e+00 4.000000000000000000e+01
7.852847321531486102e+01 3.443857242552258668e+00 2.426592016878463820e+00 3.125026678702722105e+00 4.671296296296295836e+00 2.000000000000000000e+01 1.163291139240506311e+01 1.247499999999999964e+01 9.574857722326703424e+01 6.201373159143165736e+01 6.809472832829091260e+01 1.000000000000000000e+01 3.950000000000000178e+00 1.226648884736154965e+00 4.000000000000000000e+01
1.018648052909171753e+02 3.552343858581805236e+00 2.809710181363298531e+00 3.230268338827071428e+00 1.409166666666666679e+01 2.500000000000000000e+01 1.332911392405063289e+01 1.415000000000000036e+01 1.308661460297427368e+02 7.427523197023690216e+01 8.286875790375968620e+01 6.000000000000000000e+00 3.160000000000000142e+00 1.054472686686942051e+00 4.000000000000000000e+01
4.946139557055929714e+01 3.402564240911784665e+00 2.159640913062872425e+00 2.997679026654632484e+00 3.492045454545455119e+00 1.700000000000000000e+01 9.784810126582279111e+00 1.065000000000000036e+01 8.208753260638330573e+01 3.662744497047686565e+01 4.172072162581782351e+01 6.000000000000000000e+00 4.647058823529412130e+00 1.263825619562134461e+00 4.000000000000000000e+01
4.788283888027237367e+01 3.300951334040937990e+00 1.649095915779394517e+00 2.966301573121140400e+00 1.826086956521739024e+00 1.500000000000000000e+01 7.860759493670886222e+00 8.750000000000000000e+00 7.460025195735408943e+01 3.672499717072466296e+01 4.181567050823474574e+01 1.000000000000000000e+01 5.266666666666666607e+00 2.018002653300253524e+00 4.000000000000000000e+01
7.363887689528148428e+01 3.515112659837269060e+00 2.133777570804554991e+00 3.456192651931311310e+00 2.940476190476190688e+00 2.600000000000000000e+01 1.251898734177215111e+01 1.334999999999999964e+01 1.124868097632715234e+02 5.619388639680782660e+01 6.092831622491866028e+01 6.000000000000000000e+00 3.038461538461538325e+00 1.325369668078832719e+00 4.000000000000000000e+01
1.403970913628653534e+02 3.443857242552258668e+00 2.655653016806299060e+00 2.972471276679048646e+00 3.778472222222222232e+00 2.300000000000000000e+01 1.386075949367088533e+01 1.467500000000000071e+01 1.898588300561435176e+02 1.027701405351298405e+02 1.163486208409748031e+02 6.000000000000000000e+00 3.434782608695652328e+00 1.076165890876784381e+00 4.000000000000000000e+01
6.148016526937021098e+01 6.324555320336762598e+00 3.708819128127110343e+00 5.225676253624240708e+00 1.500000000000000000e+00 2.100000000000000000e+01 1.115189873417721600e+01 1.200000000000000000e+01 9.949643839622265773e+01 4.638747838835668347e+01 4.982170228400779877e+01 8.000000000000000000e+00 3.761904761904761862e+00 1.373453797143100452e+00 4.000000000000000000e+01
7.598957697251063337e+01 3.473953464439372585e+00 2.347234241727592874e+00 3.008120201443044817e+00 1.164086687306501444e+00 1.500000000000000000e+01 8.898734177215189334e+00 9.775000000000000355e+00 1.027452023429624717e+02 5.900503713697393238e+01 6.631060003707445105e+01 1.000000000000000000e+01 5.266666666666666607e+00 1.229878540369705897e+00 4.000000000000000000e+01
6.033683209458688879e+01 3.586363173595479736e+00 1.902312059547899059e+00 3.514211483527755586e+00 2.443452380952380931e+00 1.800000000000000000e+01 1.183544303797468267e+01 1.267500000000000071e+01 9.234255764252495169e+01 4.797675582808230388e+01 5.005452417125896147e+01 1.200000000000000000e+01 4.388888888888889284e+00 1.861691492901996536e+00 4.000000000000000000e+01
5.671861744112263182e+01 3.552343858581805236e+00 1.788384797402452930e+00 3.545048823299828289e+00 4.359999999999999432e+00 2.000000000000000000e+01 1.208860759493670933e+01 1.292500000000000071e+01 8.618404180085401833e+01 4.474080268164527752e+01 4.712765055969546779e+01 8.000000000000000000e+00 3.950000000000000178e+00 1.471617015716121246e+00 4.000000000000000000e+01
8.857255540891426904e+01 3.473953464439372585e+00 2.127389871911502528e+00 3.428232297158853914e+00 2.130952380952380931e+00 1.900000000000000000e+01 1.236708860759493689e+01 1.319999999999999929e+01 1.145314551990734486e+02 7.188179984403261358e+01 7.789422318736269801e+01 1.000000000000000000e+01 4.157894736842105310e+00 1.550782318764839962e+00 4.000000000000000000e+01
6.382144962398078292e+01 3.411189702003358359e+00 1.813292652367168190e+00 3.099058246845788123e+00 1.259515570934256257e+00 1.700000000000000000e+01 7.987341772151898667e+00 8.875000000000000000e+00 8.869600433807892159e+01 4.920551184753740159e+01 5.819700960696488323e+01 1.000000000000000000e+01 4.647058823529412130e+00 1.441189504430062884e+00 4.000000000000000000e+01
7.279196889271543114e+01 3.411189702003358359e+00 2.471170968295314907e+00 3.002917328354935744e+00 3.408496732026143228e+00 2.200000000000000000e+01 1.168354430379746844e+01 1.252500000000000036e+01 1.130275472228567963e+02 5.883391581558047534e+01 6.291374984569599604e+01 8.000000000000000000e+00 3.590909090909090828e+00 1.242963869445612213e+00 4.000000000000000000e+01
1.027542583857245546e+02 3.473953464439372585e+00 2.510390674195467131e+00 3.270626079317321189e+00 2.197802197802197988e+00 1.800000000000000000e+01 1.140506329113924089e+01 1.225000000000000000e+01 1.387291782316691524e+02 7.929602127383628840e+01 8.832723388373293005e+01 1.000000000000000000e+01 4.388888888888889284e+00 1.221054128546218198e+00 4.000000000000000000e+01
7.846805950357460802e+01 6.324555320336764375e+00 4.274357787845724843e+00 5.075894589365789855e+00 4.200000000000000178e+00 2.200000000000000000e+01 1.300000000000000000e+01 1.382499999999999929e+01 1.204308980924071903e+02 6.283071848231772094e+01 6.601602447756275183e+01 8.000000000000000000e+00 3.590909090909090828e+00 1.595030663332113186e+00 4.000000000000000000e+01
8.679337910892273555e+01 3.443857242552258668e+00 2.424692310876959578e+00 3.029767573292269311e+00 4.333333333333333037e+00 2.300000000000000000e+01 1.350632911392404978e+01 1.432499999999999929e+01 1.115554111225784339e+02 6.795357989054451764e+01 7.495501269753599161e+01 6.000000000000000000e+00 3.434782608695652328e+00 1.146264256392237835e+00 4.000000000000000000e+01
5.259480788749310420e+01 3.515112659837269060e+00 1.322989169027154244e+00 3.414962453643668461e+00 2.028571428571428914e+00 2.100000000000000000e+01 1.049367088607595022e+01 1.134999999999999964e+01 9.517745268468047470e+01 4.036119585542945032e+01 4.529906200590989584e+01 8.000000000000000000e+00 3.761904761904761862e+00 1.308303140247773833e+00 4.000000000000000000e+01
6.114779688481679187e+01 3.473953464439372585e+00 1.051192490121872325e+00 3.719953333334774737e+00 2.115384615384615419e+00 1.500000000000000000e+01 8.924050632911392000e+00 9.800000000000000711e+00 9.838643633073176886e+01 4.636099885106580132e+01 5.296514405081541810e+01 1.000000000000000000e+01 5.266666666666666607e+00 1.160981714598221748e+00 4.000000000000000000e+01
4.160162005380809802e+01 3.473953464439372585e+00 1.055396758583472483e+00 3.256839142950057386e+00 1.728355957767722550e+00 1.700000000000000000e+01 8.822784810126583110e+00 9.699999999999999289e+00 5.943498220112997643e+01 3.161582046764369380e+01 3.666637635306475573e+01 8.000000000000000000e+00 4.647058823529412130e+00 1.663702750961543630e+00 4.000000000000000000e+01
6.743536801085851096e+01 3.346195160597230434e+00 1.999781370492010657e+00 3.145106848977961000e+00 1.857142857142856984e+00 1.400000000000000000e+01 8.797468354430380444e+00 9.675000000000000711e+00 1.013809903925990028e+02 5.147101142879796498e+01 5.922400233014962367e+01 1.000000000000000000e+01 5.642857142857143238e+00 1.695795669460521848e+00 4.000000000000000000e+01
5.385756523894796999e+01 3.411189702003358359e+00 1.708882345766785438e+00 3.156873059995308317e+00 1.439863445378151141e+00 1.600000000000000000e+01 9.101265822784810666e+00 9.974999999999999645e+00 8.883249082187487033e+01 4.145852459319074512e+01 4.706072988352627817e+01 1.000000000000000000e+01 4.937500000000000000e+00 1.846444686306136562e+00 4.000000000000000000e+01
4.816620340308533343e+01 3.335914189305272171e+00 1.267168038143017483e+00 3.327661806977322279e+00 1.760000000000000009e+00 1.300000000000000000e+01 7.556962025316456000e+00 8.449999999999999289e+00 7.335317361060607766e+01 3.659731113133845781e+01 4.299631595241197601e+01 1.000000000000000000e+01 6.076923076923076650e+00 1.199637782903025807e+00 4.000000000000000000e+01
6.050811926460772838e+01 3.346195160597230434e+00 2.111507948706466742e+00 3.105445993157957219e+00 1.653571428571428470e+00 1.700000000000000000e+01 9.683544303797468444e+00 1.055000000000000071e+01 1.011537381573288030e+02 4.554131704636127864e+01 5.091744636013694247e+01 8.000000000000000000e+00 4.647058823529412130e+00 1.270834878841940352e+00 4.000000000000000000e+01
1.173758297045420420e+02 3.617704769439423984e+00 2.615070878805286991e+00 3.031991343237110392e+00 4.873949579831933221e+00 2.300000000000000000e+01 1.355696202531645511e+01 1.437500000000000000e+01 1.610412998177924919e+02 8.548256840064139794e+01 9.792756073369170622e+01 8.000000000000000000e+00 3.434782608695652328e+00 1.062142093695530587e+00 4.000000000000000000e+01
7.502276668088279621e+01 3.352229939440702022e+00 2.021652729285758454e+00 3.007665605364045813e+00 6.755555555555555758e-01 1.200000000000000000e+01 7.506329113924050667e+00 8.400000000000000355e+00 9.217136929089846831e+01 5.864609726435805470e+01 6.876007787679471051e+01 1.400000000000000000e+01 6.583333333333333037e+00 1.611652417041726792e+00 4.000000000000000000e+01
5.277346102694519203e+01 3.375437903527040984e+00 1.664702633404584908e+00 2.922754251136726822e+00 1.790842490842490697e+00 1.600000000000000000e+01 8.518987341772151112e+00 9.400000000000000355e+00 8.979601181512268226e+01 4.204212266069517767e+01 4.460275320047219338e+01 1.000000000000000000e+01 4.937500000000000000e+00 1.502802104719479948e+00 4.000000000000000000e+01
5.744016743990771801e+01 3.443857242552258668e+00 1.869969801910255747e+00 3.200557010746048370e+00 1.666666666666666741e+00 1.400000000000000000e+01 8.215189873417720889e+00 9.099999999999999645e+00 7.572521157948141024e+01 4.616171113256719138e+01 5.366924399109820598e+01 1.000000000000000000e+01 5.642857142857143238e+00 1.450797826727882933e+00 4.000000000000000000e+01
4.970329444782036887e+01 3.501871511350208799e+00 1.686266816431656101e+00 3.215393889886913215e+00 1.814285714285714279e+00 1.700000000000000000e+01 8.139240506329114666e+00 9.025000000000000355e+00 8.825127302809194418e+01 3.789009832513040266e+01 4.316224521192405916e+01 1.200000000000000000e+01 4.647058823529412130e+00 1.519339270359238547e+00 4.000000000000000000e+01
6.213289614234192726e+01 6.324555320336762598e+00 4.009158265057983783e+00 4.682795258023930707e+00 2.391304347826086918e+00 1.800000000000000000e+01 9.683544303797468444e+00 1.055000000000000071e+01 1.018379620740395524e+02 4.882954886908891012e+01 5.151361874312315337e+01 8.000000000000000000e+00 4.388888888888889284e+00 1.427233698387397443e+00 4.000000000000000000e+01
8.528394127974998185e+01 3.473953464439372585e+00 2.254979895197048112e+00 3.101348252341094014e+00 3.210256410256410398e+00 2.400000000000000000e+01 1.429113924050632889e+01 1.509999999999999964e+01 1.200184333670357120e+02 6.864140481475025979e+01 7.523929952623508655e+01 6.000000000000000000e+00 3.291666666666666519e+00 1.358390235164728788e+00 4.000000000000000000e+01
6.542238250925070986e+01 3.411189702003358359e+00 1.949145112036561267e+00 3.008397783500659894e+00 2.910695187165775355e+00 2.100000000000000000e+01 1.272151898734177244e+01 1.355000000000000071e+01 8.683715591965605540e+01 5.055153929821088354e+01 5.512507487368921488e+01 8.000000000000000000e+00 3.761904761904761862e+00 1.533943516904177740e+00 4.000000000000000000e+01
6.156098558359790474e+01 3.279716080596870142e+00 1.983255202988932986e+00 3.169845658654192988e+00 2.393939393939394034e+00 1.700000000000000000e+01 1.026582278481012622e+01 1.112500000000000000e+01 8.552445678070145618e+01 4.882683511017718558e+01 5.426170650456543143e+01 1.200000000000000000e+01 4.647058823529412130e+00 1.775207716318292439e+00 4.000000000000000000e+01
3.381085282429862815e+01 2.430710570620359778e+00 5.948112058794634560e-01 2.657977294960129466e+00 9.914656771799628121e-01 1.300000000000000000e+01 7.379746835443038222e+00 8.275000000000000355e+00 4.347518705961337560e+01 2.468424133851821267e+01 3.023275481418753685e+01 1.200000000000000000e+01 6.076923076923076650e+00 1.703394782450502465e+00 4.000000000000000000e+01
7.560212279592478524e+01 3.411189702003358359e+00 2.078951887487574979e+00 3.075049984402961289e+00 1.258362168396770286e+00 1.800000000000000000e+01 9.050632911392405333e+00 9.925000000000000711e+00 1.127497825594890912e+02 5.564754225250591446e+01 6.478300397053605764e+01 8.000000000000000000e+00 4.388888888888889284e+00 1.465499233440757054e+00 4.000000000000000000e+01
5.749822949780136128e+01 3.375437903527040984e+00 1.880140554039909206e+00 2.962274303734620418e+00 1.090773809523809534e+00 1.400000000000000000e+01 7.734177215189873777e+00 8.625000000000000000e+00 8.025576883618346358e+01 4.381196169933794238e+01 5.024574830609812182e+01 1.000000000000000000e+01 5.642857142857143238e+00 1.515495011107626855e+00 4.000000000000000000e+01
6.309239270718465775e+01 3.443857242552258668e+00 1.833648649115842133e+00 3.224357484480260272e+00 2.086894586894586734e+00 1.700000000000000000e+01 1.054430379746835378e+01 1.140000000000000036e+01 9.644961725362644245e+01 4.795272810059449853e+01 5.361585147816096253e+01 1.000000000000000000e+01 4.647058823529412130e+00 2.202253183148827453e+00 4.000000000000000000e+01
5.460117669795140216e+01 3.552343858581805236e+00 1.497320898274219658e+00 3.507427825684194644e+00 1.355555555555555403e+00 1.600000000000000000e+01 9.278481012658227556e+00 1.015000000000000036e+01 9.038405550617628137e+01 4.313779705105133644e+01 4.683949820351789128e+01 1.000000000000000000e+01 4.937500000000000000e+00 1.284847859887697341e+00 4.000000000000000000e+01
4.965890380120792713e+01 2.521757574239155364e+00 1.105920761453779377e+00 2.479980506953562092e+00 1.942307692307692291e+00 1.700000000000000000e+01 8.316455696202531556e+00 9.199999999999999289e+00 8.003337261815936188e+01 3.692918118214947043e+01 4.329584669797758067e+01 1.400000000000000000e+01 4.647058823529412130e+00 1.307885861989903420e+00 4.000000000000000000e+01
8.813135826240663562e+01 3.411189702003358359e+00 2.342969120473858968e+00 2.990296737208930189e+00 3.147058823529411686e+00 2.100000000000000000e+01 1.186075949367088533e+01 1.269999999999999929e+01 1.227101520836163076e+02 6.953749572292520043e+01 7.759576316586174016e+01 8.000000000000000000e+00 3.761904761904761862e+00 1.285010489762515418e+00 4.000000000000000000e+01
4.266268741695968458e+01 3.402564240911784665e+00 1.621869062039685616e+00 2.956255690791984136e+00 1.154545454545454541e+00 1.100000000000000000e+01 6.721518987341772444e+00 7.625000000000000000e+00 6.260846462550951941e+01 3.263658140581999589e+01 3.872184603434072869e+01 1.400000000000000000e+01 7.181818181818181657e+00 1.340667793046083300e+00 4.000000000000000000e+01
6.030025829394951842e+01 3.586363173595479736e+00 1.492644293174485659e+00 3.259073086464253866e+00 1.966145833333333481e+00 2.000000000000000000e+01 1.054430379746835378e+01 1.140000000000000036e+01 1.037817773718544743e+02 4.802517753089865238e+01 5.049462102158798160e+01 8.000000000000000000e+00 3.950000000000000178e+00 1.619075401217854315e+00 4.000000000000000000e+01
6.772862076533644426e+01 3.515112659837269060e+00 2.022546047710374051e+00 3.230129452010596758e+00 3.114718614718614553e+00 1.800000000000000000e+01 1.016455696202531733e+01 1.102500000000000036e+01 9.270455055730525373e+01 5.356362775647783536e+01 5.812722682736237800e+01 8.000000000000000000e+00 4.388888888888889284e+00 1.480234953845155133e+00 4.000000000000000000e+01
6.847657420923317773e+01 3.443857242552258668e+00 1.983803238749697773e+00 3.166702532153293337e+00 1.618055555555555580e+00 1.500000000000000000e+01 1.026582278481012622e+01 1.112500000000000000e+01 9.149729469055041875e+01 5.396005815186536836e+01 6.015820697282078555e+01 1.200000000000000000e+01 5.266666666666666607e+00 1.512312962533969740e+00 4.000000000000000000e+01
5.511146528859240590e+01 3.473953464439372585e+00 1.653336044589029052e+00 3.046526710325927034e+00 1.086080586080586219e+00 1.300000000000000000e+01 8.113924050632912000e+00 9.000000000000000000e+00 9.260640007828038733e+01 4.128590529400442222e+01 4.876093349652824571e+01 1.200000000000000000e+01 6.076923076923076650e+00 1.392833666190615105e+00 4.000000000000000000e+01
6.905693483842276237e+01 3.411189702003358359e+00 2.166451651579086590e+00 3.041026559082131708e+00 2.705882352941176627e+00 1.800000000000000000e+01 1.084810126582278400e+01 1.169999999999999929e+01 9.653398827273323946e+01 5.153688937207672893e+01 5.763006623960367847e+01 1.000000000000000000e+01 4.388888888888889284e+00 1.518385718804820650e+00 4.000000000000000000e+01
6.720960195408164850e+01 3.515112659837269060e+00 1.460539867248007440e+00 3.371881675509720289e+00 1.042857142857142927e+00 2.100000000000000000e+01 1.148101265822784889e+01 1.232499999999999929e+01 8.601270376677349816e+01 5.158461064416954400e+01 5.746407414991026030e+01 8.000000000000000000e+00 3.761904761904761862e+00 1.415709006101375733e+00 4.000000000000000000e+01
7.260430854431677972e+01 3.411189702003358359e+00 2.522938357314530311e+00 2.882336929536297720e+00 2.949159663865546399e+00 1.900000000000000000e+01 1.016455696202531733e+01 1.102500000000000036e+01 1.101180293351417419e+02 5.172862230089020841e+01 6.054918881973065226e+01 8.000000000000000000e+00 4.157894736842105310e+00 1.101159127147949501e+00 4.000000000000000000e+01
5.976875237538217789e+01 3.375437903527040984e+00 1.797653697734835188e+00 2.974814588802673576e+00 1.580729166666666519e+00 1.700000000000000000e+01 9.911392405063290667e+00 1.077500000000000036e+01 8.350730430126306203e+01 4.510618709951357630e+01 5.106623692537545622e+01 8.000000000000000000e+00 4.647058823529412130e+00 1.654701795889121030e+00 4.000000000000000000e+01
4.729261051435968710e+01 3.443857242552258668e+00 1.692697242026191651e+00 3.150832022904986651e+00 2.388888888888888840e+00 1.600000000000000000e+01 9.784810126582279111e+00 1.065000000000000036e+01 7.607011079513094387e+01 3.803340553199472396e+01 3.984473210667782439e+01 8.000000000000000000e+00 4.937500000000000000e+00 2.158161132389574188e+00 4.000000000000000000e+01
7.360892169977449839e+01 3.552343858581805236e+00 1.226028232544304819e+00 3.807307877431757692e+00 1.540740740740740744e+00 2.000000000000000000e+01 9.835443037974682667e+00 1.069999999999999929e+01 1.135563404882351364e+02 5.787327318686372735e+01 6.098763450959806676e+01 8.000000000000000000e+00 3.950000000000000178e+00 1.226306559567484911e+00 4.000000000000000000e+01
5.978480902603025271e+01 3.375437903527040984e+00 2.063481916735641519e+00 2.764872591049949424e+00 2.537500000000000089e+00 2.000000000000000000e+01 9.860759493670885334e+00 1.072499999999999964e+01 8.649757526006675334e+01 4.546230508337910692e+01 5.165783064269534464e+01 8.000000000000000000e+00 3.950000000000000178e+00 1.545903583228654954e+00 4.000000000000000000e+01
7.374822488334206128e+01 3.617704769439423984e+00 2.164596144490327667e+00 3.390406981087682681e+00 2.000000000000000000e+00 2.000000000000000000e+01 1.148101265822784889e+01 1.232499999999999929e+01 1.063802190295049428e+02 5.420832414279037437e+01 6.214061114092419302e+01 8.000000000000000000e+00 3.950000000000000178e+00 1.267697089576635516e+00 4.000000000000000000e+01
4.625739821125669948e+01 3.314454017339988567e+00 1.492348385526694354e+00 2.985142548302799348e+00 1.343421052631579071e+00 1.500000000000000000e+01 8.139240506329114666e+00 9.025000000000000355e+00 7.569041451724491765e+01 3.525136987784140530e+01 3.995792196162895493e+01 1.200000000000000000e+01 5.266666666666666607e+00 1.888230625656488249e+00 4.000000000000000000e+01
6.197390671503345771e+01 6.324555320336762598e+00 3.833393155349596348e+00 4.995235825502229332e+00 8.250000000000000000e+00 2.500000000000000000e+01 1.472151898734177244e+01 1.552500000000000036e+01 8.599478195387148105e+01 4.932239614490850244e+01 5.204188291874347527e+01 6.000000000000000000e+00 3.160000000000000142e+00 1.468641125111428414e+00 4.000000000000000000e+01
4.151712299223203217e+01 3.501871511350208799e+00 1.589953460340713942e+00 3.184415595820845102e+00 1.694285714285714395e+00 1.400000000000000000e+01 7.962025316455696000e+00 8.849999999999999645e+00 6.382142835849392526e+01 3.148425915075090487e+01 3.575985946576206942e+01 1.200000000000000000e+01 5.642857142857143238e+00 1.640534288559255538e+00 4.000000000000000000e+01
5.619238440002857260e+01 3.527919570223205792e+00 1.952218322272799789e+00 3.240351764682880997e+00 2.070381998953427338e+00 1.300000000000000000e+01 8.265822784810126223e+00 9.150000000000000355e+00 8.227215366778069949e+01 4.351156725528322511e+01 5.081190842488124559e+01 1.000000000000000000e+01 6.076923076923076650e+00 1.719530934667946154e+00 4.000000000000000000e+01
5.169643265910298169e+01 3.646778057984196852e+00 1.796686502184722478e+00 3.247190529379941015e+00 2.365079365079365559e+00 1.700000000000000000e+01 9.658227848101265778e+00 1.052500000000000036e+01 7.550569714479317440e+01 3.860836303417816140e+01 4.457159729124412451e+01 1.000000000000000000e+01 4.647058823529412130e+00 1.652201214480340186e+00 4.000000000000000000e+01
6.616032393368159603e+01 3.473953464439372585e+00 8.194475192668897456e-01 3.756332014236648309e+00 6.131549609810480472e-01 1.900000000000000000e+01 9.303797468354430222e+00 1.017500000000000071e+01 1.100714454331772032e+02 5.153708549248989357e+01 5.372147675048022819e+01 8.000000000000000000e+00 4.157894736842105310e+00 1.504984526806261158e+00 4.000000000000000000e+01
5.315177054380885835e+01 3.501871511350208799e+00 1.964153565714556127e+00 3.138468978946920007e+00 2.326190476190475920e+00 1.700000000000000000e+01 1.059493670886075911e+01 1.144999999999999929e+01 7.685753214378821951e+01 4.311305476368964662e+01 4.510039118957627124e+01 8.000000000000000000e+00 4.647058823529412130e+00 1.743391033310231819e+00 4.000000000000000000e+01
7.073702077965046442e+01 3.314454017339988567e+00 2.015571554410258592e+00 3.269842298866085795e+00 2.605263157894736725e+00 2.000000000000000000e+01 1.079746835443038044e+01 1.165000000000000036e+01 1.107846896749526309e+02 5.418863069595550996e+01 6.046420234573702146e+01 1.000000000000000000e+01 3.950000000000000178e+00 1.428857505541451856e+00 4.000000000000000000e+01
8.497883976458103916e+01 3.375437903527040984e+00 2.096766983585662825e+00 3.123918314904896576e+00 2.647727272727272929e+00 2.200000000000000000e+01 1.193670886075949333e+01 1.277500000000000036e+01 1.260636075571351284e+02 6.589298541735560377e+01 7.485923910347975152e+01 8.000000000000000000e+00 3.590909090909090828e+00 1.477291292786453880e+00 4.000000000000000000e+01
4.955327952057083962e+01 3.375437903527040984e+00 1.535974471444812250e+00 3.155082914990750442e+00 1.790842490842490697e+00 1.900000000000000000e+01 9.784810126582279111e+00 1.065000000000000036e+01 7.327517211224156313e+01 3.906833424043303182e+01 4.305503925328999060e+01 1.200000000000000000e+01 4.157894736842105310e+00 2.119695024974721953e+00 4.000000000000000000e+01
7.688701031198202429e+01 3.375437903527040984e+00 2.177839996781768761e+00 3.176044836055552434e+00 3.034527972027972087e+00 1.600000000000000000e+01 9.531645569620252445e+00 1.040000000000000036e+01 1.181883718980972731e+02 6.068118765198685338e+01 6.561334627592118807e+01 8.000000000000000000e+00 4.937500000000000000e+00 1.260240776290616038e+00 4.000000000000000000e+01
6.387338363173131484e+01 3.346195160597230434e+00 2.063943496560084245e+00 2.873766129424933258e+00 2.380303030303030365e+00 1.700000000000000000e+01 8.721518987341772444e+00 9.599999999999999645e+00 1.126430566232642718e+02 5.161304449013246654e+01 5.525771899370913331e+01 8.000000000000000000e+00 4.647058823529412130e+00 1.144160527647130943e+00 4.000000000000000000e+01
7.853851239792301442e+01 6.324555320336764375e+00 4.613300222199785416e+00 4.532709404479238202e+00 7.200000000000000178e+00 2.500000000000000000e+01 1.305063291139240533e+01 1.387500000000000000e+01 1.221133911791664275e+02 6.097790552493251681e+01 6.684157141243838396e+01 6.000000000000000000e+00 3.160000000000000142e+00 1.343222906126648519e+00 4.000000000000000000e+01
5.302648812725423255e+01 3.443857242552258668e+00 1.788231156840277558e+00 3.170711303243142876e+00 1.666666666666666741e+00 1.200000000000000000e+01 7.379746835443038222e+00 8.275000000000000355e+00 7.591690443931139498e+01 4.043048574724935662e+01 4.619141366959338058e+01 1.200000000000000000e+01 6.583333333333333037e+00 1.297820578324585972e+00 4.000000000000000000e+01
8.400124858107476200e+01 3.443857242552258668e+00 2.031511501990558966e+00 2.932995677648464916e+00 2.347222222222222321e+00 1.900000000000000000e+01 1.127848101265822756e+01 1.212500000000000000e+01 1.177808161626648200e+02 6.599964408325384113e+01 7.375471587545914076e+01 8.000000000000000000e+00 4.157894736842105310e+00 1.373054182476925789e+00 4.000000000000000000e+01
4.922102466242257179e+01 3.402564240911784665e+00 1.908048096458052623e+00 2.787159037550534180e+00 1.381601731601731720e+00 1.200000000000000000e+01 6.746835443037975111e+00 7.650000000000000355e+00 8.421652302213348662e+01 3.716969310708355323e+01 4.440469754105443201e+01 1.400000000000000000e+01 6.583333333333333037e+00 1.455382713487219259e+00 4.000000000000000000e+01
7.044503878981799971e+01 3.473953464439372585e+00 1.810766596264321793e+00 3.667857447847787444e+00 1.586915535444947123e+00 1.700000000000000000e+01 1.006329113924050667e+01 1.092500000000000071e+01 9.633108378842132424e+01 5.528358114324784367e+01 6.262722961003166233e+01 1.000000000000000000e+01 4.647058823529412130e+00 1.518046817263467130e+00 4.000000000000000000e+01
9.190751805901005866e+01 6.324555320336762598e+00 5.230206622518137394e+00 4.656373930626509505e+00 9.333333333333333925e+00 2.400000000000000000e+01 1.332911392405063289e+01 1.415000000000000036e+01 1.383944048697798337e+02 6.987705240424233466e+01 7.648419510377118513e+01 1.000000000000000000e+01 3.291666666666666519e+00 1.339569760575956003e+00 4.000000000000000000e+01
3.488921131509067664e+01 3.443857242552258668e+00 1.398833238115317457e+00 3.131802148789271989e+00 1.200980392156862697e+00 1.400000000000000000e+01 7.784810126582278222e+00 8.675000000000000711e+00 5.296094581652867106e+01 2.756734836418473122e+01 3.151011397213283871e+01 8.000000000000000000e+00 5.642857142857143238e+00 2.452926181895064506e+00 4.000000000000000000e+01
7.279596309946465738e+01 3.515112659837269060e+00 2.120179335527341280e+00 3.429905000087225986e+00 1.900000000000000133e+00 2.100000000000000000e+01 1.206329113924050667e+01 1.290000000000000036e+01 9.828982458930221355e+01 5.801734095407244496e+01 6.458954245148653683e+01 8.000000000000000000e+00 3.761904761904761862e+00 1.568527054425861156e+00 4.000000000000000000e+01
7.221398225861740627e+01 3.375437903527040984e+00 1.950617669963953027e+00 3.267884890637370976e+00 1.823529411764705843e+00 2.000000000000000000e+01 1.137974683544303822e+01 1.222499999999999964e+01 1.161968144397709182e+02 5.825090983079429918e+01 6.287374923929709780e+01 1.000000000000000000e+01 3.950000000000000178e+00 1.902869901160062938e+00 4.000000000000000000e+01
8.562775755839535918e+01 3.411189702003358359e+00 2.365269445439554197e+00 3.051710932244205310e+00 2.411764705882352811e+00 1.700000000000000000e+01 1.135443037974683556e+01 1.219999999999999929e+01 1.266985981337699201e+02 6.816020434879696666e+01 7.296694239969521334e+01 1.000000000000000000e+01 4.647058823529412130e+00 1.539249420768880272e+00 4.000000000000000000e+01
7.404768504031294185e+01 3.443857242552258668e+00 2.107632408253786060e+00 3.012741692399379723e+00 2.336309523809523725e+00 1.800000000000000000e+01 1.049367088607595022e+01 1.134999999999999964e+01 1.053737508818213087e+02 5.728952669953853416e+01 6.320108374205779000e+01 6.000000000000000000e+00 4.388888888888889284e+00 1.797922436174957728e+00 4.000000000000000000e+01
6.319598548318176512e+01 3.646778057984196852e+00 1.671338420015144655e+00 3.624744329369504303e+00 1.750000000000000000e+00 1.700000000000000000e+01 9.126582278481013333e+00 1.000000000000000000e+01 1.050689315549165741e+02 4.980976523331847261e+01 5.508925402572528185e+01 1.000000000000000000e+01 4.647058823529412130e+00 1.238675012288288135e+00 4.000000000000000000e+01
5.194981108921739121e+01 3.443857242552258668e+00 1.769656576826613925e+00 2.953200846983728312e+00 3.118827160493827133e+00 2.200000000000000000e+01 1.092405063291139200e+01 1.177500000000000036e+01 1.022635068270496106e+02 4.058463504987167170e+01 4.501458296567569306e+01 8.000000000000000000e+00 3.590909090909090828e+00 1.933322939092935178e+00 4.000000000000000000e+01
5.776646176373085950e+01 3.427873620019257661e+00 1.720785497070929759e+00 3.033363070829223407e+00 1.089285714285714191e+00 1.500000000000000000e+01 8.620253164556961778e+00 9.500000000000000000e+00 8.661610909403454173e+01 4.552263218697200386e+01 5.104167355384253568e+01 1.000000000000000000e+01 5.266666666666666607e+00 1.791202738338766975e+00 4.000000000000000000e+01
3.720452700168655014e+01 3.327479068260029038e+00 1.475636147127538544e+00 2.994807131000016387e+00 2.274999999999999911e+00 1.200000000000000000e+01 8.240506329113923556e+00 9.125000000000000000e+00 5.360863396221425603e+01 2.736704055692595361e+01 3.265401653193175946e+01 1.400000000000000000e+01 6.583333333333333037e+00 1.054862897836529312e+00 4.000000000000000000e+01
5.709582392872619039e+01 3.427873620019256773e+00 2.144989359689323472e+00 2.635717336130284139e+00 2.797294685990338703e+00 1.300000000000000000e+01 7.455696202531645334e+00 8.349999999999999645e+00 7.806508140662973005e+01 4.372233754408534878e+01 4.949477067633716132e+01 1.200000000000000000e+01 6.076923076923076650e+00 1.719942561281145643e+00 4.000000000000000000e+01
7.029461511167359333e+01 3.335914189305272171e+00 2.029383696060162112e+00 3.120743621263123213e+00 2.014285714285714235e+00 1.900000000000000000e+01 1.155696202531645511e+01 1.240000000000000036e+01 9.735530639027292921e+01 5.423200848835413268e+01 6.066074304776958570e+01 8.000000000000000000e+00 4.157894736842105310e+00 1.520119182819192893e+00 4.000000000000000000e+01
6.066557686445229791e+01 3.411189702003358359e+00 1.701057136934309488e+00 3.104546428764749955e+00 1.236529906080079177e+00 1.200000000000000000e+01 7.962025316455696000e+00 8.849999999999999645e+00 7.718688700534866598e+01 4.676503579132223365e+01 5.346288810165738425e+01 1.400000000000000000e+01 6.583333333333333037e+00 1.897385347922039944e+00 4.000000000000000000e+01
7.820406130004901968e+01 3.443857242552258668e+00 2.247020273024595394e+00 3.468179506965244574e+00 2.676767676767676907e+00 2.000000000000000000e+01 1.153164556962025245e+01 1.237500000000000000e+01 1.125381999860195492e+02 5.907891330086579984e+01 6.650789709064618194e+01 8.000000000000000000e+00 3.950000000000000178e+00 1.281605807468319203e+00 4.000000000000000000e+01
5.786134508542497201e+01 3.473953464439372585e+00 1.118027110770303034e+00 3.501872905572396277e+00 3.086925894618202548e+00 1.800000000000000000e+01 9.582278481012657778e+00 1.044999999999999929e+01 9.255783523917878597e+01 4.322325123349701670e+01 4.918033920949668669e+01 8.000000000000000000e+00 4.388888888888889284e+00 1.185747754844276525e+00 4.000000000000000000e+01
6.641778524974856168e+01 3.411189702003358359e+00 1.930854496485649774e+00 3.183369891971961962e+00 2.176470588235293935e+00 1.700000000000000000e+01 1.135443037974683556e+01 1.219999999999999929e+01 7.999873834730355782e+01 5.240343756897161143e+01 5.916846302131914115e+01 1.000000000000000000e+01 4.647058823529412130e+00 1.537239809785847733e+00 4.000000000000000000e+01
4.924831771517231971e+01 3.411189702003358359e+00 1.406339171502600127e+00 3.186469932065712829e+00 2.005882352941176450e+00 1.500000000000000000e+01 8.493670886075950222e+00 9.375000000000000000e+00 7.453620377085374571e+01 3.586291277144395906e+01 4.211012107659665560e+01 1.000000000000000000e+01 5.266666666666666607e+00 1.457949653361964915e+00 4.000000000000000000e+01
6.714596373153629827e+01 3.473953464439372585e+00 2.282981860072609948e+00 2.953889133430228853e+00 2.056680161943320151e+00 1.600000000000000000e+01 1.044303797468354489e+01 1.130000000000000071e+01 8.978191423156080475e+01 5.084022998894017320e+01 5.641983295287104738e+01 8.000000000000000000e+00 4.937500000000000000e+00 1.333541584743149322e+00 4.000000000000000000e+01
6.159232167050729601e+01 3.515112659837269060e+00 1.322215355738793452e+00 3.384496945781756860e+00 2.747448979591836871e+00 2.100000000000000000e+01 1.117721518987341689e+01 1.202500000000000036e+01 1.004783491461403457e+02 4.909563441870398748e+01 5.195120723831220744e+01 8.000000000000000000e+00 3.761904761904761862e+00 1.399612470336644376e+00 4.000000000000000000e+01
6.100747765431594871e+01 3.515112659837269060e+00 1.845329638710005993e+00 3.397152224671462939e+00 2.834665334665334768e+00 1.800000000000000000e+01 1.064556962025316444e+01 1.150000000000000000e+01 9.254814553235405583e+01 4.656881378550460937e+01 5.237471061124144001e+01 8.000000000000000000e+00 4.388888888888889284e+00 1.391251417201448071e+00 4.000000000000000000e+01
6.484317455809109276e+01 3.335914189305272171e+00 1.602680205191754137e+00 3.242082183767908354e+00 1.675555555555555465e+00 1.800000000000000000e+01 1.031645569620253156e+01 1.117500000000000071e+01 9.247587658536605204e+01 4.828612259268827955e+01 5.468869501387496967e+01 8.000000000000000000e+00 4.388888888888889284e+00 1.547753774756984280e+00 4.000000000000000000e+01
6.668702056144820745e+01 3.552343858581805236e+00 1.898412247447607948e+00 3.393867370985079290e+00 1.960634920634920952e+00 1.900000000000000000e+01 1.094936708860759467e+01 1.180000000000000071e+01 9.458617366168100205e+01 5.266540880130547464e+01 5.662005872952658336e+01 8.000000000000000000e+00 4.157894736842105310e+00 1.452668147827709255e+00 4.000000000000000000e+01
8.646958300158826205e+01 3.552343858581805236e+00 2.027977784832122321e+00 3.537452876828599990e+00 1.355555555555555403e+00 1.500000000000000000e+01 9.354430379746835555e+00 1.022499999999999964e+01 1.083457060108846406e+02 6.829058963804128268e+01 7.744706408117552598e+01 1.200000000000000000e+01 5.266666666666666607e+00 1.520984287696106607e+00 4.000000000000000000e+01
4.686364698078457280e+01 3.443857242552258668e+00 1.722670307775914456e+00 3.200298354075887364e+00 1.888888888888888840e+00 1.600000000000000000e+01 9.253164556962024889e+00 1.012500000000000000e+01 7.396152446689944782e+01 3.618578440537077512e+01 4.111667683290371400e+01 1.000000000000000000e+01 4.937500000000000000e+00 1.578718499721027957e+00 4.000000000000000000e+01
5.247548990456101592e+01 3.552343858581805236e+00 1.221275836153124850e+00 3.645156975719856973e+00 1.598879551820728384e+00 1.900000000000000000e+01 1.031645569620253156e+01 1.117500000000000071e+01 8.824524262654642826e+01 4.069559172433904592e+01 4.381624624743962215e+01 8.000000000000000000e+00 4.157894736842105310e+00 1.607419760631955352e+00 4.000000000000000000e+01
5.584700530565834242e+01 3.411189702003358359e+00 1.640539692307399822e+00 3.147193937470934344e+00 1.196078431372548989e+00 1.400000000000000000e+01 8.215189873417720889e+00 9.099999999999999645e+00 8.006763323901174090e+01 4.260104011260235524e+01 4.866664027785613911e+01 1.000000000000000000e+01 5.642857142857143238e+00 1.928200384706392434e+00 4.000000000000000000e+01
5.449960373321940921e+01 3.375437903527040984e+00 1.682006031963113823e+00 3.197931330927113347e+00 1.516911764705882293e+00 1.600000000000000000e+01 9.050632911392405333e+00 9.925000000000000711e+00 8.416703517896928588e+01 4.100211854980649662e+01 4.839520906026621816e+01 1.000000000000000000e+01 4.937500000000000000e+00 1.786271546828568368e+00 4.000000000000000000e+01
6.614583785945865202e+01 3.375437903527040984e+00 1.817787748711852114e+00 3.140463497177344188e+00 2.174999999999999822e+00 2.200000000000000000e+01 1.196202531645569600e+01 1.280000000000000071e+01 1.078618979973190193e+02 5.288407236433178582e+01 5.620429589973580420e+01 6.000000000000000000e+00 3.590909090909090828e+00 1.595831617795813839e+00 4.000000000000000000e+01
6.027791003076166731e+01 3.427873620019257661e+00 1.352407720688597159e+00 3.570347233665935871e+00 2.333333333333333481e+00 1.500000000000000000e+01 9.278481012658227556e+00 1.015000000000000036e+01 7.682176769498038027e+01 4.727872970461979918e+01 5.495081867889248883e+01 1.000000000000000000e+01 5.266666666666666607e+00 1.375737563006140141e+00 4.000000000000000000e+01
6.399490277490844647e+01 3.586363173595479736e+00 1.831956274788683059e+00 3.457839075611563562e+00 2.162847222222222143e+00 1.800000000000000000e+01 1.067088607594936711e+01 1.152500000000000036e+01 8.517843230835653401e+01 4.948430889016308498e+01 5.346111249992772940e+01 8.000000000000000000e+00 4.388888888888889284e+00 1.805399350231327027e+00 4.000000000000000000e+01
4.642390392756693984e+01 3.411189702003358359e+00 1.291864513326257180e+00 3.360058909179895359e+00 1.505514705882353033e+00 1.300000000000000000e+01 7.430379746835442667e+00 8.324999999999999289e+00 6.683253822737053440e+01 3.440415054323821664e+01 4.141831774060865001e+01 1.200000000000000000e+01 6.076923076923076650e+00 1.243955690202174003e+00 4.000000000000000000e+01
6.834940144177078025e+01 3.552343858581805236e+00 2.058864795802056058e+00 3.510128979201568633e+00 3.931818181818182101e+00 2.300000000000000000e+01 1.262025316455696178e+01 1.344999999999999929e+01 1.029811186502329008e+02 5.182533857768160601e+01 5.604863817496902101e+01 6.000000000000000000e+00 3.434782608695652328e+00 1.305373356500811655e+00 4.000000000000000000e+01
5.635994058959157371e+01 3.346195160597230434e+00 1.714161919002465506e+00 3.086825688140001578e+00 1.250000000000000000e+00 1.800000000000000000e+01 9.025316455696202667e+00 9.900000000000000355e+00 8.624843940924692731e+01 4.291312111897534720e+01 4.952636695028112257e+01 1.000000000000000000e+01 4.388888888888889284e+00 1.929628481583185895e+00 4.000000000000000000e+01
8.404694537764854090e+01 3.646778057984196852e+00 2.592149392009772679e+00 2.748809884836825645e+00 4.222222222222222321e+00 1.900000000000000000e+01 1.006329113924050667e+01 1.092500000000000071e+01 1.291188027165461563e+02 6.155669446854132332e+01 6.985594239390772486e+01 6.000000000000000000e+00 4.157894736842105310e+00 1.300559002940725462e+00 4.000000000000000000e+01
7.451232445524371428e+01 3.586363173595479736e+00 1.662532160921416979e+00 3.668565036744228181e+00 1.703125000000000000e+00 2.000000000000000000e+01 1.158227848101265778e+01 1.242500000000000071e+01 1.069320446520444960e+02 5.781097093646557283e+01 6.097364539819849938e+01 8.000000000000000000e+00 3.950000000000000178e+00 1.454733420897289298e+00 4.000000000000000000e+01
4.193177215023069238e+01 3.346195160597230434e+00 1.678323558278504324e+00 3.056381737963798528e+00 2.370454545454545592e+00 1.600000000000000000e+01 8.620253164556961778e+00 9.500000000000000000e+00 8.031178041449975069e+01 3.351981417944254105e+01 3.662182211632006812e+01 1.000000000000000000e+01 4.937500000000000000e+00 1.147719137451962634e+00 4.000000000000000000e+01
1.027465504923499395e+02 6.324555320336760822e+00 4.937723469317159442e+00 4.895052447271476481e+00 1.554545454545454497e+01 3.100000000000000000e+01 1.667088607594936533e+01 1.744999999999999929e+01 1.581035993004897762e+02 7.934616336457983721e+01 8.345841733771716520e+01 4.000000000000000000e+00 2.548387096774193505e+00 1.262006733025797356e+00 4.000000000000000000e+01
6.164089708786903543e+01 3.552343858581805236e+00 1.298541603437498138e+00 3.250545152979591901e+00 1.540740740740740744e+00 2.000000000000000000e+01 9.936708860759493334e+00 1.080000000000000071e+01 9.757507449810127298e+01 4.655100708692321376e+01 5.332855081006611186e+01 8.000000000000000000e+00 3.950000000000000178e+00 1.469102872875985621e+00 4.000000000000000000e+01
6.089631016524242568e+01 3.473953464439372585e+00 1.529498445686055641e+00 3.640574638958855580e+00 1.393569393569393355e+00 1.800000000000000000e+01 1.039240506329113956e+01 1.125000000000000000e+01 8.498977807446594568e+01 4.723178012831377259e+01 5.427445747875106008e+01 8.000000000000000000e+00 4.388888888888889284e+00 1.578051220837631163e+00 4.000000000000000000e+01
4.718215697416965071e+01 3.314454017339988567e+00 1.713130982106773725e+00 3.023592312305192209e+00 1.868421052631578982e+00 1.500000000000000000e+01 8.544303797468353778e+00 9.425000000000000711e+00 7.783367248694638363e+01 3.646962282973186831e+01 4.161761780873318628e+01 8.000000000000000000e+00 5.266666666666666607e+00 1.800937935776620202e+00 4.000000000000000000e+01
4.980976062323576059e+01 3.473953464439372585e+00 1.424484514422589498e+00 3.258797619903994303e+00 1.324561403508772051e+00 1.900000000000000000e+01 9.734177215189873777e+00 1.059999999999999964e+01 7.375486763268398249e+01 3.754196689999619707e+01 4.397651626470991459e+01 1.000000000000000000e+01 4.157894736842105310e+00 1.783208083577132008e+00 4.000000000000000000e+01
5.247016370091030524e+01 3.346195160597230434e+00 1.727654616060677162e+00 3.033029633041519624e+00 1.789423076923077005e+00 1.600000000000000000e+01 9.025316455696202667e+00 9.900000000000000355e+00 7.208628190279208070e+01 4.033821785471852195e+01 4.636411322222599551e+01 1.000000000000000000e+01 4.937500000000000000e+00 1.753770225229860591e+00 4.000000000000000000e+01
7.604664139209377538e+01 6.324555320336762598e+00 4.688048095418836603e+00 4.555216789572148706e+00 6.882352941176470118e+00 2.200000000000000000e+01 1.173417721518987378e+01 1.257499999999999929e+01 1.149438240917729388e+02 5.986657163487629418e+01 6.413934216982944747e+01 6.000000000000000000e+00 3.590909090909090828e+00 1.352812199519465519e+00 4.000000000000000000e+01
6.620500031570072963e+01 3.443857242552258668e+00 2.037630207289373718e+00 2.975285079879203654e+00 3.694940476190476275e+00 2.300000000000000000e+01 1.373417721518987378e+01 1.455000000000000071e+01 8.924552182512040588e+01 5.243684002512169684e+01 5.562389753552331939e+01 8.000000000000000000e+00 3.434782608695652328e+00 1.454705518404065590e+00 4.000000000000000000e+01
7.846288522231910179e+01 3.443857242552258668e+00 2.027163012262815478e+00 3.416112364358448339e+00 3.272222222222222143e+00 2.100000000000000000e+01 1.155696202531645511e+01 1.240000000000000036e+01 1.094225296031623458e+02 5.991701523254091910e+01 6.782137504088296964e+01 8.000000000000000000e+00 3.761904761904761862e+00 1.353469498310654995e+00 4.000000000000000000e+01
7.577232099310276681e+01 3.552343858581805236e+00 2.097289098396028617e+00 3.284866274266231123e+00 3.451515151515151647e+00 2.200000000000000000e+01 1.224050632911392356e+01 1.307499999999999929e+01 1.134650948281834246e+02 5.452487067670109155e+01 6.401519991663950293e+01 8.000000000000000000e+00 3.590909090909090828e+00 1.228288250841623519e+00 4.000000000000000000e+01
7.020096708825586518e+01 3.375437903527040984e+00 2.032305244482961903e+00 3.237060396934800632e+00 1.289390756302521091e+00 1.500000000000000000e+01 8.949367088607594667e+00 9.824999999999999289e+00 9.859177568408634329e+01 5.505921157882997363e+01 6.227906767732891069e+01 1.000000000000000000e+01 5.266666666666666607e+00 1.395741908116105545e+00 4.000000000000000000e+01
5.673828791156750384e+01 3.617704769439423984e+00 1.263708516145602534e+00 3.149158883671183684e+00 1.695501730103806448e+00 1.900000000000000000e+01 9.556962025316455112e+00 1.042500000000000071e+01 8.979731155848385526e+01 4.217556183940078540e+01 4.780881381514337392e+01 8.000000000000000000e+00 4.157894736842105310e+00 1.453169184948412518e+00 4.000000000000000000e+01
6.271740597263623584e+01 2.479980506953562092e+00 1.431216801954628304e+00 2.619466938606405559e+00 1.522023809523809668e+00 1.500000000000000000e+01 9.531645569620252445e+00 1.040000000000000036e+01 9.124905666252267622e+01 4.932478958629424426e+01 5.554059819967019962e+01 1.000000000000000000e+01 5.266666666666666607e+00 1.621330089493939530e+00 4.000000000000000000e+01
4.753367186868901229e+01 3.443857242552258668e+00 1.594189794089305501e+00 3.143703463234738926e+00 1.458333333333333259e+00 1.400000000000000000e+01 7.354430379746835555e+00 8.250000000000000000e+00 7.393866894053731187e+01 3.577870463471322893e+01 4.097843996253948973e+01 1.200000000000000000e+01 5.642857142857143238e+00 1.296078292725801218e+00 4.000000000000000000e+01
5.956246156703134886e+01 3.375437903527040984e+00 1.853109517998011269e+00 3.150930137279693621e+00 1.478306878306878236e+00 1.200000000000000000e+01 7.506329113924050667e+00 8.400000000000000355e+00 8.086200870031437660e+01 4.843882025202375274e+01 5.698553799390994357e+01 1.400000000000000000e+01 6.583333333333333037e+00 1.488619293339323191e+00 4.000000000000000000e+01
7.395696368515609720e+01 3.291665350506605581e+00 1.950503178980502517e+00 3.355940312591029873e+00 2.620879120879120894e+00 2.300000000000000000e+01 1.368354430379746844e+01 1.450000000000000000e+01 9.397319710831952477e+01 5.909488019684055615e+01 6.481008466163875426e+01 8.000000000000000000e+00 3.434782608695652328e+00 1.545401791640769407e+00 4.000000000000000000e+01
5.082523544902019808e+01 3.411189702003358359e+00 1.840943561295572684e+00 2.966483249608312889e+00 2.113445378151260545e+00 1.700000000000000000e+01 9.835443037974682667e+00 1.069999999999999929e+01 7.325200622293560571e+01 4.056925771423702543e+01 4.581162967866857372e+01 8.000000000000000000e+00 4.647058823529412130e+00 1.657165795305941325e+00 4.000000000000000000e+01
8.864170141612214593e+01 3.473953464439372585e+00 2.369550150114244413e+00 3.301578830562449163e+00 2.923076923076922906e+00 2.100000000000000000e+01 1.345569620253164622e+01 1.427500000000000036e+01 1.130250156077985508e+02 7.004425360473248929e+01 7.421601724423983626e+01 8.000000000000000000e+00 3.761904761904761862e+00 1.372292777910983030e+00 4.000000000000000000e+01
6.475851262488721716e+01 3.552343858581805236e+00 1.521302646024541572e+00 3.689266410748925473e+00 5.239999999999999325e+00 2.300000000000000000e+01 1.079746835443038044e+01 1.165000000000000036e+01 9.630934960445526372e+01 4.771063379797428183e+01 5.596817563620663805e+01 1.000000000000000000e+01 3.434782608695652328e+00 1.256430254811210956e+00 4.000000000000000000e+01
6.363917949562895870e+01 3.346195160597230434e+00 2.132770224647950297e+00 2.987821210785211790e+00 2.751428571428571335e+00 1.700000000000000000e+01 1.024050632911392356e+01 1.109999999999999964e+01 1.010552297055158135e+02 4.761004686606887049e+01 5.406265987475511992e+01 1.000000000000000000e+01 4.647058823529412130e+00 1.585733089307783894e+00 4.000000000000000000e+01
7.500327680660154783e+01 3.473953464439372585e+00 1.850615399967012742e+00 3.063069663906849982e+00 2.089743589743589425e+00 2.300000000000000000e+01 1.287341772151898667e+01 1.369999999999999929e+01 1.124359337421790030e+02 5.672058427820932991e+01 5.991023223552193855e+01 6.000000000000000000e+00 3.434782608695652328e+00 1.462018415869301924e+00 4.000000000000000000e+01
5.484010864318901923e+01 3.411189702003358359e+00 2.054313134156258602e+00 2.982261856009903678e+00 2.425653594771242094e+00 1.700000000000000000e+01 8.949367088607594667e+00 9.824999999999999289e+00 1.017634656093701579e+02 4.320451194564097364e+01 4.677922101708843883e+01 1.200000000000000000e+01 4.647058823529412130e+00 1.170180991060997489e+00 4.000000000000000000e+01
5.935048866521641742e+01 3.427873620019257661e+00 1.288567278151886875e+00 3.678324565642591359e+00 1.937500000000000000e+00 1.600000000000000000e+01 1.021518987341772089e+01 1.107499999999999929e+01 8.768526683063164739e+01 4.483578476603457830e+01 4.979154712244040581e+01 1.200000000000000000e+01 4.937500000000000000e+00 1.058174456376161698e+00 4.000000000000000000e+01
3.828143777437106365e+01 3.473953464439372585e+00 1.314072101274398552e+00 3.322324079870852653e+00 1.381578947368421018e+00 1.200000000000000000e+01 7.050632911392405333e+00 7.950000000000000178e+00 7.143078856852339698e+01 3.005267098861387609e+01 3.407808545475562312e+01 1.000000000000000000e+01 6.583333333333333037e+00 9.849379332890055849e-01 4.000000000000000000e+01
7.078839594813106828e+01 3.375437903527040984e+00 2.050553676285192584e+00 3.009980480390272550e+00 1.516911764705882293e+00 1.600000000000000000e+01 9.101265822784810666e+00 9.974999999999999645e+00 1.032275845450062235e+02 5.312626371610405585e+01 6.111805128426578193e+01 1.200000000000000000e+01 4.937500000000000000e+00 1.577046651660436893e+00 4.000000000000000000e+01
6.993966010822697399e+01 3.552343858581805236e+00 2.091522717818700361e+00 3.473151734016048486e+00 2.666666666666666519e+00 2.100000000000000000e+01 1.211392405063291200e+01 1.294999999999999929e+01 1.211972838236109169e+02 5.730610492412535706e+01 5.805636930671749951e+01 8.000000000000000000e+00 3.761904761904761862e+00 1.250617608042032813e+00 4.000000000000000000e+01
6.079818718301080338e+01 3.473953464439372585e+00 1.164559503177487576e+00 3.216787568037636991e+00 2.532967032967033294e+00 2.400000000000000000e+01 1.216455696202531733e+01 1.300000000000000000e+01 9.366738290684239132e+01 4.305893781557006861e+01 5.077499140500618324e+01 8.000000000000000000e+00 3.291666666666666519e+00 1.359003080163958987e+00 4.000000000000000000e+01
5.747028239489763024e+01 3.443857242552258668e+00 2.034701057190725138e+00 3.019153048422205554e+00 2.347222222222222321e+00 1.600000000000000000e+01 1.064556962025316444e+01 1.150000000000000000e+01 7.633225399904256392e+01 4.316889635579263995e+01 5.084281384817352034e+01 1.200000000000000000e+01 4.937500000000000000e+00 1.766378049493086966e+00 4.000000000000000000e+01
7.590365833291772901e+01 3.427873620019257661e+00 2.024001873250233619e+00 3.313135398508588292e+00 2.456293706293706247e+00 2.000000000000000000e+01 1.221518987341772089e+01 1.305000000000000071e+01 1.130560402206086792e+02 5.854441014012531497e+01 6.385551453447131109e+01 8.000000000000000000e+00 3.950000000000000178e+00 1.554411446804221830e+00 4.000000000000000000e+01
4.923643488738220242e+01 3.473953464439372585e+00 1.985444221271574827e+00 2.879318790604940670e+00 1.774436090225563589e+00 1.500000000000000000e+01 9.556962025316455112e+00 1.042500000000000071e+01 7.197355414641972970e+01 3.750644107733935328e+01 4.207596614101368715e+01 1.000000000000000000e+01 5.266666666666666607e+00 1.637995599532056978e+00 4.000000000000000000e+01
6.756306381775253556e+01 3.552343858581805236e+00 2.087975647111265154e+00 3.304559230963687089e+00 2.213333333333333375e+00 2.000000000000000000e+01 1.064556962025316444e+01 1.150000000000000000e+01 1.016824691516947752e+02 4.977566900274734252e+01 5.712652655963277937e+01 1.000000000000000000e+01 3.950000000000000178e+00 1.282680568390544007e+00 4.000000000000000000e+01
6.628599268702438962e+01 3.473953464439372585e+00 1.872685000939902089e+00 3.089956327632365163e+00 1.586915535444947123e+00 2.100000000000000000e+01 1.044303797468354489e+01 1.130000000000000071e+01 1.111115473220875742e+02 4.996941299028186734e+01 5.510447259424147148e+01 8.000000000000000000e+00 3.761904761904761862e+00 1.682567727524778567e+00 4.000000000000000000e+01
7.525028122433087674e+01 3.473953464439372585e+00 2.028019201652938364e+00 3.550686001314562024e+00 1.459176788124156410e+00 2.100000000000000000e+01 1.201265822784810133e+01 1.284999999999999964e+01 1.046286910647498161e+02 5.983092946292138237e+01 6.646424804472096071e+01 1.000000000000000000e+01 3.761904761904761862e+00 1.576318669048987653e+00 4.000000000000000000e+01
8.884862478553347387e+01 3.335914189305272171e+00 2.386280638601576243e+00 3.191870263111267203e+00 2.502380952380952372e+00 1.900000000000000000e+01 1.193670886075949333e+01 1.277500000000000036e+01 1.156925378619331468e+02 6.905135063339837131e+01 7.572333081369326635e+01 1.000000000000000000e+01 4.157894736842105310e+00 1.283633186014176308e+00 4.000000000000000000e+01
6.072409834915561078e+01 6.324555320336762598e+00 3.389665308636979457e+00 4.690415759823430619e+00 6.111111111111110716e+00 2.100000000000000000e+01 1.213924050632911467e+01 1.297499999999999964e+01 8.968336075065738555e+01 4.557654970871972466e+01 5.050890968587431473e+01 8.000000000000000000e+00 3.761904761904761862e+00 1.569433394979576235e+00 4.000000000000000000e+01
7.826609495132153427e+01 3.375437903527040984e+00 2.194398824079538901e+00 3.266633226397772205e+00 1.900297619047619069e+00 1.900000000000000000e+01 1.018987341772151822e+01 1.105000000000000071e+01 1.246942711838959781e+02 5.997262984264303753e+01 6.865076070912988371e+01 8.000000000000000000e+00 4.157894736842105310e+00 1.338509731091956922e+00 4.000000000000000000e+01
8.861418717403174128e+01 3.375437903527040984e+00 2.361348912658419952e+00 3.048089791266413329e+00 3.291666666666666519e+00 2.200000000000000000e+01 1.269620253164556978e+01 1.352500000000000036e+01 1.303264856003390264e+02 6.627164532144422537e+01 7.393822041573780268e+01 6.000000000000000000e+00 3.590909090909090828e+00 1.252206904255417586e+00 4.000000000000000000e+01
4.235638110377895771e+01 3.375437903527040984e+00 1.293954686472194693e+00 3.124389923326784668e+00 4.431818181818182323e-01 1.700000000000000000e+01 7.658227848101265778e+00 8.550000000000000711e+00 1.152458124673612332e+02 4.040909648022416434e+01 4.171525329793745129e+01 1.200000000000000000e+01 4.647058823529412130e+00 8.723624084682936042e-01 4.000000000000000000e+01
4.099630207164208429e+01 3.552343858581805236e+00 1.128552010113320625e+00 3.486165439827551005e+00 2.888888888888888062e-01 1.500000000000000000e+01 7.253164556962024889e+00 8.150000000000000355e+00 7.678316371233829329e+01 3.271788465811078339e+01 3.689841109572737565e+01 1.200000000000000000e+01 5.266666666666666607e+00 1.342211916472868527e+00 4.000000000000000000e+01
7.792611342980046629e+01 6.324555320336762598e+00 4.376335780346566118e+00 4.877445405559196701e+00 5.777777777777777679e+00 2.300000000000000000e+01 1.279746835443038044e+01 1.362500000000000000e+01 1.109219343635875816e+02 5.905367996499493444e+01 6.630158167264485769e+01 6.000000000000000000e+00 3.434782608695652328e+00 1.354213533839430772e+00 4.000000000000000000e+01
3.689568501598807160e+01 3.411189702003358359e+00 1.275471299377832990e+00 3.121948593522747561e+00 6.691176470588234837e-01 1.100000000000000000e+01 6.544303797468354666e+00 7.450000000000000178e+00 5.686844342936862517e+01 2.925252952766707892e+01 3.295168535975505364e+01 1.400000000000000000e+01 7.181818181818181657e+00 1.097771474831797489e+00 4.000000000000000000e+01
7.577409535679562680e+01 3.586363173595479736e+00 1.222716583266546753e+00 3.724340716382380734e+00 2.979166666666666519e+00 2.100000000000000000e+01 1.117721518987341689e+01 1.202500000000000036e+01 1.099518109648646487e+02 5.279981052548626508e+01 6.095491364618819574e+01 6.000000000000000000e+00 3.761904761904761862e+00 1.244658980462206799e+00 4.000000000000000000e+01
5.949679624592600646e+01 3.375437903527040984e+00 2.018781675021335431e+00 2.964236516259298515e+00 2.328756957328385724e+00 1.600000000000000000e+01 9.734177215189873777e+00 1.059999999999999964e+01 8.751602835331249253e+01 4.798546302438487032e+01 5.070869569912579777e+01 8.000000000000000000e+00 4.937500000000000000e+00 1.677813784270793862e+00 4.000000000000000000e+01
4.114480665348219901e+01 3.515112659837269060e+00 1.125810006271946273e+00 3.439411098427460178e+00 1.042857142857142927e+00 1.600000000000000000e+01 9.708860759493671111e+00 1.057499999999999929e+01 7.343173449016467202e+01 3.173807067133380855e+01 3.611215938879384879e+01 1.000000000000000000e+01 4.937500000000000000e+00 1.760912619510687893e+00 4.000000000000000000e+01
6.137356945906624617e+01 3.427873620019257661e+00 1.920619385607371665e+00 3.338923647557764607e+00 2.330357142857142794e+00 2.100000000000000000e+01 1.115189873417721600e+01 1.200000000000000000e+01 8.961382338379084445e+01 4.780978288289560396e+01 5.366181277527926596e+01 8.000000000000000000e+00 3.761904761904761862e+00 1.491925073510734778e+00 4.000000000000000000e+01
3.560535295907843789e+01 2.540515226981210795e+00 9.411091234397720440e-01 2.628343206800803245e+00 1.703703703703703720e+00 1.400000000000000000e+01 7.607594936708860445e+00 8.500000000000000000e+00 5.398521506575772122e+01 2.733962738306669138e+01 3.106099694884044737e+01 1.200000000000000000e+01 5.642857142857143238e+00 1.191396301692139392e+00 4.000000000000000000e+01
4.660024332676700709e+01 2.456456052231581033e+00 1.023542032355810649e+00 2.517850823588334563e+00 1.748792270531400961e+00 1.500000000000000000e+01 8.113924050632912000e+00 9.000000000000000000e+00 6.647157946990436983e+01 3.539323013394536588e+01 4.083910413386006155e+01 1.200000000000000000e+01 5.266666666666666607e+00 1.247568900862372265e+00 4.000000000000000000e+01
7.452344602018067121e+01 3.617704769439423984e+00 2.206057916162218024e+00 3.319126561382947926e+00 2.519715578539107881e+00 2.000000000000000000e+01 1.117721518987341689e+01 1.202500000000000036e+01 9.601007910297029468e+01 5.829120920272254125e+01 6.390388845588445577e+01 8.000000000000000000e+00 3.950000000000000178e+00 1.263974865968606087e+00 4.000000000000000000e+01
7.830632640785194098e+01 6.324555320336762598e+00 4.417748282842364205e+00 4.988876515698587255e+00 5.263157894736842479e+00 2.100000000000000000e+01 1.292405063291139200e+01 1.375000000000000000e+01 1.067932014914679826e+02 6.174534097823715939e+01 6.726066821197389345e+01 8.000000000000000000e+00 3.761904761904761862e+00 1.300217055974467018e+00 4.000000000000000000e+01
9.115281238212777737e+01 3.375437903527041428e+00 1.249458446281600521e+00 3.691745567240184656e+00 1.077272727272727160e+00 2.200000000000000000e+01 1.117721518987341689e+01 1.202500000000000036e+01 1.371920388786613785e+02 7.100500230819864100e+01 7.299097824918450783e+01 6.000000000000000000e+00 3.590909090909090828e+00 1.473894023051517177e+00 4.000000000000000000e+01
4.924401893044554157e+01 2.456456052231581033e+00 1.166255595632029740e+00 2.486922310604825714e+00 8.942028985507246563e-01 1.400000000000000000e+01 8.240506329113923556e+00 9.125000000000000000e+00 7.243007481761770805e+01 3.799335302681698323e+01 4.396651098634264088e+01 1.200000000000000000e+01 5.642857142857143238e+00 1.512230016059963544e+00 4.000000000000000000e+01
7.030339735592234263e+01 3.515112659837269060e+00 1.726436760293096562e+00 3.599792380060120589e+00 1.639705882352940902e+00 1.700000000000000000e+01 9.987341772151898667e+00 1.084999999999999964e+01 1.115311522365807377e+02 5.587602892041427083e+01 6.151920482631724951e+01 8.000000000000000000e+00 4.647058823529412130e+00 1.172908980473686080e+00 4.000000000000000000e+01
4.068013008169982214e+01 3.473953464439372585e+00 1.681639668895827278e+00 3.076330077867087454e+00 4.736842105263157632e-01 1.000000000000000000e+01 6.341772151898734222e+00 7.250000000000000000e+00 6.543742090136619538e+01 3.165575605935000780e+01 3.645445827316900989e+01 1.800000000000000000e+01 7.900000000000000355e+00 1.423493475688545562e+00 4.000000000000000000e+01
6.532535675886450122e+01 3.473953464439372585e+00 2.031156169085958307e+00 3.181566886080620549e+00 2.864433811802232999e+00 1.700000000000000000e+01 1.003797468354430400e+01 1.090000000000000036e+01 9.495767197221832134e+01 5.102535077025048338e+01 5.816951051828316110e+01 1.400000000000000000e+01 4.647058823529412130e+00 1.785716800500512180e+00 4.000000000000000000e+01
