6.804685118594397863e+01 6.324555320336762598e+00 3.741657386773933336e+00 6.419296945296222745e+00 2.391304347826086918e+00 2.200000000000000000e+01 1.127848101265822756e+01 1.212500000000000000e+01 1.097999999999999972e+02 5.379240506329114169e+01 6.042499999999999716e+01 8.000000000000000000e+00 3.590909090909090828e+00 1.361149547216724764e+00 4.000000000000000000e+01
7.520268888190689438e+01 3.375437903527040984e+00 2.221656334876681793e+00 3.488749262651874794e+00 2.949999999999999734e+00 2.000000000000000000e+01 1.234177215189873422e+01 1.317500000000000071e+01 9.979999999999999716e+01 5.910886075949366614e+01 6.567499999999999716e+01 8.000000000000000000e+00 3.950000000000000178e+00 1.389931298579907715e+00 4.000000000000000000e+01
5.025151129006922446e+01 3.375437903527040984e+00 1.821767729641206035e+00 3.815865431238114169e+00 1.339682539682539586e+00 1.300000000000000000e+01 8.721518987341772444e+00 9.599999999999999645e+00 6.479999999999999716e+01 4.100759493670886258e+01 4.779999999999999716e+01 1.400000000000000000e+01 6.076923076923076650e+00 1.692290426081882959e+00 4.000000000000000000e+01
5.156070354383300014e+01 3.375437903527040984e+00 1.500498958513570624e+00 3.940010600264665541e+00 1.482204861111111160e+00 1.700000000000000000e+01 8.772151898734177777e+00 9.650000000000000355e+00 8.479999999999999716e+01 4.126075949367088214e+01 4.804999999999999716e+01 1.000000000000000000e+01 4.647058823529412130e+00 1.347039110989926014e+00 4.000000000000000000e+01
6.440215617006238347e+01 3.473953464439372585e+00 1.731177656227772310e+00 3.709068463524164194e+00 2.715789473684210531e+00 2.100000000000000000e+01 1.044303797468354489e+01 1.130000000000000071e+01 1.047999999999999972e+02 4.961518987341771947e+01 5.629999999999999716e+01 1.000000000000000000e+01 3.761904761904761862e+00 1.311165936238489538e+00 4.000000000000000000e+01
5.568592277970621041e+01 3.473953464439372585e+00 1.782602457966000919e+00 3.762265599796544180e+00 1.324561403508772051e+00 1.800000000000000000e+01 9.227848101265822223e+00 1.009999999999999964e+01 8.979999999999999716e+01 4.353924050632911502e+01 5.029999999999999716e+01 8.000000000000000000e+00 4.388888888888889284e+00 1.495506649841849889e+00 4.000000000000000000e+01
5.153231568885590974e+01 3.515112659837269060e+00 1.138005114873995582e+00 4.096811429970199647e+00 1.848739495798319421e+00 1.500000000000000000e+01 8.620253164556961778e+00 9.500000000000000000e+00 7.479999999999999716e+01 4.050126582278480925e+01 4.729999999999999716e+01 8.000000000000000000e+00 5.266666666666666607e+00 1.371505400935796981e+00 4.000000000000000000e+01
6.348253403113623250e+01 3.427873620019257661e+00 1.210058788045746292e+00 3.969739310272343946e+00 5.555555555555556246e+00 2.000000000000000000e+01 1.051898734177215111e+01 1.137500000000000000e+01 9.979999999999999716e+01 4.999493670886076302e+01 5.667499999999999716e+01 8.000000000000000000e+00 3.950000000000000178e+00 1.236284273162098879e+00 4.000000000000000000e+01
4.919231574569339926e+01 3.515112659837269060e+00 1.401934205084611529e+00 3.917760387981464643e+00 5.833333333333332593e-01 1.700000000000000000e+01 8.468354430379747555e+00 9.349999999999999645e+00 8.479999999999999716e+01 3.974177215189872925e+01 4.654999999999999716e+01 1.200000000000000000e+01 4.647058823529412130e+00 1.330140103261143736e+00 4.000000000000000000e+01
7.029405760996841934e+01 6.324555320336762598e+00 3.999999999999996003e+00 6.196708283305508047e+00 3.809523809523809312e+00 2.000000000000000000e+01 1.170886075949367111e+01 1.255000000000000071e+01 9.979999999999999716e+01 5.594430379746835058e+01 6.254999999999999716e+01 8.000000000000000000e+00 3.950000000000000178e+00 1.389996670086706354e+00 4.000000000000000000e+01
5.172564695909868959e+01 3.552343858581805236e+00 1.601186478522850676e+00 3.956002916143933845e+00 1.277192982456140546e+00 1.600000000000000000e+01 8.721518987341772444e+00 9.599999999999999645e+00 7.979999999999999716e+01 4.100759493670886258e+01 4.779999999999999716e+01 1.000000000000000000e+01 4.937500000000000000e+00 1.612206082458571776e+00 4.000000000000000000e+01
6.672949421527759739e+01 6.324555320336760822e+00 4.123105625617651704e+00 5.692466475356268596e+00 4.400000000000000355e+00 2.200000000000000000e+01 1.092405063291139200e+01 1.177500000000000036e+01 1.097999999999999972e+02 5.202025316455696213e+01 5.867499999999999716e+01 8.000000000000000000e+00 3.590909090909090828e+00 1.275871470003179242e+00 4.000000000000000000e+01
4.927577194203318811e+01 3.515112659837269060e+00 1.295668420148757161e+00 3.808665431260486844e+00 7.142857142857143016e-01 1.600000000000000000e+01 8.367088607594936889e+00 9.250000000000000000e+00 7.979999999999999716e+01 3.923544303797468302e+01 4.604999999999999716e+01 1.000000000000000000e+01 4.937500000000000000e+00 1.525311464882501244e+00 4.000000000000000000e+01
6.104591846664981603e+01 3.443857242552258668e+00 1.802403035606322534e+00 3.671862269243444388e+00 2.216761633428300016e+00 1.800000000000000000e+01 1.026582278481012622e+01 1.112500000000000000e+01 8.979999999999999716e+01 4.872911392405062969e+01 5.542499999999999716e+01 1.000000000000000000e+01 4.388888888888889284e+00 1.443159819843623515e+00 4.000000000000000000e+01
5.207722987410980409e+01 3.646778057984196852e+00 1.428786019963983911e+00 4.300689494058951290e+00 1.568627450980392135e+00 1.700000000000000000e+01 8.746835443037975111e+00 9.625000000000000000e+00 8.479999999999999716e+01 4.113417721518987946e+01 4.792499999999999716e+01 8.000000000000000000e+00 4.647058823529412130e+00 1.304043358555979859e+00 4.000000000000000000e+01
6.642386865917775651e+01 3.515112659837269060e+00 1.930782036686520708e+00 3.703042867436046492e+00 1.567226890756302504e+00 1.900000000000000000e+01 1.107594936708860800e+01 1.192500000000000071e+01 9.479999999999999716e+01 5.277974683544303502e+01 5.942499999999999716e+01 8.000000000000000000e+00 4.157894736842105310e+00 1.431628160870050070e+00 4.000000000000000000e+01
7.486172330126831298e+01 3.411189702003358359e+00 2.218533802402824495e+00 3.307963982418925308e+00 3.806372549019608531e+00 2.100000000000000000e+01 1.256962025316455644e+01 1.340000000000000036e+01 1.047999999999999972e+02 6.024810126582278258e+01 6.679999999999999716e+01 8.000000000000000000e+00 3.761904761904761862e+00 1.392088513295524743e+00 4.000000000000000000e+01
6.282816417021382449e+01 3.552343858581805236e+00 1.485990148839639424e+00 4.241034830510299614e+00 3.801709401709401526e+00 2.000000000000000000e+01 1.041772151898734222e+01 1.127500000000000036e+01 9.979999999999999716e+01 4.948860759493670969e+01 5.617499999999999716e+01 8.000000000000000000e+00 3.950000000000000178e+00 1.307411005245517011e+00 4.000000000000000000e+01
7.947563013553366318e+01 3.473953464439372585e+00 1.421880530037843426e+00 3.890251166671035765e+00 2.672302056917441160e+00 2.200000000000000000e+01 1.292405063291139200e+01 1.375000000000000000e+01 1.097999999999999972e+02 6.202025316455696213e+01 6.854999999999999716e+01 6.000000000000000000e+00 3.590909090909090828e+00 1.339999516262996959e+00 4.000000000000000000e+01
5.930599998045037324e+01 3.411189702003358359e+00 1.967570107900184828e+00 3.411042582349991026e+00 1.833333333333333481e+00 1.800000000000000000e+01 9.936708860759493334e+00 1.080000000000000071e+01 8.979999999999999716e+01 4.708354430379746702e+01 5.379999999999999716e+01 1.000000000000000000e+01 4.388888888888889284e+00 1.506502120021322888e+00 4.000000000000000000e+01
6.272512081205721302e+01 3.411189702003358359e+00 1.935965651970212198e+00 3.934979786495278464e+00 1.698039215686274472e+00 1.800000000000000000e+01 1.072151898734177244e+01 1.157499999999999929e+01 8.979999999999999716e+01 5.100759493670886258e+01 5.767499999999999716e+01 1.000000000000000000e+01 4.388888888888889284e+00 1.546697379036102049e+00 4.000000000000000000e+01
3.904346785925108065e+01 3.443857242552258668e+00 1.318588709661507430e+00 3.798451034006248062e+00 7.675438596491228616e-01 1.300000000000000000e+01 6.797468354430379556e+00 7.700000000000000178e+00 6.479999999999999716e+01 3.138734177215189902e+01 3.829999999999999716e+01 1.400000000000000000e+01 6.076923076923076650e+00 1.398398210072742787e+00 4.000000000000000000e+01
4.454844261330688227e+01 3.375437903527040984e+00 1.806565431234990582e+00 3.384518099615567266e+00 1.507029478458049798e+00 1.200000000000000000e+01 7.708860759493671111e+00 8.599999999999999645e+00 5.979999999999999716e+01 3.594430379746835058e+01 4.279999999999999716e+01 1.200000000000000000e+01 6.583333333333333037e+00 1.664512968163833984e+00 4.000000000000000000e+01
4.725592170846443452e+01 3.375437903527040984e+00 1.761802981511739086e+00 3.442796770896205061e+00 1.250793650793650791e+00 1.300000000000000000e+01 8.189873417721518223e+00 9.074999999999999289e+00 6.479999999999999716e+01 3.834936708860759325e+01 4.517499999999999716e+01 1.000000000000000000e+01 6.076923076923076650e+00 1.728335425341549492e+00 4.000000000000000000e+01
6.300967288384038056e+01 3.473953464439372585e+00 1.859291866106441482e+00 3.803542400129216183e+00 2.088034188034188166e+00 2.000000000000000000e+01 1.049367088607595022e+01 1.134999999999999964e+01 9.979999999999999716e+01 4.986835443037974613e+01 5.654999999999999716e+01 6.000000000000000000e+00 3.950000000000000178e+00 1.419013980393350138e+00 4.000000000000000000e+01
6.105531038362050111e+01 3.314454017339988567e+00 2.053136413658843917e+00 3.525125205362297898e+00 2.421052631578947345e+00 1.700000000000000000e+01 1.049367088607595022e+01 1.134999999999999964e+01 8.479999999999999716e+01 4.986835443037974613e+01 5.654999999999999716e+01 8.000000000000000000e+00 4.647058823529412130e+00 1.509252467056084956e+00 4.000000000000000000e+01
6.319804858475020382e+01 3.411189702003358359e+00 2.043501419628634963e+00 3.683689825432731713e+00 2.425653594771242094e+00 1.800000000000000000e+01 1.056962025316455644e+01 1.142500000000000071e+01 8.979999999999999716e+01 5.024810126582278258e+01 5.692499999999999716e+01 8.000000000000000000e+00 4.388888888888889284e+00 1.462715976929215511e+00 4.000000000000000000e+01
5.963839471347314003e+01 3.335914189305272171e+00 1.670655517167435766e+00 3.973250415640210420e+00 2.342857142857142971e+00 2.000000000000000000e+01 9.835443037974682667e+00 1.069999999999999929e+01 9.979999999999999716e+01 4.657721518987341369e+01 5.329999999999999716e+01 8.000000000000000000e+00 3.950000000000000178e+00 1.362868877988036020e+00 4.000000000000000000e+01
6.820920354037056654e+01 3.443857242552258668e+00 2.188061651325982737e+00 3.313614853059176468e+00 3.395833333333333481e+00 2.000000000000000000e+01 1.112658227848101333e+01 1.197499999999999964e+01 9.979999999999999716e+01 5.303291139240506169e+01 5.967499999999999716e+01 8.000000000000000000e+00 3.950000000000000178e+00 1.369727713757180387e+00 4.000000000000000000e+01
5.553785720126933256e+01 3.443857242552258668e+00 1.818735394018928142e+00 3.632055972473601013e+00 1.444791666666666696e+00 1.600000000000000000e+01 9.379746835443038222e+00 1.025000000000000000e+01 7.979999999999999716e+01 4.429873417721519502e+01 5.104999999999999716e+01 1.000000000000000000e+01 4.937500000000000000e+00 1.530295794371381746e+00 4.000000000000000000e+01
7.315862904822444079e+01 3.473953464439372585e+00 2.043965377464613375e+00 3.876093216920981632e+00 2.343891402714931793e+00 2.000000000000000000e+01 1.254430379746835378e+01 1.337500000000000000e+01 9.979999999999999716e+01 6.012151898734177280e+01 6.667499999999999716e+01 1.200000000000000000e+01 3.950000000000000178e+00 1.419773755398212600e+00 4.000000000000000000e+01
7.239743761925497267e+01 3.427873620019257661e+00 1.358019080485783903e+00 3.733044370820609359e+00 1.685828877005347337e+00 2.000000000000000000e+01 1.188607594936708800e+01 1.272499999999999964e+01 9.979999999999999716e+01 5.683037974683544746e+01 6.342499999999999716e+01 6.000000000000000000e+00 3.950000000000000178e+00 1.372360682344942129e+00 4.000000000000000000e+01
7.221331416208063558e+01 3.473953464439372585e+00 2.148147388304088246e+00 3.468664467748369340e+00 2.564593301435406758e+00 2.200000000000000000e+01 1.168354430379746844e+01 1.252500000000000036e+01 1.097999999999999972e+02 5.581772151898734080e+01 6.242499999999999716e+01 6.000000000000000000e+00 3.590909090909090828e+00 1.331420018474059441e+00 4.000000000000000000e+01
6.874775766919593423e+01 6.324555320336762598e+00 4.123105625617652592e+00 5.969085442902279048e+00 4.200000000000000178e+00 2.000000000000000000e+01 1.120253164556961956e+01 1.205000000000000071e+01 9.979999999999999716e+01 5.341265822784809814e+01 6.004999999999999716e+01 6.000000000000000000e+00 3.950000000000000178e+00 1.383061535404454201e+00 4.000000000000000000e+01
7.507703435689678884e+01 3.552343858581805236e+00 2.078186837268360065e+00 3.872711451365599800e+00 1.974444444444444446e+00 2.200000000000000000e+01 1.256962025316455644e+01 1.340000000000000036e+01 1.097999999999999972e+02 6.024810126582278258e+01 6.679999999999999716e+01 8.000000000000000000e+00 3.590909090909090828e+00 1.365660805649995257e+00 4.000000000000000000e+01
5.646646909723734353e+01 3.346195160597230434e+00 1.933182044931762267e+00 3.447584537802249383e+00 2.563333333333333464e+00 1.800000000000000000e+01 9.354430379746835555e+00 1.022499999999999964e+01 8.979999999999999716e+01 4.417215189873417813e+01 5.092499999999999716e+01 1.000000000000000000e+01 4.388888888888889284e+00 1.418963631756900545e+00 4.000000000000000000e+01
6.362721773109186074e+01 3.443857242552258668e+00 2.200975232410580240e+00 3.456597851153516032e+00 3.000000000000000000e+00 1.700000000000000000e+01 1.069620253164556978e+01 1.155000000000000071e+01 8.479999999999999716e+01 5.088101265822784569e+01 5.754999999999999716e+01 1.000000000000000000e+01 4.647058823529412130e+00 1.512218786415376881e+00 4.000000000000000000e+01
4.240882509612941931e+01 3.375437903527040984e+00 1.381558355489196810e+00 3.875940576711752072e+00 2.437500000000000000e+00 1.200000000000000000e+01 7.329113924050632889e+00 8.224999999999999645e+00 5.979999999999999716e+01 3.404556962025316125e+01 4.092499999999999716e+01 1.400000000000000000e+01 6.583333333333333037e+00 1.272239654464549563e+00 4.000000000000000000e+01
4.911120788738339371e+01 3.443857242552258668e+00 1.759100087065504470e+00 3.457574806749314167e+00 1.615079365079364893e+00 1.600000000000000000e+01 8.417721518987342222e+00 9.300000000000000711e+00 7.979999999999999716e+01 3.948860759493670969e+01 4.629999999999999716e+01 1.400000000000000000e+01 4.937500000000000000e+00 1.395846399290913364e+00 4.000000000000000000e+01
5.720001773231428643e+01 3.443857242552258668e+00 2.016140477002260400e+00 3.834398322691270344e+00 5.528009259259259345e+00 1.800000000000000000e+01 9.481012658227848888e+00 1.034999999999999964e+01 8.979999999999999716e+01 4.480506329113924124e+01 5.154999999999999716e+01 8.000000000000000000e+00 4.388888888888889284e+00 1.443167285334798766e+00 4.000000000000000000e+01
8.634191477096975120e+01 3.515112659837269060e+00 1.953657828182346456e+00 4.375801774186782289e+00 2.674725274725274993e+00 2.600000000000000000e+01 1.411392405063291200e+01 1.492500000000000071e+01 1.298000000000000114e+02 6.796962025316454969e+01 7.442499999999999716e+01 6.000000000000000000e+00 3.038461538461538325e+00 1.276124214138068425e+00 4.000000000000000000e+01
6.982679412571658872e+01 3.411189702003358359e+00 2.043501419628634963e+00 3.774136746778456786e+00 2.085294117647058965e+00 1.900000000000000000e+01 1.196202531645569600e+01 1.280000000000000071e+01 9.479999999999999716e+01 5.721012658227848391e+01 6.379999999999999716e+01 1.000000000000000000e+01 4.157894736842105310e+00 1.457470060866758788e+00 4.000000000000000000e+01
6.926433541487983803e+01 3.443857242552258668e+00 2.138735171683736169e+00 3.642001762605738602e+00 4.671296296296295836e+00 2.000000000000000000e+01 1.163291139240506311e+01 1.247499999999999964e+01 9.979999999999999716e+01 5.556455696202531414e+01 6.217499999999999716e+01 1.000000000000000000e+01 3.950000000000000178e+00 1.392513932223415907e+00 4.000000000000000000e+01
8.337964924451107152e+01 3.552343858581805236e+00 2.493847212606740360e+00 3.762763922105320624e+00 1.409166666666666679e+01 2.500000000000000000e+01 1.332911392405063289e+01 1.415000000000000036e+01 1.247999999999999972e+02 6.404556962025316125e+01 7.054999999999999716e+01 6.000000000000000000e+00 3.160000000000000142e+00 1.265694428991034570e+00 4.000000000000000000e+01
5.827349851644062539e+01 3.402564240911784665e+00 2.211569123772132883e+00 3.499172927450025838e+00 3.492045454545455119e+00 1.700000000000000000e+01 9.784810126582279111e+00 1.065000000000000036e+01 8.479999999999999716e+01 4.632405063291139413e+01 5.304999999999999716e+01 6.000000000000000000e+00 4.647058823529412130e+00 1.477315361140034922e+00 4.000000000000000000e+01
4.601773881236528041e+01 3.300951334040937990e+00 1.722924867336960597e+00 3.434944418799327437e+00 1.826086956521739024e+00 1.500000000000000000e+01 7.860759493670886222e+00 8.750000000000000000e+00 7.479999999999999716e+01 3.670379746835443058e+01 4.354999999999999716e+01 1.000000000000000000e+01 5.266666666666666607e+00 1.505305555605670254e+00 4.000000000000000000e+01
7.818946261237503847e+01 3.515112659837269060e+00 2.127442900317824570e+00 4.049073456136571103e+00 2.940476190476190688e+00 2.600000000000000000e+01 1.251898734177215111e+01 1.334999999999999964e+01 1.298000000000000114e+02 5.999493670886076302e+01 6.654999999999999716e+01 6.000000000000000000e+00 3.038461538461538325e+00 1.245881221881423473e+00 4.000000000000000000e+01
8.417026618676815986e+01 3.443857242552258668e+00 2.357294960503240500e+00 3.462000915190471151e+00 3.778472222222222232e+00 2.300000000000000000e+01 1.386075949367088533e+01 1.467500000000000071e+01 1.147999999999999972e+02 6.670379746835443768e+01 7.317499999999999716e+01 6.000000000000000000e+00 3.434782608695652328e+00 1.354292805074893913e+00 4.000000000000000000e+01
6.644850919153698499e+01 6.324555320336762598e+00 3.605551275463978911e+00 6.590277823172596250e+00 1.500000000000000000e+00 2.100000000000000000e+01 1.115189873417721600e+01 1.200000000000000000e+01 1.047999999999999972e+02 5.315949367088607858e+01 5.979999999999999716e+01 8.000000000000000000e+00 3.761904761904761862e+00 1.417606178206406664e+00 4.000000000000000000e+01
5.205235423055127342e+01 3.473953464439372585e+00 1.817743753329530865e+00 3.486210853848644931e+00 1.164086687306501444e+00 1.500000000000000000e+01 8.898734177215189334e+00 9.775000000000000355e+00 7.479999999999999716e+01 4.189367088607594525e+01 4.867499999999999716e+01 1.000000000000000000e+01 5.266666666666666607e+00 1.685392636728119786e+00 4.000000000000000000e+01
6.910815622032863814e+01 3.586363173595479736e+00 2.138976544428808246e+00 4.117088562452455136e+00 2.443452380952380931e+00 1.800000000000000000e+01 1.183544303797468267e+01 1.267500000000000071e+01 8.979999999999999716e+01 5.657721518987341369e+01 6.317499999999999716e+01 1.200000000000000000e+01 4.388888888888889284e+00 1.489684503042442376e+00 4.000000000000000000e+01
7.161956873380975708e+01 3.552343858581805236e+00 2.105845050955220898e+00 4.153253116714266113e+00 4.359999999999999432e+00 2.000000000000000000e+01 1.208860759493670933e+01 1.292500000000000071e+01 9.979999999999999716e+01 5.784303797468354702e+01 6.442499999999999716e+01 8.000000000000000000e+00 3.950000000000000178e+00 1.387958407904253955e+00 4.000000000000000000e+01
7.251309544604258406e+01 3.473953464439372585e+00 2.071933214009505697e+00 4.012740275505345622e+00 2.130952380952380931e+00 1.900000000000000000e+01 1.236708860759493689e+01 1.319999999999999929e+01 9.479999999999999716e+01 5.923544303797468302e+01 6.579999999999999716e+01 1.000000000000000000e+01 4.157894736842105310e+00 1.520634961172637745e+00 4.000000000000000000e+01
4.676705537811634628e+01 3.411189702003358359e+00 1.481309481210081325e+00 3.595699670351971466e+00 1.259515570934256257e+00 1.700000000000000000e+01 7.987341772151898667e+00 8.875000000000000000e+00 8.479999999999999716e+01 3.733670886075949369e+01 4.417499999999999716e+01 1.000000000000000000e+01 4.647058823529412130e+00 1.290099502381965912e+00 4.000000000000000000e+01
6.982393022203353894e+01 3.411189702003358359e+00 2.250151742440450242e+00 3.480102561057559107e+00 3.408496732026143228e+00 2.200000000000000000e+01 1.168354430379746844e+01 1.252500000000000036e+01 1.097999999999999972e+02 5.581772151898734080e+01 6.242499999999999716e+01 8.000000000000000000e+00 3.590909090909090828e+00 1.328213983524087149e+00 4.000000000000000000e+01
6.683772703876286414e+01 3.473953464439372585e+00 2.019153165553772222e+00 3.806993931143392018e+00 2.197802197802197988e+00 1.800000000000000000e+01 1.140506329113924089e+01 1.225000000000000000e+01 8.979999999999999716e+01 5.442531645569619769e+01 6.104999999999999716e+01 1.000000000000000000e+01 4.388888888888889284e+00 1.501641985231058296e+00 4.000000000000000000e+01
7.687276724203775302e+01 6.324555320336764375e+00 4.123105625617657033e+00 6.398677519909483635e+00 4.200000000000000178e+00 2.200000000000000000e+01 1.300000000000000000e+01 1.382499999999999929e+01 1.097999999999999972e+02 6.239999999999999858e+01 6.892499999999999716e+01 8.000000000000000000e+00 3.590909090909090828e+00 1.371820935389433949e+00 4.000000000000000000e+01
8.132955139577642001e+01 3.443857242552258668e+00 2.394150907079333646e+00 3.519923932741996442e+00 4.333333333333333037e+00 2.300000000000000000e+01 1.350632911392404978e+01 1.432499999999999929e+01 1.147999999999999972e+02 6.493164556962025813e+01 7.142499999999999716e+01 6.000000000000000000e+00 3.434782608695652328e+00 1.358043430957071696e+00 4.000000000000000000e+01
6.362546577097111822e+01 3.515112659837269060e+00 1.407901081844134650e+00 3.991502857115249103e+00 2.028571428571428914e+00 2.100000000000000000e+01 1.049367088607595022e+01 1.134999999999999964e+01 1.047999999999999972e+02 4.986835443037974613e+01 5.654999999999999716e+01 8.000000000000000000e+00 3.761904761904761862e+00 1.307120593749745652e+00 4.000000000000000000e+01
5.287125326745801601e+01 3.473953464439372585e+00 1.136659144139363864e+00 4.361887017277728873e+00 2.115384615384615419e+00 1.500000000000000000e+01 8.924050632911392000e+00 9.800000000000000711e+00 7.479999999999999716e+01 4.202025316455696213e+01 4.879999999999999716e+01 1.000000000000000000e+01 5.266666666666666607e+00 1.332254284906805530e+00 4.000000000000000000e+01
5.199971411614114913e+01 3.473953464439372585e+00 1.376274510786035021e+00 3.768930494636986595e+00 1.728355957767722550e+00 1.700000000000000000e+01 8.822784810126583110e+00 9.699999999999999289e+00 8.479999999999999716e+01 4.151392405063290880e+01 4.829999999999999716e+01 8.000000000000000000e+00 4.647058823529412130e+00 1.309753661008942194e+00 4.000000000000000000e+01
5.121060135844012251e+01 3.346195160597230434e+00 1.884854394289733781e+00 3.674685447700569263e+00 1.857142857142856984e+00 1.400000000000000000e+01 8.797468354430380444e+00 9.675000000000000711e+00 6.979999999999999716e+01 4.138734177215189902e+01 4.817499999999999716e+01 1.000000000000000000e+01 5.642857142857143238e+00 1.733649418438382828e+00 4.000000000000000000e+01
5.385914562509719161e+01 3.411189702003358359e+00 1.776480587275393930e+00 3.683775735554470465e+00 1.439863445378151141e+00 1.600000000000000000e+01 9.101265822784810666e+00 9.974999999999999645e+00 7.979999999999999716e+01 4.290632911392405191e+01 4.967499999999999716e+01 1.000000000000000000e+01 4.937500000000000000e+00 1.524773266270454286e+00 4.000000000000000000e+01
4.398115673015597338e+01 3.335914189305272171e+00 1.336127074880017807e+00 3.893186815239522591e+00 1.760000000000000009e+00 1.300000000000000000e+01 7.556962025316456000e+00 8.449999999999999289e+00 6.479999999999999716e+01 3.518481012658227769e+01 4.204999999999999716e+01 1.000000000000000000e+01 6.076923076923076650e+00 1.269030228186591502e+00 4.000000000000000000e+01
5.700504546888478785e+01 3.346195160597230434e+00 1.899079049136624953e+00 3.625785414136562856e+00 1.653571428571428470e+00 1.700000000000000000e+01 9.683544303797468444e+00 1.055000000000000071e+01 8.479999999999999716e+01 4.581772151898734080e+01 5.254999999999999716e+01 8.000000000000000000e+00 4.647058823529412130e+00 1.499563275677104457e+00 4.000000000000000000e+01
8.389318467516142164e+01 3.617704769439423984e+00 2.476292314389882510e+00 3.537651990713118977e+00 4.873949579831933221e+00 2.300000000000000000e+01 1.355696202531645511e+01 1.437500000000000000e+01 1.147999999999999972e+02 6.518481012658227769e+01 7.167499999999999716e+01 8.000000000000000000e+00 3.434782608695652328e+00 1.326835394487334563e+00 4.000000000000000000e+01
4.315734505197094961e+01 3.352229939440702022e+00 1.720142020002151773e+00 3.492465379674488446e+00 6.755555555555555758e-01 1.200000000000000000e+01 7.506329113924050667e+00 8.400000000000000355e+00 5.979999999999999716e+01 3.493164556962025102e+01 4.179999999999999716e+01 1.400000000000000000e+01 6.583333333333333037e+00 1.778700914955108292e+00 4.000000000000000000e+01
5.065067295623137511e+01 3.375437903527040984e+00 1.853083307892006815e+00 3.383421280839072232e+00 1.790842490842490697e+00 1.600000000000000000e+01 8.518987341772151112e+00 9.400000000000000355e+00 7.979999999999999716e+01 3.999493670886076302e+01 4.679999999999999716e+01 1.000000000000000000e+01 4.937500000000000000e+00 1.455724323527055830e+00 4.000000000000000000e+01
4.812060860942143137e+01 3.443857242552258668e+00 1.657433125965037668e+00 3.735353616730879178e+00 1.666666666666666741e+00 1.400000000000000000e+01 8.215189873417720889e+00 9.099999999999999645e+00 6.979999999999999716e+01 3.847594936708861013e+01 4.529999999999999716e+01 1.000000000000000000e+01 5.642857142857143238e+00 1.635199537047430818e+00 4.000000000000000000e+01
4.769128787759829891e+01 3.501871511350208799e+00 1.705321759141655624e+00 3.759058234422225198e+00 1.814285714285714279e+00 1.700000000000000000e+01 8.139240506329114666e+00 9.025000000000000355e+00 8.479999999999999716e+01 3.809620253164556658e+01 4.492499999999999716e+01 1.200000000000000000e+01 4.647058823529412130e+00 1.358676551705012558e+00 4.000000000000000000e+01
5.872298405668847465e+01 6.324555320336762598e+00 3.741657386773933336e+00 5.895401629122785536e+00 2.391304347826086918e+00 1.800000000000000000e+01 9.683544303797468444e+00 1.055000000000000071e+01 8.979999999999999716e+01 4.581772151898734080e+01 5.254999999999999716e+01 8.000000000000000000e+00 4.388888888888889284e+00 1.413104193400002373e+00 4.000000000000000000e+01
8.566065674989302181e+01 3.473953464439372585e+00 2.377895603093205246e+00 3.621980379077822665e+00 3.210256410256410398e+00 2.400000000000000000e+01 1.429113924050632889e+01 1.509999999999999964e+01 1.197999999999999972e+02 6.885569620253164658e+01 7.529999999999999716e+01 6.000000000000000000e+00 3.291666666666666519e+00 1.331652879285574187e+00 4.000000000000000000e+01
7.664452598428857755e+01 3.411189702003358359e+00 2.218533802402824495e+00 3.493326731434692078e+00 2.910695187165775355e+00 2.100000000000000000e+01 1.272151898734177244e+01 1.355000000000000071e+01 1.047999999999999972e+02 6.100759493670886258e+01 6.754999999999999716e+01 8.000000000000000000e+00 3.761904761904761862e+00 1.380015552291158576e+00 4.000000000000000000e+01
5.940780750103356667e+01 3.279716080596870142e+00 1.958900299466669326e+00 3.688066640367792637e+00 2.393939393939394034e+00 1.700000000000000000e+01 1.026582278481012622e+01 1.112500000000000000e+01 8.479999999999999716e+01 4.872911392405062969e+01 5.542499999999999716e+01 1.200000000000000000e+01 4.647058823529412130e+00 1.543852354263976157e+00 4.000000000000000000e+01
4.235734304466915034e+01 2.430710570620359778e+00 1.020690583919849015e+00 2.976039038735142306e+00 9.914656771799628121e-01 1.300000000000000000e+01 7.379746835443038222e+00 8.275000000000000355e+00 6.479999999999999716e+01 3.429873417721519502e+01 4.117499999999999716e+01 1.200000000000000000e+01 6.076923076923076650e+00 1.352122150491616326e+00 4.000000000000000000e+01
5.423888062191824844e+01 3.411189702003358359e+00 1.750396258794105764e+00 3.574458195882614042e+00 1.258362168396770286e+00 1.800000000000000000e+01 9.050632911392405333e+00 9.925000000000000711e+00 8.979999999999999716e+01 4.265316455696202524e+01 4.942499999999999716e+01 8.000000000000000000e+00 4.388888888888889284e+00 1.399406095860288080e+00 4.000000000000000000e+01
4.482721780050275129e+01 3.375437903527040984e+00 1.633177457717500003e+00 3.421895577456776305e+00 1.090773809523809534e+00 1.400000000000000000e+01 7.734177215189873777e+00 8.625000000000000000e+00 6.979999999999999716e+01 3.607088607594936747e+01 4.292499999999999716e+01 1.000000000000000000e+01 5.642857142857143238e+00 1.798517815333799508e+00 4.000000000000000000e+01
6.189790572291786930e+01 3.443857242552258668e+00 2.053983243642192313e+00 3.755871339653350738e+00 2.086894586894586734e+00 1.700000000000000000e+01 1.054430379746835378e+01 1.140000000000000036e+01 8.479999999999999716e+01 5.012151898734177280e+01 5.679999999999999716e+01 1.000000000000000000e+01 4.647058823529412130e+00 1.491529774944172937e+00 4.000000000000000000e+01
5.390872523332738808e+01 3.552343858581805236e+00 1.561003627668688054e+00 4.105576571164947453e+00 1.355555555555555403e+00 1.600000000000000000e+01 9.278481012658227556e+00 1.015000000000000036e+01 7.979999999999999716e+01 4.379240506329114169e+01 5.054999999999999716e+01 1.000000000000000000e+01 4.937500000000000000e+00 1.472373582875334375e+00 4.000000000000000000e+01
4.906138403401371306e+01 2.521757574239155364e+00 1.111918827229862794e+00 2.771823079342062179e+00 1.942307692307692291e+00 1.700000000000000000e+01 8.316455696202531556e+00 9.199999999999999289e+00 8.479999999999999716e+01 3.898227848101266346e+01 4.579999999999999716e+01 1.400000000000000000e+01 4.647058823529412130e+00 1.327030454103363732e+00 4.000000000000000000e+01
7.036675734386165004e+01 3.411189702003358359e+00 2.091279105182546783e+00 3.452401845827605786e+00 3.147058823529411686e+00 2.100000000000000000e+01 1.186075949367088533e+01 1.269999999999999929e+01 1.047999999999999972e+02 5.670379746835443058e+01 6.329999999999999716e+01 8.000000000000000000e+00 3.761904761904761862e+00 1.371965339608756995e+00 4.000000000000000000e+01
3.840061642342904946e+01 3.402564240911784665e+00 1.716149799509822493e+00 3.451890474923874130e+00 1.154545454545454541e+00 1.100000000000000000e+01 6.721518987341772444e+00 7.625000000000000000e+00 5.479999999999999716e+01 3.100759493670886258e+01 3.792499999999999716e+01 1.400000000000000000e+01 7.181818181818181657e+00 1.491013234058589765e+00 4.000000000000000000e+01
6.410698235692970570e+01 3.586363173595479736e+00 1.594262540338370338e+00 3.787891372845507032e+00 1.966145833333333481e+00 2.000000000000000000e+01 1.054430379746835378e+01 1.140000000000000036e+01 9.979999999999999716e+01 5.012151898734177280e+01 5.679999999999999716e+01 8.000000000000000000e+00 3.950000000000000178e+00 1.377493669588171876e+00 4.000000000000000000e+01
6.114139429005642512e+01 3.515112659837269060e+00 2.032058546522398146e+00 3.776544255765912350e+00 3.114718614718614553e+00 1.800000000000000000e+01 1.016455696202531733e+01 1.102500000000000036e+01 8.979999999999999716e+01 4.822278481012658347e+01 5.492499999999999716e+01 8.000000000000000000e+00 4.388888888888889284e+00 1.394305907590372984e+00 4.000000000000000000e+01
6.034530555739175384e+01 3.443857242552258668e+00 1.916434130381950540e+00 3.695383150230672875e+00 1.618055555555555580e+00 1.500000000000000000e+01 1.026582278481012622e+01 1.112500000000000000e+01 7.479999999999999716e+01 4.872911392405062969e+01 5.542499999999999716e+01 1.200000000000000000e+01 5.266666666666666607e+00 1.618536079895343205e+00 4.000000000000000000e+01
4.662390840518354196e+01 3.473953464439372585e+00 1.471253954597446345e+00 3.512707486593448447e+00 1.086080586080586219e+00 1.300000000000000000e+01 8.113924050632912000e+00 9.000000000000000000e+00 6.479999999999999716e+01 3.796962025316455680e+01 4.479999999999999716e+01 1.200000000000000000e+01 6.076923076923076650e+00 1.320564064100953061e+00 4.000000000000000000e+01
6.567429745884282966e+01 3.411189702003358359e+00 2.109336905165155152e+00 3.552095434586625355e+00 2.705882352941176627e+00 1.800000000000000000e+01 1.084810126582278400e+01 1.169999999999999929e+01 8.979999999999999716e+01 5.164050632911392569e+01 5.829999999999999716e+01 1.000000000000000000e+01 4.388888888888889284e+00 1.422841712957843896e+00 4.000000000000000000e+01
6.896822784826517250e+01 3.515112659837269060e+00 1.507837806186591134e+00 3.896684621917736013e+00 1.042857142857142927e+00 2.100000000000000000e+01 1.148101265822784889e+01 1.232499999999999929e+01 1.047999999999999972e+02 5.480506329113924124e+01 6.142499999999999716e+01 8.000000000000000000e+00 3.761904761904761862e+00 1.366497960505376863e+00 4.000000000000000000e+01
6.217729763681115429e+01 3.411189702003358359e+00 2.254225489368447466e+00 3.340802439536653790e+00 2.949159663865546399e+00 1.900000000000000000e+01 1.016455696202531733e+01 1.102500000000000036e+01 9.479999999999999716e+01 4.822278481012658347e+01 5.492499999999999716e+01 8.000000000000000000e+00 4.157894736842105310e+00 1.361677941907529554e+00 4.000000000000000000e+01
5.869659331871044827e+01 3.375437903527040984e+00 1.878360207088623168e+00 3.452086183864980118e+00 1.580729166666666519e+00 1.700000000000000000e+01 9.911392405063290667e+00 1.077500000000000036e+01 8.479999999999999716e+01 4.695696202531645724e+01 5.367499999999999716e+01 8.000000000000000000e+00 4.647058823529412130e+00 1.574739764012413445e+00 4.000000000000000000e+01
5.777414057870048936e+01 3.443857242552258668e+00 2.053983243642192313e+00 3.681464154687167145e+00 2.388888888888888840e+00 1.600000000000000000e+01 9.784810126582279111e+00 1.065000000000000036e+01 7.979999999999999716e+01 4.632405063291139413e+01 5.304999999999999716e+01 8.000000000000000000e+00 4.937500000000000000e+00 1.597556399006762273e+00 4.000000000000000000e+01
5.963766057225952011e+01 3.552343858581805236e+00 1.137802099012128032e+00 4.466581197212762255e+00 1.540740740740740744e+00 2.000000000000000000e+01 9.835443037974682667e+00 1.069999999999999929e+01 9.979999999999999716e+01 4.657721518987341369e+01 5.329999999999999716e+01 8.000000000000000000e+00 3.950000000000000178e+00 1.319333168196391348e+00 4.000000000000000000e+01
5.865547566810493407e+01 3.375437903527040984e+00 2.126565783894683648e+00 3.190037188739202723e+00 2.537500000000000089e+00 2.000000000000000000e+01 9.860759493670885334e+00 1.072499999999999964e+01 9.979999999999999716e+01 4.670379746835443058e+01 5.342499999999999716e+01 8.000000000000000000e+00 3.950000000000000178e+00 1.287051595016238892e+00 4.000000000000000000e+01
6.946676829446037971e+01 3.617704769439423984e+00 2.128544141513449617e+00 3.969946355223314960e+00 2.000000000000000000e+00 2.000000000000000000e+01 1.148101265822784889e+01 1.232499999999999929e+01 9.979999999999999716e+01 5.480506329113924124e+01 6.142499999999999716e+01 8.000000000000000000e+00 3.950000000000000178e+00 1.400737455801557063e+00 4.000000000000000000e+01
4.797140781599684800e+01 3.314454017339988567e+00 1.671709685580632376e+00 3.470763768045035835e+00 1.343421052631579071e+00 1.500000000000000000e+01 8.139240506329114666e+00 9.025000000000000355e+00 7.479999999999999716e+01 3.809620253164556658e+01 4.492499999999999716e+01 1.200000000000000000e+01 5.266666666666666607e+00 1.577447380162094737e+00 4.000000000000000000e+01
9.021184957989686382e+01 6.324555320336762598e+00 4.582575694955831835e+00 6.295464439089481168e+00 8.250000000000000000e+00 2.500000000000000000e+01 1.472151898734177244e+01 1.552500000000000036e+01 1.247999999999999972e+02 7.100759493670885547e+01 7.742499999999999716e+01 6.000000000000000000e+00 3.160000000000000142e+00 1.294670835641190898e+00 4.000000000000000000e+01
4.639908258740212688e+01 3.501871511350208799e+00 1.832765819782710581e+00 3.723990605653132224e+00 1.694285714285714395e+00 1.400000000000000000e+01 7.962025316455696000e+00 8.849999999999999645e+00 6.979999999999999716e+01 3.721012658227848391e+01 4.404999999999999716e+01 1.200000000000000000e+01 5.642857142857143238e+00 1.463094583747223121e+00 4.000000000000000000e+01
4.819251600711930195e+01 3.527919570223205792e+00 1.824321949414648980e+00 3.791090819867693806e+00 2.070381998953427338e+00 1.300000000000000000e+01 8.265822784810126223e+00 9.150000000000000355e+00 6.479999999999999716e+01 3.872911392405062969e+01 4.554999999999999716e+01 1.000000000000000000e+01 6.076923076923076650e+00 1.531583156383754751e+00 4.000000000000000000e+01
5.697438590004046688e+01 3.646778057984196852e+00 1.951789179133315288e+00 3.778337475666080358e+00 2.365079365079365559e+00 1.700000000000000000e+01 9.658227848101265778e+00 1.052500000000000036e+01 8.479999999999999716e+01 4.569113924050633102e+01 5.242499999999999716e+01 1.000000000000000000e+01 4.647058823529412130e+00 1.512222361257919534e+00 4.000000000000000000e+01
5.543413557825250848e+01 3.473953464439372585e+00 1.262476915182283888e+00 4.405935693906798178e+00 6.131549609810480472e-01 1.900000000000000000e+01 9.303797468354430222e+00 1.017500000000000071e+01 9.479999999999999716e+01 4.391898734177215147e+01 5.067499999999999716e+01 8.000000000000000000e+00 4.157894736842105310e+00 1.364274827765024956e+00 4.000000000000000000e+01
6.262431710560209552e+01 3.501871511350208799e+00 2.060391481578068174e+00 3.651902310503851279e+00 2.326190476190475920e+00 1.700000000000000000e+01 1.059493670886075911e+01 1.144999999999999929e+01 8.479999999999999716e+01 5.037468354430379947e+01 5.704999999999999716e+01 8.000000000000000000e+00 4.647058823529412130e+00 1.534202701189273155e+00 4.000000000000000000e+01
6.505612499537910765e+01 3.314454017339988567e+00 1.985551107213511246e+00 3.825671258465148217e+00 2.605263157894736725e+00 2.000000000000000000e+01 1.079746835443038044e+01 1.165000000000000036e+01 9.979999999999999716e+01 5.138734177215189902e+01 5.804999999999999716e+01 1.000000000000000000e+01 3.950000000000000178e+00 1.377342664671637795e+00 4.000000000000000000e+01
7.227106125321213881e+01 3.375437903527040984e+00 2.150727350181475650e+00 3.644852702013734458e+00 2.647727272727272929e+00 2.200000000000000000e+01 1.193670886075949333e+01 1.277500000000000036e+01 1.097999999999999972e+02 5.708354430379746702e+01 6.367499999999999716e+01 8.000000000000000000e+00 3.590909090909090828e+00 1.330337036885363089e+00 4.000000000000000000e+01
5.757468266053625428e+01 3.375437903527040984e+00 1.853083307892006815e+00 3.667339766343674423e+00 1.790842490842490697e+00 1.900000000000000000e+01 9.784810126582279111e+00 1.065000000000000036e+01 9.479999999999999716e+01 4.632405063291139413e+01 5.304999999999999716e+01 1.200000000000000000e+01 4.157894736842105310e+00 1.401534572603303941e+00 4.000000000000000000e+01
5.697307608532669576e+01 3.375437903527040984e+00 1.876028259098332596e+00 3.711312053347477047e+00 3.034527972027972087e+00 1.600000000000000000e+01 9.531645569620252445e+00 1.040000000000000036e+01 7.979999999999999716e+01 4.505822784810126791e+01 5.179999999999999716e+01 8.000000000000000000e+00 4.937500000000000000e+00 1.400893281314259387e+00 4.000000000000000000e+01
5.213105226859843810e+01 3.346195160597230434e+00 1.971982379378246497e+00 3.342849723292423469e+00 2.380303030303030365e+00 1.700000000000000000e+01 8.721518987341772444e+00 9.599999999999999645e+00 8.479999999999999716e+01 4.100759493670886258e+01 4.779999999999999716e+01 8.000000000000000000e+00 4.647058823529412130e+00 1.394000640566627869e+00 4.000000000000000000e+01
7.969249866845093777e+01 6.324555320336764375e+00 4.690415759823420849e+00 5.703062921467464186e+00 7.200000000000000178e+00 2.500000000000000000e+01 1.305063291139240533e+01 1.387500000000000000e+01 1.247999999999999972e+02 6.265316455696202524e+01 6.917499999999999716e+01 6.000000000000000000e+00 3.160000000000000142e+00 1.281504477718000246e+00 4.000000000000000000e+01
4.258229418423881185e+01 3.443857242552258668e+00 1.548362049429881315e+00 3.691546875558441521e+00 1.666666666666666741e+00 1.200000000000000000e+01 7.379746835443038222e+00 8.275000000000000355e+00 5.979999999999999716e+01 3.429873417721519502e+01 4.117499999999999716e+01 1.200000000000000000e+01 6.583333333333333037e+00 1.385539795394992391e+00 4.000000000000000000e+01
6.787519811757763932e+01 3.443857242552258668e+00 2.072878656296690103e+00 3.402905225576315917e+00 2.347222222222222321e+00 1.900000000000000000e+01 1.127848101265822756e+01 1.212500000000000000e+01 9.479999999999999716e+01 5.379240506329114169e+01 6.042499999999999716e+01 8.000000000000000000e+00 4.157894736842105310e+00 1.420267900360980384e+00 4.000000000000000000e+01
3.869571858571516287e+01 3.402564240911784665e+00 1.836408166669909026e+00 3.245601593460992085e+00 1.381601731601731720e+00 1.200000000000000000e+01 6.746835443037975111e+00 7.650000000000000355e+00 5.979999999999999716e+01 3.113417721518987236e+01 3.804999999999999716e+01 1.400000000000000000e+01 6.583333333333333037e+00 1.722460975596784127e+00 4.000000000000000000e+01
5.844025521356869746e+01 3.473953464439372585e+00 1.671917604155871429e+00 4.300036789931464654e+00 1.586915535444947123e+00 1.700000000000000000e+01 1.006329113924050667e+01 1.092500000000000071e+01 8.479999999999999716e+01 4.771645569620253013e+01 5.442499999999999716e+01 1.000000000000000000e+01 4.647058823529412130e+00 1.595063832293488915e+00 4.000000000000000000e+01
8.036406217322095813e+01 6.324555320336762598e+00 4.690415759823423514e+00 5.861550243834564355e+00 9.333333333333333925e+00 2.400000000000000000e+01 1.332911392405063289e+01 1.415000000000000036e+01 1.197999999999999972e+02 6.404556962025316125e+01 7.054999999999999716e+01 1.000000000000000000e+01 3.291666666666666519e+00 1.311665473859041864e+00 4.000000000000000000e+01
4.586342456496529962e+01 3.443857242552258668e+00 1.666281583866927152e+00 3.656965423531569392e+00 1.200980392156862697e+00 1.400000000000000000e+01 7.784810126582278222e+00 8.675000000000000711e+00 6.979999999999999716e+01 3.632405063291139413e+01 4.317499999999999716e+01 8.000000000000000000e+00 5.642857142857143238e+00 1.729949302716611959e+00 4.000000000000000000e+01
7.272589736623453405e+01 3.515112659837269060e+00 2.068182158494859646e+00 4.017124064601635958e+00 1.900000000000000133e+00 2.100000000000000000e+01 1.206329113924050667e+01 1.290000000000000036e+01 1.047999999999999972e+02 5.771645569620253013e+01 6.429999999999999716e+01 8.000000000000000000e+00 3.761904761904761862e+00 1.420282133089419085e+00 4.000000000000000000e+01
6.808753632205350925e+01 3.375437903527040984e+00 1.878360207088623168e+00 3.818992420899138374e+00 1.823529411764705843e+00 2.000000000000000000e+01 1.137974683544303822e+01 1.222499999999999964e+01 9.979999999999999716e+01 5.429873417721519502e+01 6.092499999999999716e+01 1.000000000000000000e+01 3.950000000000000178e+00 1.407630311926129085e+00 4.000000000000000000e+01
6.586605164081603903e+01 3.411189702003358359e+00 2.074882723738735280e+00 3.546184072248347974e+00 2.411764705882352811e+00 1.700000000000000000e+01 1.135443037974683556e+01 1.219999999999999929e+01 8.479999999999999716e+01 5.417215189873417813e+01 6.079999999999999716e+01 1.000000000000000000e+01 4.647058823529412130e+00 1.547468558992339815e+00 4.000000000000000000e+01
6.225683836605072230e+01 3.443857242552258668e+00 2.097724229134710239e+00 3.499194216219612574e+00 2.336309523809523725e+00 1.800000000000000000e+01 1.049367088607595022e+01 1.134999999999999964e+01 8.979999999999999716e+01 4.986835443037974613e+01 5.654999999999999716e+01 6.000000000000000000e+00 4.388888888888889284e+00 1.454936805561623192e+00 4.000000000000000000e+01
5.356111685791629640e+01 3.646778057984196852e+00 1.621119047166494243e+00 4.248042418044321700e+00 1.750000000000000000e+00 1.700000000000000000e+01 9.126582278481013333e+00 1.000000000000000000e+01 8.479999999999999716e+01 4.303291139240506169e+01 4.979999999999999716e+01 1.000000000000000000e+01 4.647058823529412130e+00 1.390204073316695155e+00 4.000000000000000000e+01
6.686976093831165713e+01 3.443857242552258668e+00 2.162913548414166165e+00 3.436591020563220411e+00 3.118827160493827133e+00 2.200000000000000000e+01 1.092405063291139200e+01 1.177500000000000036e+01 1.097999999999999972e+02 5.202025316455696213e+01 5.867499999999999716e+01 8.000000000000000000e+00 3.590909090909090828e+00 1.309720557860192702e+00 4.000000000000000000e+01
5.010431069058378029e+01 3.427873620019257661e+00 1.669286680810463608e+00 3.507945306597211488e+00 1.089285714285714191e+00 1.500000000000000000e+01 8.620253164556961778e+00 9.500000000000000000e+00 7.479999999999999716e+01 4.050126582278480925e+01 4.729999999999999716e+01 1.000000000000000000e+01 5.266666666666666607e+00 1.805027749803141957e+00 4.000000000000000000e+01
4.720640751432835458e+01 3.327479068260029038e+00 1.960952597034891332e+00 3.494802849631583275e+00 2.274999999999999911e+00 1.200000000000000000e+01 8.240506329113923556e+00 9.125000000000000000e+00 5.979999999999999716e+01 3.860253164556961991e+01 4.542499999999999716e+01 1.400000000000000000e+01 6.583333333333333037e+00 1.767592152713012732e+00 4.000000000000000000e+01
4.333509893437936711e+01 3.427873620019256773e+00 1.992370347452863344e+00 3.045767756213621613e+00 2.797294685990338703e+00 1.300000000000000000e+01 7.455696202531645334e+00 8.349999999999999645e+00 6.479999999999999716e+01 3.467848101265823146e+01 4.154999999999999716e+01 1.200000000000000000e+01 6.076923076923076650e+00 1.479259395994848569e+00 4.000000000000000000e+01
6.776429515922701796e+01 3.335914189305272171e+00 1.998407000818835710e+00 3.626961236792072274e+00 2.014285714285714235e+00 1.900000000000000000e+01 1.155696202531645511e+01 1.240000000000000036e+01 9.479999999999999716e+01 5.518481012658227769e+01 6.179999999999999716e+01 8.000000000000000000e+00 4.157894736842105310e+00 1.496209838279187299e+00 4.000000000000000000e+01
4.603848106896046488e+01 3.411189702003358359e+00 1.601958322122418288e+00 3.624721062244400827e+00 1.236529906080079177e+00 1.200000000000000000e+01 7.962025316455696000e+00 8.849999999999999645e+00 5.979999999999999716e+01 3.721012658227848391e+01 4.404999999999999716e+01 1.400000000000000000e+01 6.583333333333333037e+00 1.725827113130111945e+00 4.000000000000000000e+01
6.850091903066875432e+01 3.443857242552258668e+00 2.084116781424314890e+00 4.061677752392971463e+00 2.676767676767676907e+00 2.000000000000000000e+01 1.153164556962025245e+01 1.237500000000000000e+01 9.979999999999999716e+01 5.505822784810126791e+01 6.167499999999999716e+01 8.000000000000000000e+00 3.950000000000000178e+00 1.393694410158834662e+00 4.000000000000000000e+01
5.671673246248779776e+01 3.473953464439372585e+00 1.437384989565377413e+00 4.073478246096003730e+00 3.086925894618202548e+00 1.800000000000000000e+01 9.582278481012657778e+00 1.044999999999999929e+01 8.979999999999999716e+01 4.531139240506329458e+01 5.204999999999999716e+01 8.000000000000000000e+00 4.388888888888889284e+00 1.303826131143403844e+00 4.000000000000000000e+01
6.638398297628025091e+01 3.411189702003358359e+00 2.074882723738735280e+00 3.719049452180378079e+00 2.176470588235293935e+00 1.700000000000000000e+01 1.135443037974683556e+01 1.219999999999999929e+01 8.479999999999999716e+01 5.417215189873417813e+01 6.079999999999999716e+01 1.000000000000000000e+01 4.647058823529412130e+00 1.547467945618473451e+00 4.000000000000000000e+01
5.018223055754081230e+01 3.411189702003358359e+00 1.550935664811451620e+00 3.711440150657534964e+00 2.005882352941176450e+00 1.500000000000000000e+01 8.493670886075950222e+00 9.375000000000000000e+00 7.479999999999999716e+01 3.986835443037974613e+01 4.667499999999999716e+01 1.000000000000000000e+01 5.266666666666666607e+00 1.439871338995286854e+00 4.000000000000000000e+01
6.183154584109386320e+01 3.473953464439372585e+00 2.071078983492022019e+00 3.426825951268086534e+00 2.056680161943320151e+00 1.600000000000000000e+01 1.044303797468354489e+01 1.130000000000000071e+01 7.979999999999999716e+01 4.961518987341771947e+01 5.629999999999999716e+01 8.000000000000000000e+00 4.937500000000000000e+00 1.523572499572125150e+00 4.000000000000000000e+01
6.818172515042986959e+01 3.515112659837269060e+00 1.438726886549914763e+00 3.940615470647135687e+00 2.747448979591836871e+00 2.100000000000000000e+01 1.117721518987341689e+01 1.202500000000000036e+01 1.047999999999999972e+02 5.328607594936709546e+01 5.992499999999999716e+01 8.000000000000000000e+00 3.761904761904761862e+00 1.325731922376800931e+00 4.000000000000000000e+01
6.287117472867514323e+01 3.515112659837269060e+00 1.771828190274157055e+00 3.942409929723390327e+00 2.834665334665334768e+00 1.800000000000000000e+01 1.064556962025316444e+01 1.150000000000000000e+01 8.979999999999999716e+01 5.062784810126582613e+01 5.729999999999999716e+01 8.000000000000000000e+00 4.388888888888889284e+00 1.301407064781600509e+00 4.000000000000000000e+01
6.101528139235042403e+01 3.335914189305272171e+00 1.725034076252577542e+00 3.782388742960721029e+00 1.675555555555555465e+00 1.800000000000000000e+01 1.031645569620253156e+01 1.117500000000000071e+01 8.979999999999999716e+01 4.898227848101266346e+01 5.567499999999999716e+01 8.000000000000000000e+00 4.388888888888889284e+00 1.536911283612682366e+00 4.000000000000000000e+01
6.461018145809286750e+01 3.552343858581805236e+00 1.925899902654521822e+00 3.939836011116092163e+00 1.960634920634920952e+00 1.900000000000000000e+01 1.094936708860759467e+01 1.180000000000000071e+01 9.479999999999999716e+01 5.214683544303797902e+01 5.879999999999999716e+01 8.000000000000000000e+00 4.157894736842105310e+00 1.415519925291019554e+00 4.000000000000000000e+01
5.525147660825192730e+01 3.552343858581805236e+00 1.744081910194021701e+00 4.144850059452029001e+00 1.355555555555555403e+00 1.500000000000000000e+01 9.354430379746835555e+00 1.022499999999999964e+01 7.479999999999999716e+01 4.417215189873417813e+01 5.092499999999999716e+01 1.200000000000000000e+01 5.266666666666666607e+00 1.717699651788108017e+00 4.000000000000000000e+01
5.411070718957438430e+01 3.443857242552258668e+00 1.886749688517131762e+00 3.740017529095161386e+00 1.888888888888888840e+00 1.600000000000000000e+01 9.253164556962024889e+00 1.012500000000000000e+01 7.979999999999999716e+01 4.366582278481012480e+01 5.042499999999999716e+01 1.000000000000000000e+01 4.937500000000000000e+00 1.612741376608781030e+00 4.000000000000000000e+01
6.123513777530771307e+01 3.552343858581805236e+00 1.579139777542460266e+00 4.255273736984655386e+00 1.598879551820728384e+00 1.900000000000000000e+01 1.031645569620253156e+01 1.117500000000000071e+01 9.479999999999999716e+01 4.898227848101266346e+01 5.567499999999999716e+01 8.000000000000000000e+00 4.157894736842105310e+00 1.408684193943597229e+00 4.000000000000000000e+01
4.827111021978476657e+01 3.411189702003358359e+00 1.625228565246422896e+00 3.661389739008420907e+00 1.196078431372548989e+00 1.400000000000000000e+01 8.215189873417720889e+00 9.099999999999999645e+00 6.979999999999999716e+01 3.847594936708861013e+01 4.529999999999999716e+01 1.000000000000000000e+01 5.642857142857143238e+00 1.785991762334649291e+00 4.000000000000000000e+01
5.304406886130781373e+01 3.375437903527040984e+00 1.782602457966000697e+00 3.725164216088591829e+00 1.516911764705882293e+00 1.600000000000000000e+01 9.050632911392405333e+00 9.925000000000000711e+00 7.979999999999999716e+01 4.265316455696202524e+01 4.942499999999999716e+01 1.000000000000000000e+01 4.937500000000000000e+00 1.418634013758698798e+00 4.000000000000000000e+01
7.294355133962031346e+01 3.375437903527040984e+00 1.787672150697831253e+00 3.638598784613373383e+00 2.174999999999999822e+00 2.200000000000000000e+01 1.196202531645569600e+01 1.280000000000000071e+01 1.097999999999999972e+02 5.721012658227848391e+01 6.379999999999999716e+01 6.000000000000000000e+00 3.590909090909090828e+00 1.339581774170376161e+00 4.000000000000000000e+01
5.446988336501114958e+01 3.427873620019257661e+00 1.133461581670696106e+00 4.155014178818804638e+00 2.333333333333333481e+00 1.500000000000000000e+01 9.278481012658227556e+00 1.015000000000000036e+01 7.479999999999999716e+01 4.379240506329114169e+01 5.054999999999999716e+01 1.000000000000000000e+01 5.266666666666666607e+00 1.369592302088707747e+00 4.000000000000000000e+01
6.407829925919320146e+01 3.586363173595479736e+00 1.956374281169265927e+00 4.050083952536226661e+00 2.162847222222222143e+00 1.800000000000000000e+01 1.067088607594936711e+01 1.152500000000000036e+01 8.979999999999999716e+01 5.075443037974683591e+01 5.742499999999999716e+01 8.000000000000000000e+00 4.388888888888889284e+00 1.473704893370699986e+00 4.000000000000000000e+01
4.309008714158361641e+01 3.411189702003358359e+00 1.351409420529088523e+00 3.915137097660404741e+00 1.505514705882353033e+00 1.300000000000000000e+01 7.430379746835442667e+00 8.324999999999999289e+00 6.479999999999999716e+01 3.455189873417721458e+01 4.142499999999999716e+01 1.200000000000000000e+01 6.076923076923076650e+00 1.404110395611212425e+00 4.000000000000000000e+01
7.831897077924976713e+01 3.552343858581805236e+00 1.998524523066347092e+00 4.095538890800689558e+00 3.931818181818182101e+00 2.300000000000000000e+01 1.262025316455696178e+01 1.344999999999999929e+01 1.147999999999999972e+02 6.050126582278480925e+01 6.704999999999999716e+01 6.000000000000000000e+00 3.434782608695652328e+00 1.318486079647507969e+00 4.000000000000000000e+01
5.377605482866511011e+01 3.346195160597230434e+00 1.742632706866091175e+00 3.566145973738103603e+00 1.250000000000000000e+00 1.800000000000000000e+01 9.025316455696202667e+00 9.900000000000000355e+00 8.979999999999999716e+01 4.252658227848101546e+01 4.929999999999999716e+01 1.000000000000000000e+01 4.388888888888889284e+00 1.405302668610712180e+00 4.000000000000000000e+01
6.162207864669144186e+01 3.646778057984196852e+00 2.242017019371452147e+00 3.173328541018207716e+00 4.222222222222222321e+00 1.900000000000000000e+01 1.006329113924050667e+01 1.092500000000000071e+01 9.479999999999999716e+01 4.771645569620253013e+01 5.442499999999999716e+01 6.000000000000000000e+00 4.157894736842105310e+00 1.383775536376722570e+00 4.000000000000000000e+01
6.976239558187216971e+01 3.586363173595479736e+00 1.893994199013366631e+00 4.301905054030558340e+00 1.703125000000000000e+00 2.000000000000000000e+01 1.158227848101265778e+01 1.242500000000000071e+01 9.979999999999999716e+01 5.531139240506329458e+01 6.192499999999999716e+01 8.000000000000000000e+00 3.950000000000000178e+00 1.401712320985474269e+00 4.000000000000000000e+01
5.047781088864533672e+01 3.346195160597230434e+00 1.958966075559324116e+00 3.569313688773041005e+00 2.370454545454545592e+00 1.600000000000000000e+01 8.620253164556961778e+00 9.500000000000000000e+00 7.979999999999999716e+01 4.050126582278480925e+01 4.729999999999999716e+01 1.000000000000000000e+01 4.937500000000000000e+00 1.389429213858536016e+00 4.000000000000000000e+01
1.040709027875319634e+02 6.324555320336760822e+00 5.099019513592780051e+00 6.167231101077232047e+00 1.554545454545454497e+01 3.100000000000000000e+01 1.667088607594936533e+01 1.744999999999999929e+01 1.548000000000000114e+02 8.075443037974683591e+01 8.704999999999999716e+01 4.000000000000000000e+00 2.548387096774193505e+00 1.173417673460196653e+00 4.000000000000000000e+01
6.067378007457430300e+01 3.552343858581805236e+00 1.376087402537695015e+00 3.777880148204517230e+00 1.540740740740740744e+00 2.000000000000000000e+01 9.936708860759493334e+00 1.080000000000000071e+01 9.979999999999999716e+01 4.708354430379746702e+01 5.379999999999999716e+01 8.000000000000000000e+00 3.950000000000000178e+00 1.342991847959525309e+00 4.000000000000000000e+01
6.103183049083422418e+01 3.473953464439372585e+00 1.651870752178935531e+00 4.267216289570527010e+00 1.393569393569393355e+00 1.800000000000000000e+01 1.039240506329113956e+01 1.125000000000000000e+01 8.979999999999999716e+01 4.936202531645569991e+01 5.604999999999999716e+01 8.000000000000000000e+00 4.388888888888889284e+00 1.443167268988997831e+00 4.000000000000000000e+01
4.962101772193579308e+01 3.314454017339988567e+00 1.815854910462561644e+00 3.514869662886698887e+00 1.868421052631578982e+00 1.500000000000000000e+01 8.544303797468353778e+00 9.425000000000000711e+00 7.479999999999999716e+01 4.012151898734177280e+01 4.692499999999999716e+01 8.000000000000000000e+00 5.266666666666666607e+00 1.676427236063973147e+00 4.000000000000000000e+01
5.861342879477926004e+01 3.473953464439372585e+00 1.544292534568361575e+00 3.801335917527045360e+00 1.324561403508772051e+00 1.900000000000000000e+01 9.734177215189873777e+00 1.059999999999999964e+01 9.479999999999999716e+01 4.607088607594936747e+01 5.279999999999999716e+01 1.000000000000000000e+01 4.157894736842105310e+00 1.369110591418067902e+00 4.000000000000000000e+01
5.403103298510799846e+01 3.346195160597230434e+00 1.888175022589802410e+00 3.517357850818880749e+00 1.789423076923077005e+00 1.600000000000000000e+01 9.025316455696202667e+00 9.900000000000000355e+00 7.979999999999999716e+01 4.252658227848101546e+01 4.929999999999999716e+01 1.000000000000000000e+01 4.937500000000000000e+00 1.529329408533399492e+00 4.000000000000000000e+01
7.175244744431701349e+01 6.324555320336762598e+00 4.472135954999570728e+00 5.731914052886470934e+00 6.882352941176470118e+00 2.200000000000000000e+01 1.173417721518987378e+01 1.257499999999999929e+01 1.097999999999999972e+02 5.607088607594936747e+01 6.267499999999999716e+01 6.000000000000000000e+00 3.590909090909090828e+00 1.338977512254481805e+00 4.000000000000000000e+01
8.249956143649167473e+01 3.443857242552258668e+00 2.348115377162789841e+00 3.459157046851437212e+00 3.694940476190476275e+00 2.300000000000000000e+01 1.373417721518987378e+01 1.455000000000000071e+01 1.147999999999999972e+02 6.607088607594937457e+01 7.254999999999999716e+01 8.000000000000000000e+00 3.434782608695652328e+00 1.348391182160473933e+00 4.000000000000000000e+01
6.969148575364212661e+01 3.443857242552258668e+00 1.985137725510235374e+00 3.972937307884004454e+00 3.272222222222222143e+00 2.100000000000000000e+01 1.155696202531645511e+01 1.240000000000000036e+01 1.047999999999999972e+02 5.518481012658227769e+01 6.179999999999999716e+01 8.000000000000000000e+00 3.761904761904761862e+00 1.362225002417415842e+00 4.000000000000000000e+01
7.391290444822848826e+01 3.552343858581805236e+00 2.180522776167066912e+00 3.839414264535775168e+00 3.451515151515151647e+00 2.200000000000000000e+01 1.224050632911392356e+01 1.307499999999999929e+01 1.097999999999999972e+02 5.860253164556961991e+01 6.517499999999999716e+01 8.000000000000000000e+00 3.590909090909090828e+00 1.348696848062687748e+00 4.000000000000000000e+01
5.200027473106492693e+01 3.375437903527040984e+00 1.680233393190092350e+00 3.765056618789239806e+00 1.289390756302521091e+00 1.500000000000000000e+01 8.949367088607594667e+00 9.824999999999999289e+00 7.479999999999999716e+01 4.214683544303797902e+01 4.892499999999999716e+01 1.000000000000000000e+01 5.266666666666666607e+00 1.689026085520828557e+00 4.000000000000000000e+01
5.815307258763579057e+01 3.617704769439423984e+00 1.570988670621952465e+00 3.648780547763031290e+00 1.695501730103806448e+00 1.900000000000000000e+01 9.556962025316455112e+00 1.042500000000000071e+01 9.479999999999999716e+01 4.518481012658227769e+01 5.192499999999999716e+01 8.000000000000000000e+00 4.157894736842105310e+00 1.386499625741638209e+00 4.000000000000000000e+01
5.497301229498037145e+01 2.479980506953562092e+00 1.354859180646406536e+00 2.932260261891559860e+00 1.522023809523809668e+00 1.500000000000000000e+01 9.531645569620252445e+00 1.040000000000000036e+01 7.479999999999999716e+01 4.505822784810126791e+01 5.179999999999999716e+01 1.000000000000000000e+01 5.266666666666666607e+00 1.531310844846259567e+00 4.000000000000000000e+01
4.293403907654602136e+01 3.443857242552258668e+00 1.364351304710251123e+00 3.652266124131790193e+00 1.458333333333333259e+00 1.400000000000000000e+01 7.354430379746835555e+00 8.250000000000000000e+00 6.979999999999999716e+01 3.417215189873417813e+01 4.104999999999999716e+01 1.200000000000000000e+01 5.642857142857143238e+00 1.418590076554441248e+00 4.000000000000000000e+01
4.312182706324664849e+01 3.375437903527040984e+00 1.657227008669992507e+00 3.685233370186573598e+00 1.478306878306878236e+00 1.200000000000000000e+01 7.506329113924050667e+00 8.400000000000000355e+00 5.979999999999999716e+01 3.493164556962025102e+01 4.179999999999999716e+01 1.400000000000000000e+01 6.583333333333333037e+00 1.346558601500051910e+00 4.000000000000000000e+01
8.072809950078800512e+01 3.291665350506605581e+00 2.107114974891357573e+00 3.902410500298758134e+00 2.620879120879120894e+00 2.300000000000000000e+01 1.368354430379746844e+01 1.450000000000000000e+01 1.147999999999999972e+02 6.581772151898734080e+01 7.229999999999999716e+01 8.000000000000000000e+00 3.434782608695652328e+00 1.331622563890770605e+00 4.000000000000000000e+01
5.811380413189245076e+01 3.411189702003358359e+00 2.010285013939998144e+00 3.452257541601844615e+00 2.113445378151260545e+00 1.700000000000000000e+01 9.835443037974682667e+00 1.069999999999999929e+01 8.479999999999999716e+01 4.657721518987341369e+01 5.329999999999999716e+01 8.000000000000000000e+00 4.647058823529412130e+00 1.476219260578992110e+00 4.000000000000000000e+01
7.979143961593678114e+01 3.473953464439372585e+00 2.258693870913710988e+00 3.860683512693457775e+00 2.923076923076922906e+00 2.100000000000000000e+01 1.345569620253164622e+01 1.427500000000000036e+01 1.047999999999999972e+02 6.467848101265822436e+01 7.117499999999999716e+01 8.000000000000000000e+00 3.761904761904761862e+00 1.392513987076606119e+00 4.000000000000000000e+01
6.505413454247862148e+01 3.552343858581805236e+00 1.519728399028967614e+00 4.325256848021054701e+00 5.239999999999999325e+00 2.300000000000000000e+01 1.079746835443038044e+01 1.165000000000000036e+01 1.147999999999999972e+02 5.138734177215189902e+01 5.804999999999999716e+01 1.000000000000000000e+01 3.434782608695652328e+00 1.253955083089004496e+00 4.000000000000000000e+01
6.070477734714104656e+01 3.346195160597230434e+00 2.142021493988826020e+00 3.472700103301475050e+00 2.751428571428571335e+00 1.700000000000000000e+01 1.024050632911392356e+01 1.109999999999999964e+01 8.479999999999999716e+01 4.860253164556961991e+01 5.529999999999999716e+01 1.000000000000000000e+01 4.647058823529412130e+00 1.478852718915917297e+00 4.000000000000000000e+01
7.892955064495474460e+01 3.473953464439372585e+00 2.071078983492022019e+00 3.555809704971832019e+00 2.089743589743589425e+00 2.300000000000000000e+01 1.287341772151898667e+01 1.369999999999999929e+01 1.147999999999999972e+02 6.176708860759493547e+01 6.829999999999999716e+01 6.000000000000000000e+00 3.434782608695652328e+00 1.331385225104839032e+00 4.000000000000000000e+01
5.285206964111276307e+01 3.411189702003358359e+00 2.010285013939998144e+00 3.482952090789423139e+00 2.425653594771242094e+00 1.700000000000000000e+01 8.949367088607594667e+00 9.824999999999999289e+00 8.479999999999999716e+01 4.214683544303797902e+01 4.892499999999999716e+01 1.200000000000000000e+01 4.647058823529412130e+00 1.325769113606434013e+00 4.000000000000000000e+01
5.995412854635468847e+01 3.427873620019257661e+00 1.372959402750267177e+00 4.312094314396961003e+00 1.937500000000000000e+00 1.600000000000000000e+01 1.021518987341772089e+01 1.107499999999999929e+01 7.979999999999999716e+01 4.847594936708861013e+01 5.517499999999999716e+01 1.200000000000000000e+01 4.937500000000000000e+00 1.350501506891325754e+00 4.000000000000000000e+01
4.097826943359000040e+01 3.473953464439372585e+00 1.376274510786035910e+00 3.887201544194681002e+00 1.381578947368421018e+00 1.200000000000000000e+01 7.050632911392405333e+00 7.950000000000000178e+00 5.979999999999999716e+01 3.265316455696202524e+01 3.954999999999999716e+01 1.000000000000000000e+01 6.583333333333333037e+00 1.333016109110853886e+00 4.000000000000000000e+01
5.417649511825179331e+01 3.375437903527040984e+00 1.821767729641204925e+00 3.487182327706591423e+00 1.516911764705882293e+00 1.600000000000000000e+01 9.101265822784810666e+00 9.974999999999999645e+00 7.979999999999999716e+01 4.290632911392405191e+01 4.967499999999999716e+01 1.200000000000000000e+01 4.937500000000000000e+00 1.612060848714210071e+00 4.000000000000000000e+01
7.254640405693049843e+01 3.552343858581805236e+00 2.086277501987571448e+00 4.067912912605641473e+00 2.666666666666666519e+00 2.100000000000000000e+01 1.211392405063291200e+01 1.294999999999999929e+01 1.047999999999999972e+02 5.796962025316455680e+01 6.454999999999999716e+01 8.000000000000000000e+00 3.761904761904761862e+00 1.374016655285458244e+00 4.000000000000000000e+01
7.474825811586948987e+01 3.473953464439372585e+00 1.597137752747575856e+00 3.723887167417609056e+00 2.532967032967033294e+00 2.400000000000000000e+01 1.216455696202531733e+01 1.300000000000000000e+01 1.197999999999999972e+02 5.822278481012658347e+01 6.479999999999999716e+01 8.000000000000000000e+00 3.291666666666666519e+00 1.279925172520890664e+00 4.000000000000000000e+01
6.327179969189304387e+01 3.443857242552258668e+00 2.133295158459121321e+00 3.501923446917437843e+00 2.347222222222222321e+00 1.600000000000000000e+01 1.064556962025316444e+01 1.150000000000000000e+01 7.979999999999999716e+01 5.062784810126582613e+01 5.729999999999999716e+01 1.200000000000000000e+01 4.937500000000000000e+00 1.502593280823874000e+00 4.000000000000000000e+01
7.244540095942993219e+01 3.427873620019257661e+00 2.020117193704572767e+00 3.858348330010923366e+00 2.456293706293706247e+00 2.000000000000000000e+01 1.221518987341772089e+01 1.305000000000000071e+01 9.979999999999999716e+01 5.847594936708861013e+01 6.504999999999999716e+01 8.000000000000000000e+00 3.950000000000000178e+00 1.436537223313973488e+00 4.000000000000000000e+01
5.593115198339074112e+01 3.473953464439372585e+00 1.971586212208532141e+00 3.326159482313439053e+00 1.774436090225563589e+00 1.500000000000000000e+01 9.556962025316455112e+00 1.042500000000000071e+01 7.479999999999999716e+01 4.518481012658227769e+01 5.192499999999999716e+01 1.000000000000000000e+01 5.266666666666666607e+00 1.565833124328929404e+00 4.000000000000000000e+01
6.377677314402766484e+01 3.552343858581805236e+00 1.876028259098331707e+00 3.860486669184373554e+00 2.213333333333333375e+00 2.000000000000000000e+01 1.064556962025316444e+01 1.150000000000000000e+01 9.979999999999999716e+01 5.062784810126582613e+01 5.729999999999999716e+01 1.000000000000000000e+01 3.950000000000000178e+00 1.381906629423715005e+00 4.000000000000000000e+01
6.229013405963494421e+01 3.473953464439372585e+00 1.858463856794971614e+00 3.590748916639852073e+00 1.586915535444947123e+00 2.100000000000000000e+01 1.044303797468354489e+01 1.130000000000000071e+01 1.047999999999999972e+02 4.961518987341771947e+01 5.629999999999999716e+01 8.000000000000000000e+00 3.761904761904761862e+00 1.357197830124555527e+00 4.000000000000000000e+01
7.086343569254086106e+01 3.473953464439372585e+00 1.841566543288604807e+00 4.161069999973635802e+00 1.459176788124156410e+00 2.100000000000000000e+01 1.201265822784810133e+01 1.284999999999999964e+01 1.047999999999999972e+02 5.746329113924051057e+01 6.404999999999999716e+01 1.000000000000000000e+01 3.761904761904761862e+00 1.385730611820763958e+00 4.000000000000000000e+01
7.163157302498549939e+01 3.335914189305272171e+00 2.135440269514599976e+00 3.729104924576433167e+00 2.502380952380952372e+00 1.900000000000000000e+01 1.193670886075949333e+01 1.277500000000000036e+01 9.479999999999999716e+01 5.708354430379746702e+01 6.367499999999999716e+01 1.000000000000000000e+01 4.157894736842105310e+00 1.444647891255014915e+00 4.000000000000000000e+01
7.423877061293109136e+01 6.324555320336762598e+00 4.358898943540670423e+00 5.905164497449287175e+00 6.111111111111110716e+00 2.100000000000000000e+01 1.213924050632911467e+01 1.297499999999999964e+01 1.047999999999999972e+02 5.809620253164556658e+01 6.467499999999999716e+01 8.000000000000000000e+00 3.761904761904761862e+00 1.363335641399333609e+00 4.000000000000000000e+01
6.049623788834452398e+01 3.375437903527040984e+00 1.875680556607218108e+00 3.790185280910704613e+00 1.900297619047619069e+00 1.900000000000000000e+01 1.018987341772151822e+01 1.105000000000000071e+01 9.479999999999999716e+01 4.834936708860759325e+01 5.504999999999999716e+01 8.000000000000000000e+00 4.157894736842105310e+00 1.419612266192289862e+00 4.000000000000000000e+01
7.670455423310116316e+01 3.375437903527040984e+00 2.298704430593273784e+00 3.553465674345570591e+00 3.291666666666666519e+00 2.200000000000000000e+01 1.269620253164556978e+01 1.352500000000000036e+01 1.097999999999999972e+02 6.088101265822784569e+01 6.742499999999999716e+01 6.000000000000000000e+00 3.590909090909090828e+00 1.344089290907880985e+00 4.000000000000000000e+01
4.422661328320717899e+01 3.375437903527040984e+00 1.244184388666386809e+00 3.604918910845714475e+00 4.431818181818182323e-01 1.700000000000000000e+01 7.658227848101265778e+00 8.550000000000000711e+00 8.479999999999999716e+01 3.569113924050633102e+01 4.254999999999999716e+01 1.200000000000000000e+01 4.647058823529412130e+00 1.243330586880202038e+00 4.000000000000000000e+01
4.197297054367041369e+01 3.552343858581805236e+00 1.059695761554617421e+00 4.043100104262587813e+00 2.888888888888888062e-01 1.500000000000000000e+01 7.253164556962024889e+00 8.150000000000000355e+00 7.479999999999999716e+01 3.366582278481012480e+01 4.054999999999999716e+01 1.200000000000000000e+01 5.266666666666666607e+00 1.371772855004017799e+00 4.000000000000000000e+01
7.801937123967324794e+01 6.324555320336762598e+00 4.358898943540668647e+00 6.144690034468330175e+00 5.777777777777777679e+00 2.300000000000000000e+01 1.279746835443038044e+01 1.362500000000000000e+01 1.147999999999999972e+02 6.138734177215189902e+01 6.792499999999999716e+01 6.000000000000000000e+00 3.434782608695652328e+00 1.336362140808390775e+00 4.000000000000000000e+01
3.738413103847020125e+01 3.411189702003358359e+00 1.290390024296431903e+00 3.617974024809902378e+00 6.691176470588234837e-01 1.100000000000000000e+01 6.544303797468354666e+00 7.450000000000000178e+00 5.479999999999999716e+01 3.012151898734177280e+01 3.704999999999999716e+01 1.400000000000000000e+01 7.181818181818181657e+00 1.349196980214901309e+00 4.000000000000000000e+01
6.876048191054104564e+01 3.586363173595479736e+00 1.612432874642854230e+00 4.368004011592424796e+00 2.979166666666666519e+00 2.100000000000000000e+01 1.117721518987341689e+01 1.202500000000000036e+01 1.047999999999999972e+02 5.328607594936709546e+01 5.992499999999999716e+01 6.000000000000000000e+00 3.761904761904761862e+00 1.352646244543610710e+00 4.000000000000000000e+01
5.845724202900452582e+01 3.375437903527040984e+00 2.053136413658843029e+00 3.443921083114809711e+00 2.328756957328385724e+00 1.600000000000000000e+01 9.734177215189873777e+00 1.059999999999999964e+01 7.979999999999999716e+01 4.607088607594936747e+01 5.279999999999999716e+01 8.000000000000000000e+00 4.937500000000000000e+00 1.491797962022494151e+00 4.000000000000000000e+01
5.681553539391081387e+01 3.515112659837269060e+00 1.607478777437283401e+00 3.993411562209981724e+00 1.042857142857142927e+00 1.600000000000000000e+01 9.708860759493671111e+00 1.057499999999999929e+01 7.979999999999999716e+01 4.594430379746835058e+01 5.267499999999999716e+01 1.000000000000000000e+01 4.937500000000000000e+00 1.612045027766482841e+00 4.000000000000000000e+01
6.661784938598444228e+01 3.427873620019257661e+00 1.858418479156657366e+00 3.874475036607581302e+00 2.330357142857142794e+00 2.100000000000000000e+01 1.115189873417721600e+01 1.200000000000000000e+01 1.047999999999999972e+02 5.315949367088607858e+01 5.979999999999999716e+01 8.000000000000000000e+00 3.761904761904761862e+00 1.387712676962579161e+00 4.000000000000000000e+01
4.422369005201844061e+01 2.540515226981210795e+00 1.068758431498721073e+00 2.942244585766579323e+00 1.703703703703703720e+00 1.400000000000000000e+01 7.607594936708860445e+00 8.500000000000000000e+00 6.979999999999999716e+01 3.543797468354429725e+01 4.229999999999999716e+01 1.200000000000000000e+01 5.642857142857143238e+00 1.369570425682214987e+00 4.000000000000000000e+01
4.713691798827976243e+01 2.456456052231581033e+00 1.058442410876291762e+00 2.804394283698499191e+00 1.748792270531400961e+00 1.500000000000000000e+01 8.113924050632912000e+00 9.000000000000000000e+00 7.479999999999999716e+01 3.796962025316455680e+01 4.479999999999999716e+01 1.200000000000000000e+01 5.266666666666666607e+00 1.348159426909532943e+00 4.000000000000000000e+01
6.737763554351035111e+01 3.617704769439423984e+00 2.128544141513449617e+00 3.884353997815215287e+00 2.519715578539107881e+00 2.000000000000000000e+01 1.117721518987341689e+01 1.202500000000000036e+01 9.979999999999999716e+01 5.328607594936709546e+01 5.992499999999999716e+01 8.000000000000000000e+00 3.950000000000000178e+00 1.407547750497413430e+00 4.000000000000000000e+01
7.707812580710546513e+01 6.324555320336762598e+00 4.242640687119275000e+00 6.287325818646652742e+00 5.263157894736842479e+00 2.100000000000000000e+01 1.292405063291139200e+01 1.375000000000000000e+01 1.047999999999999972e+02 6.202025316455696213e+01 6.854999999999999716e+01 8.000000000000000000e+00 3.761904761904761862e+00 1.401926426187610319e+00 4.000000000000000000e+01
6.724507208082668797e+01 3.375437903527041428e+00 1.447923118233400475e+00 4.310802756553911763e+00 1.077272727272727160e+00 2.200000000000000000e+01 1.117721518987341689e+01 1.202500000000000036e+01 1.097999999999999972e+02 5.328607594936709546e+01 5.992499999999999716e+01 6.000000000000000000e+00 3.590909090909090828e+00 1.391374034600332488e+00 4.000000000000000000e+01
4.742599677501598876e+01 2.456456052231581033e+00 1.132755592750986917e+00 2.769180819862543164e+00 8.942028985507246563e-01 1.400000000000000000e+01 8.240506329113923556e+00 9.125000000000000000e+00 6.979999999999999716e+01 3.860253164556961991e+01 4.542499999999999716e+01 1.200000000000000000e+01 5.642857142857143238e+00 1.481607098209260398e+00 4.000000000000000000e+01
5.875065702674329771e+01 3.515112659837269060e+00 1.562589221277739027e+00 4.201066741653205483e+00 1.639705882352940902e+00 1.700000000000000000e+01 9.987341772151898667e+00 1.084999999999999964e+01 8.479999999999999716e+01 4.733670886075949369e+01 5.404999999999999716e+01 8.000000000000000000e+00 4.647058823529412130e+00 1.352534321034316589e+00 4.000000000000000000e+01
3.558215196717632978e+01 3.473953464439372585e+00 1.451593586631836574e+00 3.575493210741756300e+00 4.736842105263157632e-01 1.000000000000000000e+01 6.341772151898734222e+00 7.250000000000000000e+00 4.979999999999999716e+01 2.910886075949366969e+01 3.604999999999999716e+01 1.800000000000000000e+01 7.900000000000000355e+00 1.516181438657077774e+00 4.000000000000000000e+01
5.966406415554742892e+01 3.473953464439372585e+00 2.047273004074205982e+00 3.702681758205727203e+00 2.864433811802232999e+00 1.700000000000000000e+01 1.003797468354430400e+01 1.090000000000000036e+01 8.479999999999999716e+01 4.758987341772151325e+01 5.429999999999999716e+01 1.400000000000000000e+01 4.647058823529412130e+00 1.499704580540223153e+00 4.000000000000000000e+01
