2.000000000000000000e+01 1.210202215357367939e+00 2.000000000000000000e+01
2.000000000000000000e+01 1.183381229873148310e+00 2.000000000000000000e+01
2.000000000000000000e+01 1.236462583110383040e+00 2.000000000000000000e+01
2.000000000000000000e+01 1.202072050496703293e+00 2.000000000000000000e+01
2.000000000000000000e+01 1.230825619485790057e+00 2.000000000000000000e+01
2.000000000000000000e+01 1.194010058589293433e+00 2.000000000000000000e+01
2.000000000000000000e+01 1.220161910294901286e+00 2.000000000000000000e+01
2.000000000000000000e+01 1.172798003966542213e+00 2.000000000000000000e+01
2.000000000000000000e+01 1.190845577996690885e+00 2.000000000000000000e+01
2.000000000000000000e+01 1.195544304032910343e+00 2.000000000000000000e+01
2.000000000000000000e+01 1.206666701335419090e+00 2.000000000000000000e+01
2.000000000000000000e+01 1.180966801053493276e+00 2.000000000000000000e+01
2.000000000000000000e+01 1.258222449140704802e+00 2.000000000000000000e+01
2.000000000000000000e+01 1.210735012907886210e+00 2.000000000000000000e+01
2.000000000000000000e+01 1.225408563650451033e+00 2.000000000000000000e+01
2.000000000000000000e+01 1.187973276071762063e+00 2.000000000000000000e+01
2.000000000000000000e+01 1.185795076678659798e+00 2.000000000000000000e+01
2.000000000000000000e+01 1.207325634432237393e+00 2.000000000000000000e+01
2.000000000000000000e+01 1.216971104842084150e+00 2.000000000000000000e+01
2.000000000000000000e+01 1.217934354012120357e+00 2.000000000000000000e+01
2.000000000000000000e+01 1.220081720046624962e+00 2.000000000000000000e+01
2.000000000000000000e+01 1.217722800291233254e+00 2.000000000000000000e+01
2.000000000000000000e+01 1.221471837087884538e+00 2.000000000000000000e+01
2.000000000000000000e+01 1.214836538088757356e+00 2.000000000000000000e+01
2.000000000000000000e+01 1.230690511954757316e+00 2.000000000000000000e+01
2.000000000000000000e+01 1.180024962147550038e+00 2.000000000000000000e+01
2.000000000000000000e+01 1.222439521842926036e+00 2.000000000000000000e+01
2.000000000000000000e+01 1.217897271707212514e+00 2.000000000000000000e+01
2.000000000000000000e+01 1.239482432074488161e+00 2.000000000000000000e+01
2.000000000000000000e+01 1.216634530614615350e+00 2.000000000000000000e+01
2.000000000000000000e+01 1.215866000937650515e+00 2.000000000000000000e+01
2.000000000000000000e+01 1.214638625924922666e+00 2.000000000000000000e+01
2.000000000000000000e+01 1.172289265126257307e+00 2.000000000000000000e+01
2.000000000000000000e+01 1.181047962576813326e+00 2.000000000000000000e+01
2.000000000000000000e+01 1.231446617078508554e+00 2.000000000000000000e+01
2.000000000000000000e+01 1.186216534578828252e+00 2.000000000000000000e+01
2.000000000000000000e+01 1.209988882556542800e+00 2.000000000000000000e+01
2.000000000000000000e+01 1.194112161090301827e+00 2.000000000000000000e+01
2.000000000000000000e+01 1.201662470461869692e+00 2.000000000000000000e+01
2.000000000000000000e+01 1.158236593252207403e+00 2.000000000000000000e+01
2.000000000000000000e+01 1.243455822965271906e+00 2.000000000000000000e+01
2.000000000000000000e+01 1.182281747130783822e+00 2.000000000000000000e+01
2.000000000000000000e+01 1.219421463958141327e+00 2.000000000000000000e+01
2.000000000000000000e+01 1.211950355804743751e+00 2.000000000000000000e+01
2.000000000000000000e+01 1.211521096832613553e+00 2.000000000000000000e+01
2.000000000000000000e+01 1.223245332307816957e+00 2.000000000000000000e+01
2.000000000000000000e+01 1.212846484358264254e+00 2.000000000000000000e+01
2.000000000000000000e+01 1.226311432502545928e+00 2.000000000000000000e+01
2.000000000000000000e+01 1.165970558491959963e+00 2.000000000000000000e+01
2.000000000000000000e+01 1.214707211915906360e+00 2.000000000000000000e+01
2.000000000000000000e+01 1.216802781848676185e+00 2.000000000000000000e+01
2.000000000000000000e+01 1.176311350171191261e+00 2.000000000000000000e+01
2.000000000000000000e+01 1.212395649770441564e+00 2.000000000000000000e+01
2.000000000000000000e+01 1.202602253105199637e+00 2.000000000000000000e+01
2.000000000000000000e+01 1.246459043223058005e+00 2.000000000000000000e+01
2.000000000000000000e+01 1.196125674756594037e+00 2.000000000000000000e+01
2.000000000000000000e+01 1.173049116974699713e+00 2.000000000000000000e+01
2.000000000000000000e+01 1.191541900237766294e+00 2.000000000000000000e+01
2.000000000000000000e+01 1.249816959871330679e+00 2.000000000000000000e+01
2.000000000000000000e+01 1.201579363048306703e+00 2.000000000000000000e+01
2.000000000000000000e+01 1.201148670275915542e+00 2.000000000000000000e+01
2.000000000000000000e+01 1.195374187810323452e+00 2.000000000000000000e+01
2.000000000000000000e+01 1.224145977416335684e+00 2.000000000000000000e+01
2.000000000000000000e+01 1.195799739948959717e+00 2.000000000000000000e+01
2.000000000000000000e+01 1.229568355383556355e+00 2.000000000000000000e+01
2.000000000000000000e+01 1.211324942529071302e+00 2.000000000000000000e+01
2.000000000000000000e+01 1.176086328927666402e+00 2.000000000000000000e+01
2.000000000000000000e+01 1.251189064123802597e+00 2.000000000000000000e+01
2.000000000000000000e+01 1.181095888239695579e+00 2.000000000000000000e+01
2.000000000000000000e+01 1.177385972739073194e+00 2.000000000000000000e+01
2.000000000000000000e+01 1.201383482566356298e+00 2.000000000000000000e+01
2.000000000000000000e+01 1.164747220044106246e+00 2.000000000000000000e+01
2.000000000000000000e+01 1.240207594858680817e+00 2.000000000000000000e+01
2.000000000000000000e+01 1.174283047849345785e+00 2.000000000000000000e+01
2.000000000000000000e+01 1.241596822767687902e+00 2.000000000000000000e+01
2.000000000000000000e+01 1.221579116472301774e+00 2.000000000000000000e+01
2.000000000000000000e+01 1.195862464990984586e+00 2.000000000000000000e+01
2.000000000000000000e+01 1.205903152163336545e+00 2.000000000000000000e+01
2.000000000000000000e+01 1.220351341057104522e+00 2.000000000000000000e+01
2.000000000000000000e+01 1.195915675115151178e+00 2.000000000000000000e+01
2.000000000000000000e+01 1.244722537796496997e+00 2.000000000000000000e+01
2.000000000000000000e+01 1.230224540570815872e+00 2.000000000000000000e+01
2.000000000000000000e+01 1.241750152641494909e+00 2.000000000000000000e+01
2.000000000000000000e+01 1.186589550918240699e+00 2.000000000000000000e+01
2.000000000000000000e+01 1.210236200460523825e+00 2.000000000000000000e+01
2.000000000000000000e+01 1.229835380762401620e+00 2.000000000000000000e+01
2.000000000000000000e+01 1.177248720361120160e+00 2.000000000000000000e+01
2.000000000000000000e+01 1.175113435387631577e+00 2.000000000000000000e+01
2.000000000000000000e+01 1.210646352504462175e+00 2.000000000000000000e+01
2.000000000000000000e+01 1.222211223736734853e+00 2.000000000000000000e+01
2.000000000000000000e+01 1.242944632792103654e+00 2.000000000000000000e+01
2.000000000000000000e+01 1.218631647552483210e+00 2.000000000000000000e+01
2.000000000000000000e+01 1.224605250474988694e+00 2.000000000000000000e+01
2.000000000000000000e+01 1.216898623201170482e+00 2.000000000000000000e+01
2.000000000000000000e+01 1.176247390983921948e+00 2.000000000000000000e+01
2.000000000000000000e+01 1.166410474479537385e+00 2.000000000000000000e+01
2.000000000000000000e+01 1.231194356405874268e+00 2.000000000000000000e+01
2.000000000000000000e+01 1.192774915486009890e+00 2.000000000000000000e+01
2.000000000000000000e+01 1.167738249258800209e+00 2.000000000000000000e+01
2.000000000000000000e+01 1.199266681814710855e+00 2.000000000000000000e+01
2.000000000000000000e+01 1.198658431454007189e+00 2.000000000000000000e+01
2.000000000000000000e+01 1.240411212957974074e+00 2.000000000000000000e+01
2.000000000000000000e+01 1.211014383447909237e+00 2.000000000000000000e+01
2.000000000000000000e+01 1.223871239202427796e+00 2.000000000000000000e+01
2.000000000000000000e+01 1.245435115375419510e+00 2.000000000000000000e+01
2.000000000000000000e+01 1.206847988571619013e+00 2.000000000000000000e+01
2.000000000000000000e+01 1.196423843053893821e+00 2.000000000000000000e+01
2.000000000000000000e+01 1.179295462947989037e+00 2.000000000000000000e+01
2.000000000000000000e+01 1.205161215264326069e+00 2.000000000000000000e+01
2.000000000000000000e+01 1.195774743968959886e+00 2.000000000000000000e+01
2.000000000000000000e+01 1.227340842150635547e+00 2.000000000000000000e+01
2.000000000000000000e+01 1.222495740826690547e+00 2.000000000000000000e+01
2.000000000000000000e+01 1.201462932774014947e+00 2.000000000000000000e+01
2.000000000000000000e+01 1.218502317922764089e+00 2.000000000000000000e+01
2.000000000000000000e+01 1.241264701037479101e+00 2.000000000000000000e+01
2.000000000000000000e+01 1.219767739841455922e+00 2.000000000000000000e+01
2.000000000000000000e+01 1.212245360081648959e+00 2.000000000000000000e+01
2.000000000000000000e+01 1.224723175254028185e+00 2.000000000000000000e+01
2.000000000000000000e+01 1.235764353593730602e+00 2.000000000000000000e+01
2.000000000000000000e+01 1.242939005396663799e+00 2.000000000000000000e+01
2.000000000000000000e+01 1.195112354931686660e+00 2.000000000000000000e+01
2.000000000000000000e+01 1.221656716934192088e+00 2.000000000000000000e+01
2.000000000000000000e+01 1.228622982036801314e+00 2.000000000000000000e+01
2.000000000000000000e+01 1.190941406497358912e+00 2.000000000000000000e+01
2.000000000000000000e+01 1.199380368496224758e+00 2.000000000000000000e+01
2.000000000000000000e+01 1.209800679819445168e+00 2.000000000000000000e+01
2.000000000000000000e+01 1.259528836626546244e+00 2.000000000000000000e+01
2.000000000000000000e+01 1.188981992547885946e+00 2.000000000000000000e+01
2.000000000000000000e+01 1.228196905309811182e+00 2.000000000000000000e+01
2.000000000000000000e+01 1.181301882144957904e+00 2.000000000000000000e+01
2.000000000000000000e+01 1.223019789004778257e+00 2.000000000000000000e+01
2.000000000000000000e+01 1.184605435286205433e+00 2.000000000000000000e+01
2.000000000000000000e+01 1.187068607710394241e+00 2.000000000000000000e+01
2.000000000000000000e+01 1.229758650991900515e+00 2.000000000000000000e+01
2.000000000000000000e+01 1.205903676112573653e+00 2.000000000000000000e+01
2.000000000000000000e+01 1.216537337093898108e+00 2.000000000000000000e+01
2.000000000000000000e+01 1.196397778696309144e+00 2.000000000000000000e+01
2.000000000000000000e+01 1.213518517612694581e+00 2.000000000000000000e+01
2.000000000000000000e+01 1.202012559567208427e+00 2.000000000000000000e+01
2.000000000000000000e+01 1.220211721156287510e+00 2.000000000000000000e+01
2.000000000000000000e+01 1.232755889382957770e+00 2.000000000000000000e+01
2.000000000000000000e+01 1.185739728075862365e+00 2.000000000000000000e+01
2.000000000000000000e+01 1.190134913154539786e+00 2.000000000000000000e+01
2.000000000000000000e+01 1.196107236728882972e+00 2.000000000000000000e+01
2.000000000000000000e+01 1.200325694469990934e+00 2.000000000000000000e+01
2.000000000000000000e+01 1.186625384303358510e+00 2.000000000000000000e+01
2.000000000000000000e+01 1.186679516582765270e+00 2.000000000000000000e+01
2.000000000000000000e+01 1.186936453237416256e+00 2.000000000000000000e+01
2.000000000000000000e+01 1.225629057703393032e+00 2.000000000000000000e+01
2.000000000000000000e+01 1.173660210332724718e+00 2.000000000000000000e+01
2.000000000000000000e+01 1.227442103912900873e+00 2.000000000000000000e+01
2.000000000000000000e+01 1.185711754409171537e+00 2.000000000000000000e+01
2.000000000000000000e+01 1.231411254759456675e+00 2.000000000000000000e+01
2.000000000000000000e+01 1.209822709144893649e+00 2.000000000000000000e+01
2.000000000000000000e+01 1.183939199847473978e+00 2.000000000000000000e+01
2.000000000000000000e+01 1.195484929391854578e+00 2.000000000000000000e+01
2.000000000000000000e+01 1.196297396533892554e+00 2.000000000000000000e+01
2.000000000000000000e+01 1.200557846432527276e+00 2.000000000000000000e+01
2.000000000000000000e+01 1.187860451615573298e+00 2.000000000000000000e+01
2.000000000000000000e+01 1.173639268744821385e+00 2.000000000000000000e+01
2.000000000000000000e+01 1.176056500393662940e+00 2.000000000000000000e+01
2.000000000000000000e+01 1.186486398096479489e+00 2.000000000000000000e+01
2.000000000000000000e+01 1.213053881910197029e+00 2.000000000000000000e+01
2.000000000000000000e+01 1.203232080590767028e+00 2.000000000000000000e+01
2.000000000000000000e+01 1.229377691200484346e+00 2.000000000000000000e+01
2.000000000000000000e+01 1.228650558086881839e+00 2.000000000000000000e+01
2.000000000000000000e+01 1.212507918315285149e+00 2.000000000000000000e+01
2.000000000000000000e+01 1.184351936565309016e+00 2.000000000000000000e+01
2.000000000000000000e+01 1.211058504858378626e+00 2.000000000000000000e+01
2.000000000000000000e+01 1.221797921260928677e+00 2.000000000000000000e+01
2.000000000000000000e+01 1.225694159003352324e+00 2.000000000000000000e+01
2.000000000000000000e+01 1.226710368011196151e+00 2.000000000000000000e+01
2.000000000000000000e+01 1.200428536372918575e+00 2.000000000000000000e+01
2.000000000000000000e+01 1.202791830059543265e+00 2.000000000000000000e+01
2.000000000000000000e+01 1.202576446424369561e+00 2.000000000000000000e+01
2.000000000000000000e+01 1.240490627963517944e+00 2.000000000000000000e+01
2.000000000000000000e+01 1.202326949871747930e+00 2.000000000000000000e+01
2.000000000000000000e+01 1.222030267859825159e+00 2.000000000000000000e+01
2.000000000000000000e+01 1.192076530915484600e+00 2.000000000000000000e+01
2.000000000000000000e+01 1.227469033274829702e+00 2.000000000000000000e+01
2.000000000000000000e+01 1.186663010126085993e+00 2.000000000000000000e+01
2.000000000000000000e+01 1.245445761314764699e+00 2.000000000000000000e+01
2.000000000000000000e+01 1.215890381088528871e+00 2.000000000000000000e+01
2.000000000000000000e+01 1.189426879964359474e+00 2.000000000000000000e+01
2.000000000000000000e+01 1.183440306260834962e+00 2.000000000000000000e+01
2.000000000000000000e+01 1.206739025400408671e+00 2.000000000000000000e+01
2.000000000000000000e+01 1.228517234319424611e+00 2.000000000000000000e+01
2.000000000000000000e+01 1.243057745074571674e+00 2.000000000000000000e+01
2.000000000000000000e+01 1.205937497607316500e+00 2.000000000000000000e+01
2.000000000000000000e+01 1.192328371794671993e+00 2.000000000000000000e+01
2.000000000000000000e+01 1.194753507115476010e+00 2.000000000000000000e+01
2.000000000000000000e+01 1.218012428876432462e+00 2.000000000000000000e+01
2.000000000000000000e+01 1.189095321639978664e+00 2.000000000000000000e+01
2.000000000000000000e+01 1.200073679170814200e+00 2.000000000000000000e+01
2.000000000000000000e+01 1.202169846448413626e+00 2.000000000000000000e+01
2.000000000000000000e+01 1.182133166197160135e+00 2.000000000000000000e+01
2.000000000000000000e+01 1.160785086187430482e+00 2.000000000000000000e+01
2.000000000000000000e+01 1.236507659149717497e+00 2.000000000000000000e+01
2.000000000000000000e+01 1.187172983179134222e+00 2.000000000000000000e+01
2.000000000000000000e+01 1.235198685155860066e+00 2.000000000000000000e+01
2.000000000000000000e+01 1.175501055758934710e+00 2.000000000000000000e+01
2.000000000000000000e+01 1.196911616440865744e+00 2.000000000000000000e+01
2.000000000000000000e+01 1.174411785699447375e+00 2.000000000000000000e+01
2.000000000000000000e+01 1.173251620823594354e+00 2.000000000000000000e+01
2.000000000000000000e+01 1.219239739808850809e+00 2.000000000000000000e+01
2.000000000000000000e+01 1.218168800701767029e+00 2.000000000000000000e+01
2.000000000000000000e+01 1.206358891745020534e+00 2.000000000000000000e+01
2.000000000000000000e+01 1.197674559330137445e+00 2.000000000000000000e+01
2.000000000000000000e+01 1.201950227061842957e+00 2.000000000000000000e+01
2.000000000000000000e+01 1.215233366158877004e+00 2.000000000000000000e+01
2.000000000000000000e+01 1.175057275724082695e+00 2.000000000000000000e+01
2.000000000000000000e+01 1.182827201215753243e+00 2.000000000000000000e+01
2.000000000000000000e+01 1.236290621562184944e+00 2.000000000000000000e+01
2.000000000000000000e+01 1.166182706895433352e+00 2.000000000000000000e+01
2.000000000000000000e+01 1.203621796071969285e+00 2.000000000000000000e+01
2.000000000000000000e+01 1.187645962810526035e+00 2.000000000000000000e+01
2.000000000000000000e+01 1.223062945429313375e+00 2.000000000000000000e+01
2.000000000000000000e+01 1.212440915612386982e+00 2.000000000000000000e+01
2.000000000000000000e+01 1.229152961628989127e+00 2.000000000000000000e+01
2.000000000000000000e+01 1.181376948849594655e+00 2.000000000000000000e+01
2.000000000000000000e+01 1.202922615828212694e+00 2.000000000000000000e+01
2.000000000000000000e+01 1.228962639840072590e+00 2.000000000000000000e+01
2.000000000000000000e+01 1.198493441967905415e+00 2.000000000000000000e+01
2.000000000000000000e+01 1.242467304503083181e+00 2.000000000000000000e+01
2.000000000000000000e+01 1.239904328174971315e+00 2.000000000000000000e+01
2.000000000000000000e+01 1.205247734961405914e+00 2.000000000000000000e+01
2.000000000000000000e+01 1.259945479894960085e+00 2.000000000000000000e+01
2.000000000000000000e+01 1.198584178189134652e+00 2.000000000000000000e+01
2.000000000000000000e+01 1.209440410628645157e+00 2.000000000000000000e+01
2.000000000000000000e+01 1.220884516095953165e+00 2.000000000000000000e+01
2.000000000000000000e+01 1.192885289829360262e+00 2.000000000000000000e+01
2.000000000000000000e+01 1.200505191931814375e+00 2.000000000000000000e+01
2.000000000000000000e+01 1.225403632814967558e+00 2.000000000000000000e+01
2.000000000000000000e+01 1.193697335492183376e+00 2.000000000000000000e+01
2.000000000000000000e+01 1.223864952194074762e+00 2.000000000000000000e+01
2.000000000000000000e+01 1.240082950126186079e+00 2.000000000000000000e+01
2.000000000000000000e+01 1.191944127766665584e+00 2.000000000000000000e+01
2.000000000000000000e+01 1.241602935336451274e+00 2.000000000000000000e+01
2.000000000000000000e+01 1.235549666779653943e+00 2.000000000000000000e+01
2.000000000000000000e+01 1.197513656182461306e+00 2.000000000000000000e+01
2.000000000000000000e+01 1.182873113724600467e+00 2.000000000000000000e+01
2.000000000000000000e+01 1.241060465693065717e+00 2.000000000000000000e+01
2.000000000000000000e+01 1.172808863296573190e+00 2.000000000000000000e+01
2.000000000000000000e+01 1.222062464428331996e+00 2.000000000000000000e+01
2.000000000000000000e+01 1.248961539632180484e+00 2.000000000000000000e+01
2.000000000000000000e+01 1.201859681808625346e+00 2.000000000000000000e+01
2.000000000000000000e+01 1.233162121784813214e+00 2.000000000000000000e+01
2.000000000000000000e+01 1.195461783763468455e+00 2.000000000000000000e+01
2.000000000000000000e+01 1.211336963933774991e+00 2.000000000000000000e+01
2.000000000000000000e+01 1.236985562369711689e+00 2.000000000000000000e+01
2.000000000000000000e+01 1.197090685126663612e+00 2.000000000000000000e+01
2.000000000000000000e+01 1.214296691427208863e+00 2.000000000000000000e+01
2.000000000000000000e+01 1.203850985453379430e+00 2.000000000000000000e+01
2.000000000000000000e+01 1.215064748487772350e+00 2.000000000000000000e+01
2.000000000000000000e+01 1.194062210743964902e+00 2.000000000000000000e+01
2.000000000000000000e+01 1.230392066218879865e+00 2.000000000000000000e+01
2.000000000000000000e+01 1.183034320043520493e+00 2.000000000000000000e+01
2.000000000000000000e+01 1.206167489493384037e+00 2.000000000000000000e+01
2.000000000000000000e+01 1.218560343193730855e+00 2.000000000000000000e+01
2.000000000000000000e+01 1.247568564152414350e+00 2.000000000000000000e+01
2.000000000000000000e+01 1.221605957712480484e+00 2.000000000000000000e+01
2.000000000000000000e+01 1.215875780109090254e+00 2.000000000000000000e+01
2.000000000000000000e+01 1.199715471531227928e+00 2.000000000000000000e+01
2.000000000000000000e+01 1.227167836949204727e+00 2.000000000000000000e+01
2.000000000000000000e+01 1.216199565242675806e+00 2.000000000000000000e+01
2.000000000000000000e+01 1.225529630958450023e+00 2.000000000000000000e+01
2.000000000000000000e+01 1.227927554011288835e+00 2.000000000000000000e+01
2.000000000000000000e+01 1.207607769026880495e+00 2.000000000000000000e+01
2.000000000000000000e+01 1.235231401617927105e+00 2.000000000000000000e+01
2.000000000000000000e+01 1.216030424405840416e+00 2.000000000000000000e+01
2.000000000000000000e+01 1.199126879767104192e+00 2.000000000000000000e+01
2.000000000000000000e+01 1.178139329675423674e+00 2.000000000000000000e+01
2.000000000000000000e+01 1.183206193849871246e+00 2.000000000000000000e+01
2.000000000000000000e+01 1.211302709667199329e+00 2.000000000000000000e+01
2.000000000000000000e+01 1.201666588344276976e+00 2.000000000000000000e+01
2.000000000000000000e+01 1.184389188298863971e+00 2.000000000000000000e+01
2.000000000000000000e+01 1.186168814412696282e+00 2.000000000000000000e+01
2.000000000000000000e+01 1.222525158231408060e+00 2.000000000000000000e+01
2.000000000000000000e+01 1.172720564628417783e+00 2.000000000000000000e+01
2.000000000000000000e+01 1.198687229518480279e+00 2.000000000000000000e+01
2.000000000000000000e+01 1.183725486305918784e+00 2.000000000000000000e+01
2.000000000000000000e+01 1.191326997070331961e+00 2.000000000000000000e+01
2.000000000000000000e+01 1.228916302372580205e+00 2.000000000000000000e+01
2.000000000000000000e+01 1.183873376988297643e+00 2.000000000000000000e+01
2.000000000000000000e+01 1.206898974459652552e+00 2.000000000000000000e+01
2.000000000000000000e+01 1.181068635286309787e+00 2.000000000000000000e+01
2.000000000000000000e+01 1.219895114498656508e+00 2.000000000000000000e+01
2.000000000000000000e+01 1.255136914828895778e+00 2.000000000000000000e+01
2.000000000000000000e+01 1.219897754446379379e+00 2.000000000000000000e+01
2.000000000000000000e+01 1.205219974970297203e+00 2.000000000000000000e+01
2.000000000000000000e+01 1.200366260431780407e+00 2.000000000000000000e+01
2.000000000000000000e+01 1.202857565792745165e+00 2.000000000000000000e+01
2.000000000000000000e+01 1.212991610353908456e+00 2.000000000000000000e+01
2.000000000000000000e+01 1.207714430031053832e+00 2.000000000000000000e+01
2.000000000000000000e+01 1.235010393114670091e+00 2.000000000000000000e+01
2.000000000000000000e+01 1.211335935545763132e+00 2.000000000000000000e+01
2.000000000000000000e+01 1.215314236456917607e+00 2.000000000000000000e+01
2.000000000000000000e+01 1.238372919093318147e+00 2.000000000000000000e+01
2.000000000000000000e+01 1.168335552534712996e+00 2.000000000000000000e+01
2.000000000000000000e+01 1.247870167748900361e+00 2.000000000000000000e+01
2.000000000000000000e+01 1.182705493610617165e+00 2.000000000000000000e+01
2.000000000000000000e+01 1.216207128357837064e+00 2.000000000000000000e+01
2.000000000000000000e+01 1.181443693239333736e+00 2.000000000000000000e+01
2.000000000000000000e+01 1.193800233059377103e+00 2.000000000000000000e+01
2.000000000000000000e+01 1.170197580758244982e+00 2.000000000000000000e+01
2.000000000000000000e+01 1.220533792242715521e+00 2.000000000000000000e+01
2.000000000000000000e+01 1.208572144433655460e+00 2.000000000000000000e+01
2.000000000000000000e+01 1.242651529824710499e+00 2.000000000000000000e+01
2.000000000000000000e+01 1.190273205991373873e+00 2.000000000000000000e+01
2.000000000000000000e+01 1.184116378538168757e+00 2.000000000000000000e+01
2.000000000000000000e+01 1.208267507083257586e+00 2.000000000000000000e+01
2.000000000000000000e+01 1.219043128514896157e+00 2.000000000000000000e+01
2.000000000000000000e+01 1.200866069370936762e+00 2.000000000000000000e+01
2.000000000000000000e+01 1.193309253380767432e+00 2.000000000000000000e+01
2.000000000000000000e+01 1.186195896506736736e+00 2.000000000000000000e+01
2.000000000000000000e+01 1.177709706644094245e+00 2.000000000000000000e+01
2.000000000000000000e+01 1.173274503999336860e+00 2.000000000000000000e+01
2.000000000000000000e+01 1.198011839174188742e+00 2.000000000000000000e+01
2.000000000000000000e+01 1.206936431090129602e+00 2.000000000000000000e+01
2.000000000000000000e+01 1.226227167012616803e+00 2.000000000000000000e+01
2.000000000000000000e+01 1.259821314439693696e+00 2.000000000000000000e+01
2.000000000000000000e+01 1.216121789275887766e+00 2.000000000000000000e+01
2.000000000000000000e+01 1.231911647100085494e+00 2.000000000000000000e+01
2.000000000000000000e+01 1.191420765932600379e+00 2.000000000000000000e+01
2.000000000000000000e+01 1.252031441350656138e+00 2.000000000000000000e+01
2.000000000000000000e+01 1.191814371379842807e+00 2.000000000000000000e+01
2.000000000000000000e+01 1.228163347762795121e+00 2.000000000000000000e+01
2.000000000000000000e+01 1.196824349899949791e+00 2.000000000000000000e+01
2.000000000000000000e+01 1.237211289513551415e+00 2.000000000000000000e+01
2.000000000000000000e+01 1.222894179363529066e+00 2.000000000000000000e+01
2.000000000000000000e+01 1.196058931145077331e+00 2.000000000000000000e+01
2.000000000000000000e+01 1.181962864577482231e+00 2.000000000000000000e+01
2.000000000000000000e+01 1.192673101845813877e+00 2.000000000000000000e+01
2.000000000000000000e+01 1.214612708257253093e+00 2.000000000000000000e+01
2.000000000000000000e+01 1.207998558014563573e+00 2.000000000000000000e+01
2.000000000000000000e+01 1.228317460649967607e+00 2.000000000000000000e+01
2.000000000000000000e+01 1.227211263115572715e+00 2.000000000000000000e+01
2.000000000000000000e+01 1.205281871662104987e+00 2.000000000000000000e+01
2.000000000000000000e+01 1.243584949016876884e+00 2.000000000000000000e+01
2.000000000000000000e+01 1.222765525248417751e+00 2.000000000000000000e+01
2.000000000000000000e+01 1.212215843678252192e+00 2.000000000000000000e+01
2.000000000000000000e+01 1.218489793795099807e+00 2.000000000000000000e+01
2.000000000000000000e+01 1.190936074946847834e+00 2.000000000000000000e+01
2.000000000000000000e+01 1.224110249674484008e+00 2.000000000000000000e+01
2.000000000000000000e+01 1.222219680881907911e+00 2.000000000000000000e+01
2.000000000000000000e+01 1.201017384628589868e+00 2.000000000000000000e+01
2.000000000000000000e+01 1.226953714162619669e+00 2.000000000000000000e+01
2.000000000000000000e+01 1.231335153751355271e+00 2.000000000000000000e+01
2.000000000000000000e+01 1.193930967867127491e+00 2.000000000000000000e+01
2.000000000000000000e+01 1.166971093232814116e+00 2.000000000000000000e+01
2.000000000000000000e+01 1.205125434618122160e+00 2.000000000000000000e+01
2.000000000000000000e+01 1.235194067625551728e+00 2.000000000000000000e+01
2.000000000000000000e+01 1.204156811012426109e+00 2.000000000000000000e+01
2.000000000000000000e+01 1.179307630144826868e+00 2.000000000000000000e+01
2.000000000000000000e+01 1.224512979012843950e+00 2.000000000000000000e+01
2.000000000000000000e+01 1.220243604640940838e+00 2.000000000000000000e+01
2.000000000000000000e+01 1.238701407174825464e+00 2.000000000000000000e+01
2.000000000000000000e+01 1.185699941032250182e+00 2.000000000000000000e+01
2.000000000000000000e+01 1.185123032339465698e+00 2.000000000000000000e+01
2.000000000000000000e+01 1.229552813539460443e+00 2.000000000000000000e+01
2.000000000000000000e+01 1.223733520232217709e+00 2.000000000000000000e+01
2.000000000000000000e+01 1.217239315309979419e+00 2.000000000000000000e+01
2.000000000000000000e+01 1.245977580003808649e+00 2.000000000000000000e+01
2.000000000000000000e+01 1.195839049764231277e+00 2.000000000000000000e+01
2.000000000000000000e+01 1.232523391602542651e+00 2.000000000000000000e+01
2.000000000000000000e+01 1.182170433137770704e+00 2.000000000000000000e+01
2.000000000000000000e+01 1.183366612460482914e+00 2.000000000000000000e+01
2.000000000000000000e+01 1.174625475989773848e+00 2.000000000000000000e+01
2.000000000000000000e+01 1.205197127196078410e+00 2.000000000000000000e+01
2.000000000000000000e+01 1.183638885514189720e+00 2.000000000000000000e+01
2.000000000000000000e+01 1.232521098828643247e+00 2.000000000000000000e+01
2.000000000000000000e+01 1.229312523752204456e+00 2.000000000000000000e+01
2.000000000000000000e+01 1.205427051931235560e+00 2.000000000000000000e+01
2.000000000000000000e+01 1.240370046769866619e+00 2.000000000000000000e+01
2.000000000000000000e+01 1.248836300593647808e+00 2.000000000000000000e+01
2.000000000000000000e+01 1.206023238143860477e+00 2.000000000000000000e+01
2.000000000000000000e+01 1.230548695220595290e+00 2.000000000000000000e+01
2.000000000000000000e+01 1.216265956872514264e+00 2.000000000000000000e+01
2.000000000000000000e+01 1.191290438732965695e+00 2.000000000000000000e+01
2.000000000000000000e+01 1.168203794265418871e+00 2.000000000000000000e+01
2.000000000000000000e+01 1.198716906231886759e+00 2.000000000000000000e+01
2.000000000000000000e+01 1.183984522498450209e+00 2.000000000000000000e+01
2.000000000000000000e+01 1.255410259070975920e+00 2.000000000000000000e+01
2.000000000000000000e+01 1.253885751000988202e+00 2.000000000000000000e+01
2.000000000000000000e+01 1.231539143636381617e+00 2.000000000000000000e+01
2.000000000000000000e+01 1.187067300544652815e+00 2.000000000000000000e+01
2.000000000000000000e+01 1.231339490244014678e+00 2.000000000000000000e+01
2.000000000000000000e+01 1.185208601413179075e+00 2.000000000000000000e+01
2.000000000000000000e+01 1.202933052965409866e+00 2.000000000000000000e+01
2.000000000000000000e+01 1.186386724969105133e+00 2.000000000000000000e+01
2.000000000000000000e+01 1.191910099199653184e+00 2.000000000000000000e+01
2.000000000000000000e+01 1.238044991201948886e+00 2.000000000000000000e+01
2.000000000000000000e+01 1.229033436417386715e+00 2.000000000000000000e+01
2.000000000000000000e+01 1.179247486595950134e+00 2.000000000000000000e+01
2.000000000000000000e+01 1.197879692338815971e+00 2.000000000000000000e+01
2.000000000000000000e+01 1.177222294080070952e+00 2.000000000000000000e+01
2.000000000000000000e+01 1.204020224540561790e+00 2.000000000000000000e+01
2.000000000000000000e+01 1.245906760436599647e+00 2.000000000000000000e+01
2.000000000000000000e+01 1.215027033262221723e+00 2.000000000000000000e+01
2.000000000000000000e+01 1.201611912455894604e+00 2.000000000000000000e+01
2.000000000000000000e+01 1.184189810710142066e+00 2.000000000000000000e+01
2.000000000000000000e+01 1.197972515470104193e+00 2.000000000000000000e+01
2.000000000000000000e+01 1.223591722629394196e+00 2.000000000000000000e+01
2.000000000000000000e+01 1.241406940259442315e+00 2.000000000000000000e+01
2.000000000000000000e+01 1.200631856168566935e+00 2.000000000000000000e+01
2.000000000000000000e+01 1.167577552444736488e+00 2.000000000000000000e+01
2.000000000000000000e+01 1.166284779386240533e+00 2.000000000000000000e+01
2.000000000000000000e+01 1.180886144832857587e+00 2.000000000000000000e+01
2.000000000000000000e+01 1.223985078683156091e+00 2.000000000000000000e+01
2.000000000000000000e+01 1.185589484749778988e+00 2.000000000000000000e+01
2.000000000000000000e+01 1.212504104375756508e+00 2.000000000000000000e+01
2.000000000000000000e+01 1.189715477955660683e+00 2.000000000000000000e+01
2.000000000000000000e+01 1.201530474415574146e+00 2.000000000000000000e+01
2.000000000000000000e+01 1.216971151858289524e+00 2.000000000000000000e+01
2.000000000000000000e+01 1.165064984809581317e+00 2.000000000000000000e+01
2.000000000000000000e+01 1.202025578396705097e+00 2.000000000000000000e+01
2.000000000000000000e+01 1.215111256712093857e+00 2.000000000000000000e+01
2.000000000000000000e+01 1.238221998522919254e+00 2.000000000000000000e+01
2.000000000000000000e+01 1.210032533906258756e+00 2.000000000000000000e+01
2.000000000000000000e+01 1.181469164451039999e+00 2.000000000000000000e+01
2.000000000000000000e+01 1.235844507629398459e+00 2.000000000000000000e+01
2.000000000000000000e+01 1.212146433975183069e+00 2.000000000000000000e+01
2.000000000000000000e+01 1.260397488103379482e+00 2.000000000000000000e+01
2.000000000000000000e+01 1.203149502743773525e+00 2.000000000000000000e+01
2.000000000000000000e+01 1.229885456868644811e+00 2.000000000000000000e+01
2.000000000000000000e+01 1.240300718258324553e+00 2.000000000000000000e+01
2.000000000000000000e+01 1.228320193724468989e+00 2.000000000000000000e+01
2.000000000000000000e+01 1.196076563489897993e+00 2.000000000000000000e+01
2.000000000000000000e+01 1.187030915135443454e+00 2.000000000000000000e+01
2.000000000000000000e+01 1.212619762546097268e+00 2.000000000000000000e+01
2.000000000000000000e+01 1.184051071310282532e+00 2.000000000000000000e+01
2.000000000000000000e+01 1.182119755101476377e+00 2.000000000000000000e+01
2.000000000000000000e+01 1.164947382707240964e+00 2.000000000000000000e+01
2.000000000000000000e+01 1.228929071757367320e+00 2.000000000000000000e+01
2.000000000000000000e+01 1.178992896776527743e+00 2.000000000000000000e+01
2.000000000000000000e+01 1.205625297788848860e+00 2.000000000000000000e+01
2.000000000000000000e+01 1.199771379308621322e+00 2.000000000000000000e+01
2.000000000000000000e+01 1.240259696868253325e+00 2.000000000000000000e+01
2.000000000000000000e+01 1.222200517560400934e+00 2.000000000000000000e+01
2.000000000000000000e+01 1.239349351121204590e+00 2.000000000000000000e+01
2.000000000000000000e+01 1.249230147891062348e+00 2.000000000000000000e+01
2.000000000000000000e+01 1.208355866874266438e+00 2.000000000000000000e+01
2.000000000000000000e+01 1.191543232294219656e+00 2.000000000000000000e+01
2.000000000000000000e+01 1.203224819133862811e+00 2.000000000000000000e+01
2.000000000000000000e+01 1.232157820444660601e+00 2.000000000000000000e+01
2.000000000000000000e+01 1.184789015325083961e+00 2.000000000000000000e+01
2.000000000000000000e+01 1.195667134511854135e+00 2.000000000000000000e+01
2.000000000000000000e+01 1.184977522556237339e+00 2.000000000000000000e+01
2.000000000000000000e+01 1.241062252306275093e+00 2.000000000000000000e+01
2.000000000000000000e+01 1.191295411847540064e+00 2.000000000000000000e+01
2.000000000000000000e+01 1.235024618689070097e+00 2.000000000000000000e+01
2.000000000000000000e+01 1.199424609984226953e+00 2.000000000000000000e+01
2.000000000000000000e+01 1.240233766507064628e+00 2.000000000000000000e+01
2.000000000000000000e+01 1.239948927863199657e+00 2.000000000000000000e+01
2.000000000000000000e+01 1.174297783179369725e+00 2.000000000000000000e+01
2.000000000000000000e+01 1.212619877814365310e+00 2.000000000000000000e+01
2.000000000000000000e+01 1.177054054004647465e+00 2.000000000000000000e+01
2.000000000000000000e+01 1.241692943627848322e+00 2.000000000000000000e+01
2.000000000000000000e+01 1.189363879907672228e+00 2.000000000000000000e+01
2.000000000000000000e+01 1.216418897042205627e+00 2.000000000000000000e+01
2.000000000000000000e+01 1.187673291026949185e+00 2.000000000000000000e+01
2.000000000000000000e+01 1.226443416784290585e+00 2.000000000000000000e+01
2.000000000000000000e+01 1.241550093934241428e+00 2.000000000000000000e+01
2.000000000000000000e+01 1.232293894409136614e+00 2.000000000000000000e+01
2.000000000000000000e+01 1.173935814536088529e+00 2.000000000000000000e+01
2.000000000000000000e+01 1.188137835129010167e+00 2.000000000000000000e+01
2.000000000000000000e+01 1.240942225461604931e+00 2.000000000000000000e+01
2.000000000000000000e+01 1.212114488979421090e+00 2.000000000000000000e+01
2.000000000000000000e+01 1.219052228650210568e+00 2.000000000000000000e+01
2.000000000000000000e+01 1.214796223578262779e+00 2.000000000000000000e+01
2.000000000000000000e+01 1.182449329047932540e+00 2.000000000000000000e+01
2.000000000000000000e+01 1.225349693673300377e+00 2.000000000000000000e+01
2.000000000000000000e+01 1.203020488254427312e+00 2.000000000000000000e+01
2.000000000000000000e+01 1.179205429668275906e+00 2.000000000000000000e+01
2.000000000000000000e+01 1.199719325452879071e+00 2.000000000000000000e+01
2.000000000000000000e+01 1.218645724092066951e+00 2.000000000000000000e+01
2.000000000000000000e+01 1.189985548010771943e+00 2.000000000000000000e+01
2.000000000000000000e+01 1.201814589263236810e+00 2.000000000000000000e+01
2.000000000000000000e+01 1.187793709434079803e+00 2.000000000000000000e+01
2.000000000000000000e+01 1.197626696714122252e+00 2.000000000000000000e+01
2.000000000000000000e+01 1.220213079617778362e+00 2.000000000000000000e+01
2.000000000000000000e+01 1.220584635280210550e+00 2.000000000000000000e+01
2.000000000000000000e+01 1.234827864210459536e+00 2.000000000000000000e+01
2.000000000000000000e+01 1.222409088164142732e+00 2.000000000000000000e+01
2.000000000000000000e+01 1.167754950125442059e+00 2.000000000000000000e+01
2.000000000000000000e+01 1.192819256086696367e+00 2.000000000000000000e+01
2.000000000000000000e+01 1.208278958022839245e+00 2.000000000000000000e+01
2.000000000000000000e+01 1.230629736292998988e+00 2.000000000000000000e+01
2.000000000000000000e+01 1.164394017015374372e+00 2.000000000000000000e+01
2.000000000000000000e+01 1.175936071091812973e+00 2.000000000000000000e+01
2.000000000000000000e+01 1.205614471098709117e+00 2.000000000000000000e+01
2.000000000000000000e+01 1.184543263529643120e+00 2.000000000000000000e+01
2.000000000000000000e+01 1.216300527645934437e+00 2.000000000000000000e+01
2.000000000000000000e+01 1.237507913307999585e+00 2.000000000000000000e+01
2.000000000000000000e+01 1.204011124581668479e+00 2.000000000000000000e+01
2.000000000000000000e+01 1.191615482460341990e+00 2.000000000000000000e+01
2.000000000000000000e+01 1.195799808757110672e+00 2.000000000000000000e+01
2.000000000000000000e+01 1.212843631756734819e+00 2.000000000000000000e+01
2.000000000000000000e+01 1.193717329698149809e+00 2.000000000000000000e+01
2.000000000000000000e+01 1.207656594138478257e+00 2.000000000000000000e+01
4.000000000000000000e+01 1.229775471488478766e+00 4.000000000000000000e+01
4.000000000000000000e+01 1.228653355615723086e+00 4.000000000000000000e+01
4.000000000000000000e+01 1.255589775898712013e+00 4.000000000000000000e+01
4.000000000000000000e+01 1.232737763343017656e+00 4.000000000000000000e+01
4.000000000000000000e+01 1.240045255446055927e+00 4.000000000000000000e+01
4.000000000000000000e+01 1.239806190000034336e+00 4.000000000000000000e+01
4.000000000000000000e+01 1.258370561079429351e+00 4.000000000000000000e+01
4.000000000000000000e+01 1.228071440734569419e+00 4.000000000000000000e+01
4.000000000000000000e+01 1.241203410929553108e+00 4.000000000000000000e+01
4.000000000000000000e+01 1.284586825576579994e+00 4.000000000000000000e+01
4.000000000000000000e+01 1.220897471727592665e+00 4.000000000000000000e+01
4.000000000000000000e+01 1.292767527061555066e+00 4.000000000000000000e+01
4.000000000000000000e+01 1.257740977771892199e+00 4.000000000000000000e+01
4.000000000000000000e+01 1.208203142806279162e+00 4.000000000000000000e+01
4.000000000000000000e+01 1.227025548509022679e+00 4.000000000000000000e+01
4.000000000000000000e+01 1.217720052154320998e+00 4.000000000000000000e+01
4.000000000000000000e+01 1.218415135300418006e+00 4.000000000000000000e+01
4.000000000000000000e+01 1.240701221714840319e+00 4.000000000000000000e+01
4.000000000000000000e+01 1.244042340423870519e+00 4.000000000000000000e+01
4.000000000000000000e+01 1.254748988279237532e+00 4.000000000000000000e+01
4.000000000000000000e+01 1.215327976533448595e+00 4.000000000000000000e+01
4.000000000000000000e+01 1.263007169466774826e+00 4.000000000000000000e+01
4.000000000000000000e+01 1.207758586472133189e+00 4.000000000000000000e+01
4.000000000000000000e+01 1.249654315069734567e+00 4.000000000000000000e+01
4.000000000000000000e+01 1.216163744994354978e+00 4.000000000000000000e+01
4.000000000000000000e+01 1.253790806239323263e+00 4.000000000000000000e+01
4.000000000000000000e+01 1.248090943672094610e+00 4.000000000000000000e+01
4.000000000000000000e+01 1.271300751123640271e+00 4.000000000000000000e+01
4.000000000000000000e+01 1.263069512592914556e+00 4.000000000000000000e+01
4.000000000000000000e+01 1.217462085587813103e+00 4.000000000000000000e+01
4.000000000000000000e+01 1.183576828191538199e+00 4.000000000000000000e+01
4.000000000000000000e+01 1.266339467519274065e+00 4.000000000000000000e+01
4.000000000000000000e+01 1.283084363376558512e+00 4.000000000000000000e+01
4.000000000000000000e+01 1.229067001539632331e+00 4.000000000000000000e+01
4.000000000000000000e+01 1.204039016054517131e+00 4.000000000000000000e+01
4.000000000000000000e+01 1.264094625082185397e+00 4.000000000000000000e+01
4.000000000000000000e+01 1.242822486465191112e+00 4.000000000000000000e+01
4.000000000000000000e+01 1.268720621836635809e+00 4.000000000000000000e+01
4.000000000000000000e+01 1.220603604958747646e+00 4.000000000000000000e+01
4.000000000000000000e+01 1.231408781301626121e+00 4.000000000000000000e+01
4.000000000000000000e+01 1.262952254354492432e+00 4.000000000000000000e+01
4.000000000000000000e+01 1.228866825484429048e+00 4.000000000000000000e+01
4.000000000000000000e+01 1.248009730901542103e+00 4.000000000000000000e+01
4.000000000000000000e+01 1.254509925391647629e+00 4.000000000000000000e+01
4.000000000000000000e+01 1.246263596407196639e+00 4.000000000000000000e+01
4.000000000000000000e+01 1.267585573307896674e+00 4.000000000000000000e+01
4.000000000000000000e+01 1.222655695052238256e+00 4.000000000000000000e+01
4.000000000000000000e+01 1.300257411625300952e+00 4.000000000000000000e+01
4.000000000000000000e+01 1.258498914031641158e+00 4.000000000000000000e+01
4.000000000000000000e+01 1.258018647626107933e+00 4.000000000000000000e+01
4.000000000000000000e+01 1.250785915891122535e+00 4.000000000000000000e+01
4.000000000000000000e+01 1.188003730834718441e+00 4.000000000000000000e+01
4.000000000000000000e+01 1.286416287325926389e+00 4.000000000000000000e+01
4.000000000000000000e+01 1.208952850937579315e+00 4.000000000000000000e+01
4.000000000000000000e+01 1.240785079638951238e+00 4.000000000000000000e+01
4.000000000000000000e+01 1.240691960118650572e+00 4.000000000000000000e+01
4.000000000000000000e+01 1.280261293652926291e+00 4.000000000000000000e+01
4.000000000000000000e+01 1.222293149724227757e+00 4.000000000000000000e+01
4.000000000000000000e+01 1.233579626404460949e+00 4.000000000000000000e+01
4.000000000000000000e+01 1.228740359380157354e+00 4.000000000000000000e+01
4.000000000000000000e+01 1.233466676732616119e+00 4.000000000000000000e+01
4.000000000000000000e+01 1.205345132991507917e+00 4.000000000000000000e+01
4.000000000000000000e+01 1.257660279395580449e+00 4.000000000000000000e+01
4.000000000000000000e+01 1.246276929699246638e+00 4.000000000000000000e+01
4.000000000000000000e+01 1.215638247953376272e+00 4.000000000000000000e+01
4.000000000000000000e+01 1.214079970595638880e+00 4.000000000000000000e+01
4.000000000000000000e+01 1.242320350691485720e+00 4.000000000000000000e+01
4.000000000000000000e+01 1.229870468745827949e+00 4.000000000000000000e+01
4.000000000000000000e+01 1.256383755859333595e+00 4.000000000000000000e+01
4.000000000000000000e+01 1.233381953359723671e+00 4.000000000000000000e+01
4.000000000000000000e+01 1.271101145218579420e+00 4.000000000000000000e+01
4.000000000000000000e+01 1.270621245660919385e+00 4.000000000000000000e+01
4.000000000000000000e+01 1.253620638036310186e+00 4.000000000000000000e+01
4.000000000000000000e+01 1.222092293571007016e+00 4.000000000000000000e+01
4.000000000000000000e+01 1.222793966982094416e+00 4.000000000000000000e+01
4.000000000000000000e+01 1.237636516463196390e+00 4.000000000000000000e+01
4.000000000000000000e+01 1.240026456413075850e+00 4.000000000000000000e+01
4.000000000000000000e+01 1.220007764146715301e+00 4.000000000000000000e+01
4.000000000000000000e+01 1.208771894056922980e+00 4.000000000000000000e+01
4.000000000000000000e+01 1.250286350973610849e+00 4.000000000000000000e+01
4.000000000000000000e+01 1.216405640968107216e+00 4.000000000000000000e+01
4.000000000000000000e+01 1.189296200839522699e+00 4.000000000000000000e+01
4.000000000000000000e+01 1.248296731679042759e+00 4.000000000000000000e+01
4.000000000000000000e+01 1.237604983983711326e+00 4.000000000000000000e+01
4.000000000000000000e+01 1.231594996727402247e+00 4.000000000000000000e+01
4.000000000000000000e+01 1.259981809856712820e+00 4.000000000000000000e+01
4.000000000000000000e+01 1.261419286581062060e+00 4.000000000000000000e+01
4.000000000000000000e+01 1.210754272871102044e+00 4.000000000000000000e+01
4.000000000000000000e+01 1.245325741571654543e+00 4.000000000000000000e+01
4.000000000000000000e+01 1.239660619528677898e+00 4.000000000000000000e+01
4.000000000000000000e+01 1.235936201918422128e+00 4.000000000000000000e+01
4.000000000000000000e+01 1.242377031004013643e+00 4.000000000000000000e+01
4.000000000000000000e+01 1.226229963075599283e+00 4.000000000000000000e+01
4.000000000000000000e+01 1.227257332970420389e+00 4.000000000000000000e+01
4.000000000000000000e+01 1.204102594576236251e+00 4.000000000000000000e+01
4.000000000000000000e+01 1.270871268850104485e+00 4.000000000000000000e+01
4.000000000000000000e+01 1.252017361383459759e+00 4.000000000000000000e+01
4.000000000000000000e+01 1.212018351977601549e+00 4.000000000000000000e+01
4.000000000000000000e+01 1.250171252969657365e+00 4.000000000000000000e+01
4.000000000000000000e+01 1.254053529880185591e+00 4.000000000000000000e+01
4.000000000000000000e+01 1.211235522143556897e+00 4.000000000000000000e+01
4.000000000000000000e+01 1.231099755033202126e+00 4.000000000000000000e+01
4.000000000000000000e+01 1.209925376555461396e+00 4.000000000000000000e+01
4.000000000000000000e+01 1.219335751175271820e+00 4.000000000000000000e+01
4.000000000000000000e+01 1.271474382642945988e+00 4.000000000000000000e+01
4.000000000000000000e+01 1.278179867582214024e+00 4.000000000000000000e+01
4.000000000000000000e+01 1.226964884869235606e+00 4.000000000000000000e+01
4.000000000000000000e+01 1.229454505443575485e+00 4.000000000000000000e+01
4.000000000000000000e+01 1.241735556922084704e+00 4.000000000000000000e+01
4.000000000000000000e+01 1.248181544974591439e+00 4.000000000000000000e+01
4.000000000000000000e+01 1.241767194452271017e+00 4.000000000000000000e+01
4.000000000000000000e+01 1.285799071280661954e+00 4.000000000000000000e+01
4.000000000000000000e+01 1.227377547568886618e+00 4.000000000000000000e+01
4.000000000000000000e+01 1.242072304212948897e+00 4.000000000000000000e+01
4.000000000000000000e+01 1.211299281867760591e+00 4.000000000000000000e+01
4.000000000000000000e+01 1.269052651051470582e+00 4.000000000000000000e+01
4.000000000000000000e+01 1.234542537890623404e+00 4.000000000000000000e+01
4.000000000000000000e+01 1.227932519584422399e+00 4.000000000000000000e+01
4.000000000000000000e+01 1.225408578602827259e+00 4.000000000000000000e+01
4.000000000000000000e+01 1.261944435410356169e+00 4.000000000000000000e+01
4.000000000000000000e+01 1.248071842524894448e+00 4.000000000000000000e+01
4.000000000000000000e+01 1.274326705559167605e+00 4.000000000000000000e+01
4.000000000000000000e+01 1.243934689442332431e+00 4.000000000000000000e+01
4.000000000000000000e+01 1.262613101330266385e+00 4.000000000000000000e+01
4.000000000000000000e+01 1.250294301597936864e+00 4.000000000000000000e+01
4.000000000000000000e+01 1.229986031624529241e+00 4.000000000000000000e+01
4.000000000000000000e+01 1.248274263296296205e+00 4.000000000000000000e+01
4.000000000000000000e+01 1.231704551113868451e+00 4.000000000000000000e+01
4.000000000000000000e+01 1.288407171029386289e+00 4.000000000000000000e+01
4.000000000000000000e+01 1.273312413906724450e+00 4.000000000000000000e+01
4.000000000000000000e+01 1.243075761230873377e+00 4.000000000000000000e+01
4.000000000000000000e+01 1.225187660957059776e+00 4.000000000000000000e+01
4.000000000000000000e+01 1.217566495929496950e+00 4.000000000000000000e+01
4.000000000000000000e+01 1.232160182455890540e+00 4.000000000000000000e+01
4.000000000000000000e+01 1.271157424040666450e+00 4.000000000000000000e+01
4.000000000000000000e+01 1.247216580978803613e+00 4.000000000000000000e+01
4.000000000000000000e+01 1.248224919284626644e+00 4.000000000000000000e+01
4.000000000000000000e+01 1.229682641309782554e+00 4.000000000000000000e+01
4.000000000000000000e+01 1.230813857131078715e+00 4.000000000000000000e+01
4.000000000000000000e+01 1.230612603569742891e+00 4.000000000000000000e+01
4.000000000000000000e+01 1.235782740429368420e+00 4.000000000000000000e+01
4.000000000000000000e+01 1.223065140305333864e+00 4.000000000000000000e+01
4.000000000000000000e+01 1.241939992662889791e+00 4.000000000000000000e+01
4.000000000000000000e+01 1.272562214994225060e+00 4.000000000000000000e+01
4.000000000000000000e+01 1.242224789928304096e+00 4.000000000000000000e+01
4.000000000000000000e+01 1.254862801321819266e+00 4.000000000000000000e+01
4.000000000000000000e+01 1.229650332738620566e+00 4.000000000000000000e+01
4.000000000000000000e+01 1.258398699031782808e+00 4.000000000000000000e+01
4.000000000000000000e+01 1.215560590213007552e+00 4.000000000000000000e+01
4.000000000000000000e+01 1.258390317129961078e+00 4.000000000000000000e+01
4.000000000000000000e+01 1.219305841958927994e+00 4.000000000000000000e+01
4.000000000000000000e+01 1.220506287967757952e+00 4.000000000000000000e+01
4.000000000000000000e+01 1.219408752112325800e+00 4.000000000000000000e+01
4.000000000000000000e+01 1.225645156057368235e+00 4.000000000000000000e+01
4.000000000000000000e+01 1.237880685968434591e+00 4.000000000000000000e+01
4.000000000000000000e+01 1.204066714679993488e+00 4.000000000000000000e+01
4.000000000000000000e+01 1.248092801730095847e+00 4.000000000000000000e+01
4.000000000000000000e+01 1.219205381153232848e+00 4.000000000000000000e+01
4.000000000000000000e+01 1.277381246440605578e+00 4.000000000000000000e+01
4.000000000000000000e+01 1.212619485444281775e+00 4.000000000000000000e+01
4.000000000000000000e+01 1.234516768146134202e+00 4.000000000000000000e+01
4.000000000000000000e+01 1.246509150662363341e+00 4.000000000000000000e+01
4.000000000000000000e+01 1.275208328911961120e+00 4.000000000000000000e+01
4.000000000000000000e+01 1.231343285787702690e+00 4.000000000000000000e+01
4.000000000000000000e+01 1.214177640889453347e+00 4.000000000000000000e+01
4.000000000000000000e+01 1.249853470699572533e+00 4.000000000000000000e+01
4.000000000000000000e+01 1.228581222247966842e+00 4.000000000000000000e+01
4.000000000000000000e+01 1.206771084654003845e+00 4.000000000000000000e+01
4.000000000000000000e+01 1.190507666688150668e+00 4.000000000000000000e+01
4.000000000000000000e+01 1.247688347676111809e+00 4.000000000000000000e+01
4.000000000000000000e+01 1.242877823670473170e+00 4.000000000000000000e+01
4.000000000000000000e+01 1.235951042043288650e+00 4.000000000000000000e+01
4.000000000000000000e+01 1.230306188085946939e+00 4.000000000000000000e+01
4.000000000000000000e+01 1.217273604220786787e+00 4.000000000000000000e+01
4.000000000000000000e+01 1.235246303252157007e+00 4.000000000000000000e+01
4.000000000000000000e+01 1.233541740900726769e+00 4.000000000000000000e+01
4.000000000000000000e+01 1.225968025761591251e+00 4.000000000000000000e+01
4.000000000000000000e+01 1.209482433199720486e+00 4.000000000000000000e+01
4.000000000000000000e+01 1.268725839627591334e+00 4.000000000000000000e+01
4.000000000000000000e+01 1.248709794561975839e+00 4.000000000000000000e+01
4.000000000000000000e+01 1.205537034530678175e+00 4.000000000000000000e+01
4.000000000000000000e+01 1.237582627817539027e+00 4.000000000000000000e+01
4.000000000000000000e+01 1.219508391286236337e+00 4.000000000000000000e+01
4.000000000000000000e+01 1.224716682745914831e+00 4.000000000000000000e+01
4.000000000000000000e+01 1.278598400646157707e+00 4.000000000000000000e+01
4.000000000000000000e+01 1.234770730505087233e+00 4.000000000000000000e+01
4.000000000000000000e+01 1.218122406294944282e+00 4.000000000000000000e+01
4.000000000000000000e+01 1.269389621958277425e+00 4.000000000000000000e+01
4.000000000000000000e+01 1.249292886426563109e+00 4.000000000000000000e+01
4.000000000000000000e+01 1.233601040828909312e+00 4.000000000000000000e+01
4.000000000000000000e+01 1.208916575305922336e+00 4.000000000000000000e+01
4.000000000000000000e+01 1.286390782590283166e+00 4.000000000000000000e+01
4.000000000000000000e+01 1.227488817976368329e+00 4.000000000000000000e+01
4.000000000000000000e+01 1.272541374626561250e+00 4.000000000000000000e+01
4.000000000000000000e+01 1.253610747526098468e+00 4.000000000000000000e+01
4.000000000000000000e+01 1.243314749505398664e+00 4.000000000000000000e+01
4.000000000000000000e+01 1.222311860387695015e+00 4.000000000000000000e+01
4.000000000000000000e+01 1.239187012481516970e+00 4.000000000000000000e+01
4.000000000000000000e+01 1.278224056909522011e+00 4.000000000000000000e+01
4.000000000000000000e+01 1.243613108487597874e+00 4.000000000000000000e+01
4.000000000000000000e+01 1.248251264646226488e+00 4.000000000000000000e+01
4.000000000000000000e+01 1.220654035726048692e+00 4.000000000000000000e+01
4.000000000000000000e+01 1.230398228870842825e+00 4.000000000000000000e+01
4.000000000000000000e+01 1.234318481170928461e+00 4.000000000000000000e+01
4.000000000000000000e+01 1.251654856342557798e+00 4.000000000000000000e+01
4.000000000000000000e+01 1.256150462997427164e+00 4.000000000000000000e+01
4.000000000000000000e+01 1.236404531536332341e+00 4.000000000000000000e+01
4.000000000000000000e+01 1.230339689588731744e+00 4.000000000000000000e+01
4.000000000000000000e+01 1.229064254480238150e+00 4.000000000000000000e+01
4.000000000000000000e+01 1.261648518915183592e+00 4.000000000000000000e+01
4.000000000000000000e+01 1.226645656845340548e+00 4.000000000000000000e+01
4.000000000000000000e+01 1.260897690366161505e+00 4.000000000000000000e+01
4.000000000000000000e+01 1.281427506142616579e+00 4.000000000000000000e+01
4.000000000000000000e+01 1.229540637379397783e+00 4.000000000000000000e+01
4.000000000000000000e+01 1.279721841324490184e+00 4.000000000000000000e+01
4.000000000000000000e+01 1.207059332055033796e+00 4.000000000000000000e+01
4.000000000000000000e+01 1.267226000638705941e+00 4.000000000000000000e+01
4.000000000000000000e+01 1.252056865534586283e+00 4.000000000000000000e+01
4.000000000000000000e+01 1.284068262036211605e+00 4.000000000000000000e+01
4.000000000000000000e+01 1.284082223371759257e+00 4.000000000000000000e+01
4.000000000000000000e+01 1.226679396102936526e+00 4.000000000000000000e+01
4.000000000000000000e+01 1.236926940255770324e+00 4.000000000000000000e+01
4.000000000000000000e+01 1.242788925896728403e+00 4.000000000000000000e+01
4.000000000000000000e+01 1.240249903816502908e+00 4.000000000000000000e+01
4.000000000000000000e+01 1.230923106970222669e+00 4.000000000000000000e+01
4.000000000000000000e+01 1.221195866663138840e+00 4.000000000000000000e+01
4.000000000000000000e+01 1.253988641028985107e+00 4.000000000000000000e+01
4.000000000000000000e+01 1.293667983385584197e+00 4.000000000000000000e+01
4.000000000000000000e+01 1.287912125427861376e+00 4.000000000000000000e+01
4.000000000000000000e+01 1.229220831397126679e+00 4.000000000000000000e+01
4.000000000000000000e+01 1.224318452280008351e+00 4.000000000000000000e+01
4.000000000000000000e+01 1.254796451656629896e+00 4.000000000000000000e+01
4.000000000000000000e+01 1.252745261910154229e+00 4.000000000000000000e+01
4.000000000000000000e+01 1.255730026985934389e+00 4.000000000000000000e+01
4.000000000000000000e+01 1.250254868827858523e+00 4.000000000000000000e+01
4.000000000000000000e+01 1.207794941735426342e+00 4.000000000000000000e+01
4.000000000000000000e+01 1.221041903555281083e+00 4.000000000000000000e+01
4.000000000000000000e+01 1.216385081019546011e+00 4.000000000000000000e+01
4.000000000000000000e+01 1.248338065099196870e+00 4.000000000000000000e+01
4.000000000000000000e+01 1.187403383922426059e+00 4.000000000000000000e+01
4.000000000000000000e+01 1.217885881559717554e+00 4.000000000000000000e+01
4.000000000000000000e+01 1.211921066790478951e+00 4.000000000000000000e+01
4.000000000000000000e+01 1.211553523309831570e+00 4.000000000000000000e+01
4.000000000000000000e+01 1.245594071358140376e+00 4.000000000000000000e+01
4.000000000000000000e+01 1.200261003439406338e+00 4.000000000000000000e+01
4.000000000000000000e+01 1.264471264767373482e+00 4.000000000000000000e+01
4.000000000000000000e+01 1.222776838346722128e+00 4.000000000000000000e+01
4.000000000000000000e+01 1.255396844021325897e+00 4.000000000000000000e+01
4.000000000000000000e+01 1.252946689294125004e+00 4.000000000000000000e+01
4.000000000000000000e+01 1.238521240522918898e+00 4.000000000000000000e+01
4.000000000000000000e+01 1.229130198480633540e+00 4.000000000000000000e+01
4.000000000000000000e+01 1.231863494947158522e+00 4.000000000000000000e+01
4.000000000000000000e+01 1.213805036985276420e+00 4.000000000000000000e+01
4.000000000000000000e+01 1.241397731378836911e+00 4.000000000000000000e+01
4.000000000000000000e+01 1.241293652752375243e+00 4.000000000000000000e+01
4.000000000000000000e+01 1.248326838153653195e+00 4.000000000000000000e+01
4.000000000000000000e+01 1.226152105247339197e+00 4.000000000000000000e+01
4.000000000000000000e+01 1.226525610434511471e+00 4.000000000000000000e+01
4.000000000000000000e+01 1.218419176472932408e+00 4.000000000000000000e+01
4.000000000000000000e+01 1.236930967814448445e+00 4.000000000000000000e+01
4.000000000000000000e+01 1.220157682871451321e+00 4.000000000000000000e+01
4.000000000000000000e+01 1.233384886316271745e+00 4.000000000000000000e+01
4.000000000000000000e+01 1.242568237753143290e+00 4.000000000000000000e+01
4.000000000000000000e+01 1.266269500592754449e+00 4.000000000000000000e+01
4.000000000000000000e+01 1.212046804448031700e+00 4.000000000000000000e+01
4.000000000000000000e+01 1.244686584184652611e+00 4.000000000000000000e+01
4.000000000000000000e+01 1.223675053687889536e+00 4.000000000000000000e+01
4.000000000000000000e+01 1.207285586521513965e+00 4.000000000000000000e+01
4.000000000000000000e+01 1.234700247704911602e+00 4.000000000000000000e+01
4.000000000000000000e+01 1.218394357728613375e+00 4.000000000000000000e+01
4.000000000000000000e+01 1.251808813720757474e+00 4.000000000000000000e+01
4.000000000000000000e+01 1.203168756386991056e+00 4.000000000000000000e+01
4.000000000000000000e+01 1.255393049496158708e+00 4.000000000000000000e+01
4.000000000000000000e+01 1.210318527314590442e+00 4.000000000000000000e+01
4.000000000000000000e+01 1.237570638643685106e+00 4.000000000000000000e+01
4.000000000000000000e+01 1.225242793265573171e+00 4.000000000000000000e+01
4.000000000000000000e+01 1.270345204376238657e+00 4.000000000000000000e+01
4.000000000000000000e+01 1.261705138189528785e+00 4.000000000000000000e+01
4.000000000000000000e+01 1.267053973123072996e+00 4.000000000000000000e+01
4.000000000000000000e+01 1.213546869528433714e+00 4.000000000000000000e+01
4.000000000000000000e+01 1.247831995691091711e+00 4.000000000000000000e+01
4.000000000000000000e+01 1.225898740474648863e+00 4.000000000000000000e+01
4.000000000000000000e+01 1.200895958203219926e+00 4.000000000000000000e+01
4.000000000000000000e+01 1.284560349625998521e+00 4.000000000000000000e+01
4.000000000000000000e+01 1.278095570805815484e+00 4.000000000000000000e+01
4.000000000000000000e+01 1.231331146149884814e+00 4.000000000000000000e+01
4.000000000000000000e+01 1.272125138448138237e+00 4.000000000000000000e+01
4.000000000000000000e+01 1.211222676919425201e+00 4.000000000000000000e+01
4.000000000000000000e+01 1.226982810381512135e+00 4.000000000000000000e+01
4.000000000000000000e+01 1.216618534709199340e+00 4.000000000000000000e+01
4.000000000000000000e+01 1.248108219904537686e+00 4.000000000000000000e+01
4.000000000000000000e+01 1.228264419447563371e+00 4.000000000000000000e+01
4.000000000000000000e+01 1.231915388734894146e+00 4.000000000000000000e+01
4.000000000000000000e+01 1.279594140736780794e+00 4.000000000000000000e+01
4.000000000000000000e+01 1.251538127163674741e+00 4.000000000000000000e+01
4.000000000000000000e+01 1.230987929070425535e+00 4.000000000000000000e+01
4.000000000000000000e+01 1.202849836646769477e+00 4.000000000000000000e+01
4.000000000000000000e+01 1.237715329655372010e+00 4.000000000000000000e+01
4.000000000000000000e+01 1.256032734396125283e+00 4.000000000000000000e+01
4.000000000000000000e+01 1.220329735152998918e+00 4.000000000000000000e+01
4.000000000000000000e+01 1.231393473083923107e+00 4.000000000000000000e+01
4.000000000000000000e+01 1.231425603795883283e+00 4.000000000000000000e+01
4.000000000000000000e+01 1.264032716892320662e+00 4.000000000000000000e+01
4.000000000000000000e+01 1.271283832067586772e+00 4.000000000000000000e+01
4.000000000000000000e+01 1.227484738563164202e+00 4.000000000000000000e+01
4.000000000000000000e+01 1.271169196642278010e+00 4.000000000000000000e+01
4.000000000000000000e+01 1.226673843982777790e+00 4.000000000000000000e+01
4.000000000000000000e+01 1.269026247912700356e+00 4.000000000000000000e+01
4.000000000000000000e+01 1.229157020475940110e+00 4.000000000000000000e+01
4.000000000000000000e+01 1.230107469848521484e+00 4.000000000000000000e+01
4.000000000000000000e+01 1.236775508507020671e+00 4.000000000000000000e+01
4.000000000000000000e+01 1.219141246963833858e+00 4.000000000000000000e+01
4.000000000000000000e+01 1.226253341507474781e+00 4.000000000000000000e+01
4.000000000000000000e+01 1.232116823935809347e+00 4.000000000000000000e+01
4.000000000000000000e+01 1.234518816400932417e+00 4.000000000000000000e+01
4.000000000000000000e+01 1.254155455356405158e+00 4.000000000000000000e+01
4.000000000000000000e+01 1.234181282232231780e+00 4.000000000000000000e+01
4.000000000000000000e+01 1.245499238011101406e+00 4.000000000000000000e+01
4.000000000000000000e+01 1.268217981574607967e+00 4.000000000000000000e+01
4.000000000000000000e+01 1.212188361654774393e+00 4.000000000000000000e+01
4.000000000000000000e+01 1.228052116578810082e+00 4.000000000000000000e+01
4.000000000000000000e+01 1.240203252695383229e+00 4.000000000000000000e+01
4.000000000000000000e+01 1.254774322046985358e+00 4.000000000000000000e+01
4.000000000000000000e+01 1.223195633026747720e+00 4.000000000000000000e+01
4.000000000000000000e+01 1.186350791884601463e+00 4.000000000000000000e+01
4.000000000000000000e+01 1.220584927693475930e+00 4.000000000000000000e+01
4.000000000000000000e+01 1.253450868643255722e+00 4.000000000000000000e+01
4.000000000000000000e+01 1.239735480634474474e+00 4.000000000000000000e+01
4.000000000000000000e+01 1.247544216127796757e+00 4.000000000000000000e+01
4.000000000000000000e+01 1.235029758869464089e+00 4.000000000000000000e+01
4.000000000000000000e+01 1.241887306654623879e+00 4.000000000000000000e+01
4.000000000000000000e+01 1.259964168134297680e+00 4.000000000000000000e+01
4.000000000000000000e+01 1.246423026165153658e+00 4.000000000000000000e+01
4.000000000000000000e+01 1.220008629303018788e+00 4.000000000000000000e+01
4.000000000000000000e+01 1.236915447411615077e+00 4.000000000000000000e+01
4.000000000000000000e+01 1.268188556270632317e+00 4.000000000000000000e+01
4.000000000000000000e+01 1.219001884428512650e+00 4.000000000000000000e+01
4.000000000000000000e+01 1.228644078101020609e+00 4.000000000000000000e+01
4.000000000000000000e+01 1.259975983889389139e+00 4.000000000000000000e+01
4.000000000000000000e+01 1.281456067533749188e+00 4.000000000000000000e+01
4.000000000000000000e+01 1.228508021754023405e+00 4.000000000000000000e+01
4.000000000000000000e+01 1.255706260239455307e+00 4.000000000000000000e+01
4.000000000000000000e+01 1.217001508697574952e+00 4.000000000000000000e+01
4.000000000000000000e+01 1.225662537535599617e+00 4.000000000000000000e+01
4.000000000000000000e+01 1.260153229757238202e+00 4.000000000000000000e+01
4.000000000000000000e+01 1.214607390245999508e+00 4.000000000000000000e+01
4.000000000000000000e+01 1.255642341208401680e+00 4.000000000000000000e+01
4.000000000000000000e+01 1.238301218529071601e+00 4.000000000000000000e+01
4.000000000000000000e+01 1.223867516869862282e+00 4.000000000000000000e+01
4.000000000000000000e+01 1.237048466742507014e+00 4.000000000000000000e+01
4.000000000000000000e+01 1.254936732125050414e+00 4.000000000000000000e+01
4.000000000000000000e+01 1.221683146995029334e+00 4.000000000000000000e+01
4.000000000000000000e+01 1.281641985923329452e+00 4.000000000000000000e+01
4.000000000000000000e+01 1.248779684859179451e+00 4.000000000000000000e+01
4.000000000000000000e+01 1.269687093757477347e+00 4.000000000000000000e+01
4.000000000000000000e+01 1.208184414395444550e+00 4.000000000000000000e+01
4.000000000000000000e+01 1.237047807306421054e+00 4.000000000000000000e+01
4.000000000000000000e+01 1.249664998955732909e+00 4.000000000000000000e+01
4.000000000000000000e+01 1.280744866331954501e+00 4.000000000000000000e+01
4.000000000000000000e+01 1.224354703517056331e+00 4.000000000000000000e+01
4.000000000000000000e+01 1.224376649235760839e+00 4.000000000000000000e+01
4.000000000000000000e+01 1.240432580305016463e+00 4.000000000000000000e+01
4.000000000000000000e+01 1.237204349862122132e+00 4.000000000000000000e+01
4.000000000000000000e+01 1.230098846241911348e+00 4.000000000000000000e+01
4.000000000000000000e+01 1.251456533901077917e+00 4.000000000000000000e+01
4.000000000000000000e+01 1.233870567471575530e+00 4.000000000000000000e+01
4.000000000000000000e+01 1.202283970144732983e+00 4.000000000000000000e+01
4.000000000000000000e+01 1.252368519462108143e+00 4.000000000000000000e+01
4.000000000000000000e+01 1.223275777036245682e+00 4.000000000000000000e+01
4.000000000000000000e+01 1.225610710263563607e+00 4.000000000000000000e+01
4.000000000000000000e+01 1.241668252777236692e+00 4.000000000000000000e+01
4.000000000000000000e+01 1.234495010604375054e+00 4.000000000000000000e+01
4.000000000000000000e+01 1.244370632843352587e+00 4.000000000000000000e+01
4.000000000000000000e+01 1.214564193736555664e+00 4.000000000000000000e+01
4.000000000000000000e+01 1.259538026357575946e+00 4.000000000000000000e+01
4.000000000000000000e+01 1.213338991087934193e+00 4.000000000000000000e+01
4.000000000000000000e+01 1.260581916431175120e+00 4.000000000000000000e+01
4.000000000000000000e+01 1.199686385087194607e+00 4.000000000000000000e+01
4.000000000000000000e+01 1.258990853914097263e+00 4.000000000000000000e+01
4.000000000000000000e+01 1.244440061064121528e+00 4.000000000000000000e+01
4.000000000000000000e+01 1.286013071483302017e+00 4.000000000000000000e+01
4.000000000000000000e+01 1.223777683864594179e+00 4.000000000000000000e+01
4.000000000000000000e+01 1.242247092968966182e+00 4.000000000000000000e+01
4.000000000000000000e+01 1.247611019373652486e+00 4.000000000000000000e+01
4.000000000000000000e+01 1.238132443714760722e+00 4.000000000000000000e+01
4.000000000000000000e+01 1.213832711283957977e+00 4.000000000000000000e+01
4.000000000000000000e+01 1.216274549598098442e+00 4.000000000000000000e+01
4.000000000000000000e+01 1.267054849489279045e+00 4.000000000000000000e+01
4.000000000000000000e+01 1.259792339813676998e+00 4.000000000000000000e+01
4.000000000000000000e+01 1.252844673559814437e+00 4.000000000000000000e+01
4.000000000000000000e+01 1.272133490109438991e+00 4.000000000000000000e+01
4.000000000000000000e+01 1.244981138668183718e+00 4.000000000000000000e+01
4.000000000000000000e+01 1.247486857521592052e+00 4.000000000000000000e+01
4.000000000000000000e+01 1.243759517612101240e+00 4.000000000000000000e+01
4.000000000000000000e+01 1.230379069811316617e+00 4.000000000000000000e+01
4.000000000000000000e+01 1.291574856335478527e+00 4.000000000000000000e+01
4.000000000000000000e+01 1.259599694772756351e+00 4.000000000000000000e+01
4.000000000000000000e+01 1.282684260568452750e+00 4.000000000000000000e+01
4.000000000000000000e+01 1.270760089808102400e+00 4.000000000000000000e+01
4.000000000000000000e+01 1.269835755236541353e+00 4.000000000000000000e+01
4.000000000000000000e+01 1.251974384548916630e+00 4.000000000000000000e+01
4.000000000000000000e+01 1.230368989148837633e+00 4.000000000000000000e+01
4.000000000000000000e+01 1.250754581968257728e+00 4.000000000000000000e+01
4.000000000000000000e+01 1.195723910849869398e+00 4.000000000000000000e+01
4.000000000000000000e+01 1.231348484552273748e+00 4.000000000000000000e+01
4.000000000000000000e+01 1.229243269288048612e+00 4.000000000000000000e+01
4.000000000000000000e+01 1.269051917968379684e+00 4.000000000000000000e+01
4.000000000000000000e+01 1.219304595147800097e+00 4.000000000000000000e+01
4.000000000000000000e+01 1.257349087750089023e+00 4.000000000000000000e+01
4.000000000000000000e+01 1.266562703613215435e+00 4.000000000000000000e+01
4.000000000000000000e+01 1.235501461176251592e+00 4.000000000000000000e+01
4.000000000000000000e+01 1.283964025531266540e+00 4.000000000000000000e+01
4.000000000000000000e+01 1.226819877830189309e+00 4.000000000000000000e+01
4.000000000000000000e+01 1.228004185548805749e+00 4.000000000000000000e+01
4.000000000000000000e+01 1.218235024632727370e+00 4.000000000000000000e+01
4.000000000000000000e+01 1.239957108512497408e+00 4.000000000000000000e+01
4.000000000000000000e+01 1.221992628352575272e+00 4.000000000000000000e+01
4.000000000000000000e+01 1.255125874726273016e+00 4.000000000000000000e+01
4.000000000000000000e+01 1.248350275771421991e+00 4.000000000000000000e+01
4.000000000000000000e+01 1.261765379527892028e+00 4.000000000000000000e+01
4.000000000000000000e+01 1.253366195950538442e+00 4.000000000000000000e+01
4.000000000000000000e+01 1.239463093678809802e+00 4.000000000000000000e+01
4.000000000000000000e+01 1.244298962008869802e+00 4.000000000000000000e+01
4.000000000000000000e+01 1.264308397517530658e+00 4.000000000000000000e+01
4.000000000000000000e+01 1.287014417774311248e+00 4.000000000000000000e+01
4.000000000000000000e+01 1.269211789083594555e+00 4.000000000000000000e+01
4.000000000000000000e+01 1.254222832006686161e+00 4.000000000000000000e+01
4.000000000000000000e+01 1.255635538655279992e+00 4.000000000000000000e+01
4.000000000000000000e+01 1.264268794553600417e+00 4.000000000000000000e+01
4.000000000000000000e+01 1.264548024081657784e+00 4.000000000000000000e+01
4.000000000000000000e+01 1.266577254116456164e+00 4.000000000000000000e+01
4.000000000000000000e+01 1.230044416761995718e+00 4.000000000000000000e+01
4.000000000000000000e+01 1.255712748292337144e+00 4.000000000000000000e+01
4.000000000000000000e+01 1.253374141981115297e+00 4.000000000000000000e+01
4.000000000000000000e+01 1.241525960032942022e+00 4.000000000000000000e+01
4.000000000000000000e+01 1.233761035107116211e+00 4.000000000000000000e+01
4.000000000000000000e+01 1.201796754922586974e+00 4.000000000000000000e+01
4.000000000000000000e+01 1.267704144386083032e+00 4.000000000000000000e+01
4.000000000000000000e+01 1.220695724567220086e+00 4.000000000000000000e+01
4.000000000000000000e+01 1.279595341505727069e+00 4.000000000000000000e+01
4.000000000000000000e+01 1.221096042530992021e+00 4.000000000000000000e+01
4.000000000000000000e+01 1.265887144766470573e+00 4.000000000000000000e+01
4.000000000000000000e+01 1.219030736862694475e+00 4.000000000000000000e+01
4.000000000000000000e+01 1.245439538674472102e+00 4.000000000000000000e+01
4.000000000000000000e+01 1.220439694184639823e+00 4.000000000000000000e+01
4.000000000000000000e+01 1.227017890925406807e+00 4.000000000000000000e+01
4.000000000000000000e+01 1.233660626987937325e+00 4.000000000000000000e+01
4.000000000000000000e+01 1.269718438615309086e+00 4.000000000000000000e+01
4.000000000000000000e+01 1.202904421142168223e+00 4.000000000000000000e+01
4.000000000000000000e+01 1.241078626631871851e+00 4.000000000000000000e+01
4.000000000000000000e+01 1.245825665829487727e+00 4.000000000000000000e+01
4.000000000000000000e+01 1.229859121603521510e+00 4.000000000000000000e+01
4.000000000000000000e+01 1.208575634725997938e+00 4.000000000000000000e+01
4.000000000000000000e+01 1.250482089848404588e+00 4.000000000000000000e+01
4.000000000000000000e+01 1.247249749342795422e+00 4.000000000000000000e+01
4.000000000000000000e+01 1.268635514721903057e+00 4.000000000000000000e+01
4.000000000000000000e+01 1.208829494556927342e+00 4.000000000000000000e+01
4.000000000000000000e+01 1.275658059630232932e+00 4.000000000000000000e+01
4.000000000000000000e+01 1.219028837225565542e+00 4.000000000000000000e+01
4.000000000000000000e+01 1.247677662345692884e+00 4.000000000000000000e+01
4.000000000000000000e+01 1.242142807194223764e+00 4.000000000000000000e+01
4.000000000000000000e+01 1.212088314730679350e+00 4.000000000000000000e+01
4.000000000000000000e+01 1.237571958325063282e+00 4.000000000000000000e+01
4.000000000000000000e+01 1.267207345972257260e+00 4.000000000000000000e+01
4.000000000000000000e+01 1.216951127462538862e+00 4.000000000000000000e+01
4.000000000000000000e+01 1.275564483603875754e+00 4.000000000000000000e+01
4.000000000000000000e+01 1.253785790283569623e+00 4.000000000000000000e+01
4.000000000000000000e+01 1.255830143766219376e+00 4.000000000000000000e+01
4.000000000000000000e+01 1.236108286396874867e+00 4.000000000000000000e+01
4.000000000000000000e+01 1.263961932304549673e+00 4.000000000000000000e+01
4.000000000000000000e+01 1.247941698576095382e+00 4.000000000000000000e+01
4.000000000000000000e+01 1.217088787510237413e+00 4.000000000000000000e+01
4.000000000000000000e+01 1.238872249420393867e+00 4.000000000000000000e+01
4.000000000000000000e+01 1.236953548275144810e+00 4.000000000000000000e+01
4.000000000000000000e+01 1.258865005184411689e+00 4.000000000000000000e+01
4.000000000000000000e+01 1.291940928483189532e+00 4.000000000000000000e+01
4.000000000000000000e+01 1.269819497158428678e+00 4.000000000000000000e+01
4.000000000000000000e+01 1.214133075225439784e+00 4.000000000000000000e+01
4.000000000000000000e+01 1.262946110450683168e+00 4.000000000000000000e+01
4.000000000000000000e+01 1.228289706959160732e+00 4.000000000000000000e+01
4.000000000000000000e+01 1.245411705905619115e+00 4.000000000000000000e+01
4.000000000000000000e+01 1.239248507752917616e+00 4.000000000000000000e+01
4.000000000000000000e+01 1.230520684838304568e+00 4.000000000000000000e+01
4.000000000000000000e+01 1.197956484041435399e+00 4.000000000000000000e+01
4.000000000000000000e+01 1.270895354730946503e+00 4.000000000000000000e+01
4.000000000000000000e+01 1.262771765412903591e+00 4.000000000000000000e+01
4.000000000000000000e+01 1.228926442935941665e+00 4.000000000000000000e+01
4.000000000000000000e+01 1.249857448183801623e+00 4.000000000000000000e+01
4.000000000000000000e+01 1.238244283553002090e+00 4.000000000000000000e+01
4.000000000000000000e+01 1.248217128767053818e+00 4.000000000000000000e+01
4.000000000000000000e+01 1.253925998864668268e+00 4.000000000000000000e+01
4.000000000000000000e+01 1.215971723352234246e+00 4.000000000000000000e+01
4.000000000000000000e+01 1.228252757284705954e+00 4.000000000000000000e+01
4.000000000000000000e+01 1.275106821841339944e+00 4.000000000000000000e+01
4.000000000000000000e+01 1.224021874079020300e+00 4.000000000000000000e+01
4.000000000000000000e+01 1.225147239917127706e+00 4.000000000000000000e+01
4.000000000000000000e+01 1.235418106890582957e+00 4.000000000000000000e+01
4.000000000000000000e+01 1.226879102098946683e+00 4.000000000000000000e+01
4.000000000000000000e+01 1.224482641532063321e+00 4.000000000000000000e+01
4.000000000000000000e+01 1.292520531468017486e+00 4.000000000000000000e+01
7.800000000000000000e+01 1.250426748416667566e+00 7.800000000000000000e+01
8.000000000000000000e+01 1.272138263972850902e+00 8.000000000000000000e+01
1.600000000000000000e+01 1.208404958512087291e+00 1.600000000000000000e+01
7.000000000000000000e+01 1.304519722713268326e+00 7.000000000000000000e+01
3.900000000000000000e+01 1.200923428835008799e+00 3.900000000000000000e+01
9.100000000000000000e+01 1.271798503723612361e+00 9.100000000000000000e+01
2.300000000000000000e+01 1.241869426510285424e+00 2.300000000000000000e+01
9.100000000000000000e+01 1.258911173227917901e+00 9.100000000000000000e+01
7.100000000000000000e+01 1.255339299529846020e+00 7.100000000000000000e+01
7.100000000000000000e+01 1.260989102140034346e+00 7.100000000000000000e+01
7.300000000000000000e+01 1.280962454895156366e+00 7.300000000000000000e+01
3.200000000000000000e+01 1.228169220126402728e+00 3.200000000000000000e+01
3.300000000000000000e+01 1.251518950220640081e+00 3.300000000000000000e+01
5.300000000000000000e+01 1.277189167706107353e+00 5.300000000000000000e+01
2.700000000000000000e+01 1.224109497619982445e+00 2.700000000000000000e+01
6.100000000000000000e+01 1.230660006184717714e+00 6.100000000000000000e+01
2.800000000000000000e+01 1.273487865114871997e+00 2.800000000000000000e+01
7.300000000000000000e+01 1.279262643367485630e+00 7.300000000000000000e+01
2.600000000000000000e+01 1.274335469938021825e+00 2.600000000000000000e+01
8.900000000000000000e+01 1.295445516703836120e+00 8.900000000000000000e+01
4.400000000000000000e+01 1.226048919349588262e+00 4.400000000000000000e+01
6.500000000000000000e+01 1.232770765648121714e+00 6.500000000000000000e+01
2.600000000000000000e+01 1.205262468844554791e+00 2.600000000000000000e+01
1.400000000000000000e+01 1.220235605700944470e+00 1.400000000000000000e+01
7.900000000000000000e+01 1.258190422929732710e+00 7.900000000000000000e+01
1.600000000000000000e+01 1.175289855595905930e+00 1.600000000000000000e+01
6.500000000000000000e+01 1.264774242141350813e+00 6.500000000000000000e+01
9.000000000000000000e+00 1.155616906919279874e+00 9.000000000000000000e+00
2.500000000000000000e+01 1.223404360683709946e+00 2.500000000000000000e+01
8.200000000000000000e+01 1.246383927950596604e+00 8.200000000000000000e+01
5.300000000000000000e+01 1.251346725504487889e+00 5.300000000000000000e+01
2.500000000000000000e+01 1.256899677844383945e+00 2.500000000000000000e+01
9.100000000000000000e+01 1.246987016035820295e+00 9.100000000000000000e+01
7.600000000000000000e+01 1.307195055785308035e+00 7.600000000000000000e+01
5.700000000000000000e+01 1.298955245777710932e+00 5.700000000000000000e+01
7.200000000000000000e+01 1.274263672789530677e+00 7.200000000000000000e+01
6.400000000000000000e+01 1.287075962123540140e+00 6.400000000000000000e+01
4.900000000000000000e+01 1.224503759862910712e+00 4.900000000000000000e+01
7.500000000000000000e+01 1.257210360663884918e+00 7.500000000000000000e+01
1.600000000000000000e+01 1.159488989683573612e+00 1.600000000000000000e+01
8.600000000000000000e+01 1.246409927348428148e+00 8.600000000000000000e+01
3.600000000000000000e+01 1.252305876054914391e+00 3.600000000000000000e+01
2.300000000000000000e+01 1.242981621936633641e+00 2.300000000000000000e+01
8.800000000000000000e+01 1.258054499743195054e+00 8.800000000000000000e+01
8.500000000000000000e+01 1.265017073297231009e+00 8.500000000000000000e+01
3.200000000000000000e+01 1.255719751572792697e+00 3.200000000000000000e+01
6.400000000000000000e+01 1.255525259165063634e+00 6.400000000000000000e+01
3.000000000000000000e+00 1.102612081963536106e+00 3.000000000000000000e+00
7.300000000000000000e+01 1.240433116939690716e+00 7.300000000000000000e+01
8.000000000000000000e+01 1.263864381104071066e+00 8.000000000000000000e+01
6.000000000000000000e+01 1.286547234139749696e+00 6.000000000000000000e+01
5.900000000000000000e+01 1.238816020191365830e+00 5.900000000000000000e+01
8.800000000000000000e+01 1.287142249962520468e+00 8.800000000000000000e+01
3.800000000000000000e+01 1.252072748412547787e+00 3.800000000000000000e+01
4.400000000000000000e+01 1.274559914113439163e+00 4.400000000000000000e+01
6.000000000000000000e+01 1.259070917050423066e+00 6.000000000000000000e+01
2.400000000000000000e+01 1.198152084998988176e+00 2.400000000000000000e+01
6.200000000000000000e+01 1.285635022757428692e+00 6.200000000000000000e+01
6.500000000000000000e+01 1.269416337436719555e+00 6.500000000000000000e+01
5.700000000000000000e+01 1.247864727981880639e+00 5.700000000000000000e+01
1.200000000000000000e+01 1.188138315605036022e+00 1.200000000000000000e+01
7.300000000000000000e+01 1.314268529194634327e+00 7.300000000000000000e+01
6.300000000000000000e+01 1.256772159785691567e+00 6.300000000000000000e+01
4.600000000000000000e+01 1.252613469057371365e+00 4.600000000000000000e+01
9.300000000000000000e+01 1.263031363644222083e+00 9.300000000000000000e+01
9.400000000000000000e+01 1.255782231946966476e+00 9.400000000000000000e+01
5.600000000000000000e+01 1.285091171878399940e+00 5.600000000000000000e+01
2.900000000000000000e+01 1.247951294232247932e+00 2.900000000000000000e+01
6.800000000000000000e+01 1.249590109617581879e+00 6.800000000000000000e+01
3.500000000000000000e+01 1.246154914177992179e+00 3.500000000000000000e+01
4.800000000000000000e+01 1.258713371319720720e+00 4.800000000000000000e+01
7.800000000000000000e+01 1.288304435229600697e+00 7.800000000000000000e+01
7.500000000000000000e+01 1.254057995677873016e+00 7.500000000000000000e+01
3.100000000000000000e+01 1.278532649011861588e+00 3.100000000000000000e+01
3.200000000000000000e+01 1.267514331237425740e+00 3.200000000000000000e+01
6.300000000000000000e+01 1.286446427522816904e+00 6.300000000000000000e+01
5.100000000000000000e+01 1.268831497609861358e+00 5.100000000000000000e+01
9.700000000000000000e+01 1.283645015115085997e+00 9.700000000000000000e+01
7.600000000000000000e+01 1.276573714004818783e+00 7.600000000000000000e+01
5.200000000000000000e+01 1.269232692623622594e+00 5.200000000000000000e+01
5.600000000000000000e+01 1.242200934604714924e+00 5.600000000000000000e+01
4.100000000000000000e+01 1.265834081952877277e+00 4.100000000000000000e+01
4.900000000000000000e+01 1.226554812629443214e+00 4.900000000000000000e+01
7.700000000000000000e+01 1.225937968157360336e+00 7.700000000000000000e+01
2.100000000000000000e+01 1.215471755175493218e+00 2.100000000000000000e+01
5.500000000000000000e+01 1.249775531003050721e+00 5.500000000000000000e+01
4.200000000000000000e+01 1.260043468575031245e+00 4.200000000000000000e+01
7.400000000000000000e+01 1.283293163316688190e+00 7.400000000000000000e+01
7.300000000000000000e+01 1.244231803669111569e+00 7.300000000000000000e+01
1.200000000000000000e+01 1.167336486662045703e+00 1.200000000000000000e+01
1.800000000000000000e+01 1.202206445324367046e+00 1.800000000000000000e+01
1.500000000000000000e+01 1.220708736338669276e+00 1.500000000000000000e+01
4.600000000000000000e+01 1.271495826548081576e+00 4.600000000000000000e+01
2.700000000000000000e+01 1.197505162421830915e+00 2.700000000000000000e+01
1.200000000000000000e+01 1.214306021068020547e+00 1.200000000000000000e+01
5.600000000000000000e+01 1.261693889443493255e+00 5.600000000000000000e+01
3.700000000000000000e+01 1.227920427185835495e+00 3.700000000000000000e+01
5.300000000000000000e+01 1.243166724775315091e+00 5.300000000000000000e+01
2.200000000000000000e+01 1.219039963292160467e+00 2.200000000000000000e+01
2.600000000000000000e+01 1.179216075537043773e+00 2.600000000000000000e+01
8.600000000000000000e+01 1.260341161660858189e+00 8.600000000000000000e+01
9.900000000000000000e+01 1.296305998920325830e+00 9.900000000000000000e+01
8.200000000000000000e+01 1.232798007426966436e+00 8.200000000000000000e+01
6.000000000000000000e+01 1.255000321590812762e+00 6.000000000000000000e+01
2.400000000000000000e+01 1.260428189364593887e+00 2.400000000000000000e+01
7.400000000000000000e+01 1.252093001899035274e+00 7.400000000000000000e+01
7.300000000000000000e+01 1.262096005344901739e+00 7.300000000000000000e+01
6.800000000000000000e+01 1.280562532788215968e+00 6.800000000000000000e+01
3.100000000000000000e+01 1.259199950585322636e+00 3.100000000000000000e+01
1.100000000000000000e+01 1.188231041285252587e+00 1.100000000000000000e+01
4.500000000000000000e+01 1.218213514173507317e+00 4.500000000000000000e+01
3.800000000000000000e+01 1.249663041436571476e+00 3.800000000000000000e+01
3.100000000000000000e+01 1.250848360040295315e+00 3.100000000000000000e+01
2.800000000000000000e+01 1.254178479218337028e+00 2.800000000000000000e+01
4.400000000000000000e+01 1.225560386733791196e+00 4.400000000000000000e+01
1.900000000000000000e+01 1.185367265724892816e+00 1.900000000000000000e+01
9.400000000000000000e+01 1.250257168400185304e+00 9.400000000000000000e+01
2.300000000000000000e+01 1.200517129626133439e+00 2.300000000000000000e+01
2.000000000000000000e+00 1.068932778744336121e+00 2.000000000000000000e+00
4.000000000000000000e+01 1.247945036652495565e+00 4.000000000000000000e+01
1.500000000000000000e+01 1.186334486018284951e+00 1.500000000000000000e+01
8.200000000000000000e+01 1.257637882922000294e+00 8.200000000000000000e+01
4.900000000000000000e+01 1.281666566427447806e+00 4.900000000000000000e+01
6.500000000000000000e+01 1.269027042354497592e+00 6.500000000000000000e+01
7.600000000000000000e+01 1.294825248993291655e+00 7.600000000000000000e+01
8.800000000000000000e+01 1.275558994425920689e+00 8.800000000000000000e+01
8.100000000000000000e+01 1.256755291156503196e+00 8.100000000000000000e+01
4.700000000000000000e+01 1.279790556094385190e+00 4.700000000000000000e+01
9.400000000000000000e+01 1.282856486946065244e+00 9.400000000000000000e+01
8.200000000000000000e+01 1.289474925917048820e+00 8.200000000000000000e+01
1.600000000000000000e+01 1.189122319150707652e+00 1.600000000000000000e+01
3.700000000000000000e+01 1.255367103869051482e+00 3.700000000000000000e+01
1.000000000000000000e+01 1.146379244265423258e+00 1.000000000000000000e+01
5.200000000000000000e+01 1.263845653005789327e+00 5.200000000000000000e+01
5.800000000000000000e+01 1.262429726220898107e+00 5.800000000000000000e+01
9.700000000000000000e+01 1.266762528012649769e+00 9.700000000000000000e+01
2.700000000000000000e+01 1.237549770344327449e+00 2.700000000000000000e+01
8.900000000000000000e+01 1.281896870065055483e+00 8.900000000000000000e+01
5.400000000000000000e+01 1.251145095525022954e+00 5.400000000000000000e+01
2.300000000000000000e+01 1.198457494621623542e+00 2.300000000000000000e+01
9.600000000000000000e+01 1.283123241479985577e+00 9.600000000000000000e+01
4.100000000000000000e+01 1.238748636595050634e+00 4.100000000000000000e+01
8.700000000000000000e+01 1.266957806497293948e+00 8.700000000000000000e+01
1.200000000000000000e+01 1.209802911855235363e+00 1.200000000000000000e+01
8.300000000000000000e+01 1.251565180488067197e+00 8.300000000000000000e+01
8.800000000000000000e+01 1.307058081721579557e+00 8.800000000000000000e+01
7.500000000000000000e+01 1.257661436098979957e+00 7.500000000000000000e+01
9.000000000000000000e+00 1.184504299093450896e+00 9.000000000000000000e+00
9.300000000000000000e+01 1.262554117169852441e+00 9.300000000000000000e+01
2.200000000000000000e+01 1.239955816301322011e+00 2.200000000000000000e+01
5.600000000000000000e+01 1.259356284111283530e+00 5.600000000000000000e+01
4.000000000000000000e+00 1.096407255321164342e+00 4.000000000000000000e+00
4.700000000000000000e+01 1.220899412717050048e+00 4.700000000000000000e+01
3.900000000000000000e+01 1.248343323136766658e+00 3.900000000000000000e+01
5.000000000000000000e+01 1.288181902678539048e+00 5.000000000000000000e+01
5.700000000000000000e+01 1.251483475580340121e+00 5.700000000000000000e+01
9.100000000000000000e+01 1.257724577419712331e+00 9.100000000000000000e+01
6.900000000000000000e+01 1.258233813163581738e+00 6.900000000000000000e+01
4.400000000000000000e+01 1.255380822733333845e+00 4.400000000000000000e+01
7.000000000000000000e+01 1.264437548036697390e+00 7.000000000000000000e+01
7.400000000000000000e+01 1.288263606964302976e+00 7.400000000000000000e+01
7.000000000000000000e+01 1.239454453834674119e+00 7.000000000000000000e+01
7.800000000000000000e+01 1.304336043876156870e+00 7.800000000000000000e+01
4.600000000000000000e+01 1.218145268743424658e+00 4.600000000000000000e+01
6.900000000000000000e+01 1.249201609946939850e+00 6.900000000000000000e+01
5.600000000000000000e+01 1.277282483537871327e+00 5.600000000000000000e+01
8.000000000000000000e+00 1.142133876972024176e+00 8.000000000000000000e+00
7.900000000000000000e+01 1.232091729812440528e+00 7.900000000000000000e+01
2.900000000000000000e+01 1.225669034129077017e+00 2.900000000000000000e+01
1.900000000000000000e+01 1.236916558456613746e+00 1.900000000000000000e+01
6.800000000000000000e+01 1.252583643637866118e+00 6.800000000000000000e+01
1.000000000000000000e+01 1.193498188105230673e+00 1.000000000000000000e+01
2.000000000000000000e+00 1.068932778744336121e+00 2.000000000000000000e+00
7.300000000000000000e+01 1.268975311542543727e+00 7.300000000000000000e+01
1.200000000000000000e+01 1.180323853926315447e+00 1.200000000000000000e+01
7.700000000000000000e+01 1.260627023967934024e+00 7.700000000000000000e+01
1.500000000000000000e+01 1.208223439129154864e+00 1.500000000000000000e+01
9.500000000000000000e+01 1.263149617112630185e+00 9.500000000000000000e+01
3.800000000000000000e+01 1.235188414820070468e+00 3.800000000000000000e+01
9.800000000000000000e+01 1.327422823088863835e+00 9.800000000000000000e+01
4.500000000000000000e+01 1.200454620016106588e+00 4.500000000000000000e+01
4.400000000000000000e+01 1.232829253351417576e+00 4.400000000000000000e+01
5.300000000000000000e+01 1.294251716052851942e+00 5.300000000000000000e+01
9.100000000000000000e+01 1.254568380212583545e+00 9.100000000000000000e+01
3.700000000000000000e+01 1.249842604489340037e+00 3.700000000000000000e+01
8.100000000000000000e+01 1.235505749186869506e+00 8.100000000000000000e+01
5.500000000000000000e+01 1.229893761596703161e+00 5.500000000000000000e+01
7.700000000000000000e+01 1.266587161706773212e+00 7.700000000000000000e+01
6.900000000000000000e+01 1.263141838441652620e+00 6.900000000000000000e+01
2.200000000000000000e+01 1.208466294037189304e+00 2.200000000000000000e+01
5.000000000000000000e+01 1.242997755822915273e+00 5.000000000000000000e+01
5.600000000000000000e+01 1.292660607766710656e+00 5.600000000000000000e+01
5.200000000000000000e+01 1.218988012132356857e+00 5.200000000000000000e+01
6.700000000000000000e+01 1.280227537775897595e+00 6.700000000000000000e+01
3.500000000000000000e+01 1.203788463106634232e+00 3.500000000000000000e+01
1.800000000000000000e+01 1.246593434618096685e+00 1.800000000000000000e+01
7.800000000000000000e+01 1.254987842429896139e+00 7.800000000000000000e+01
7.200000000000000000e+01 1.268966466235782020e+00 7.200000000000000000e+01
5.000000000000000000e+01 1.278247811867870620e+00 5.000000000000000000e+01
8.700000000000000000e+01 1.241800155604475764e+00 8.700000000000000000e+01
6.300000000000000000e+01 1.238338143487060172e+00 6.300000000000000000e+01
5.900000000000000000e+01 1.228935526683990753e+00 5.900000000000000000e+01
2.500000000000000000e+01 1.220045441799002539e+00 2.500000000000000000e+01
4.100000000000000000e+01 1.242977963750561354e+00 4.100000000000000000e+01
5.400000000000000000e+01 1.253764960719838450e+00 5.400000000000000000e+01
2.800000000000000000e+01 1.219432363206364611e+00 2.800000000000000000e+01
4.200000000000000000e+01 1.219235447510866877e+00 4.200000000000000000e+01
4.300000000000000000e+01 1.257306549716205701e+00 4.300000000000000000e+01
4.200000000000000000e+01 1.267229611669321354e+00 4.200000000000000000e+01
8.300000000000000000e+01 1.238096528340523639e+00 8.300000000000000000e+01
5.600000000000000000e+01 1.240887631714942652e+00 5.600000000000000000e+01
7.600000000000000000e+01 1.288908678079127457e+00 7.600000000000000000e+01
4.100000000000000000e+01 1.218839163496042710e+00 4.100000000000000000e+01
8.800000000000000000e+01 1.249186678654337301e+00 8.800000000000000000e+01
4.000000000000000000e+01 1.218348800917412600e+00 4.000000000000000000e+01
5.400000000000000000e+01 1.217708188624075927e+00 5.400000000000000000e+01
1.600000000000000000e+01 1.204954859303643211e+00 1.600000000000000000e+01
5.100000000000000000e+01 1.233849252059490809e+00 5.100000000000000000e+01
6.400000000000000000e+01 1.302093925229083293e+00 6.400000000000000000e+01
2.300000000000000000e+01 1.208850152340184669e+00 2.300000000000000000e+01
3.000000000000000000e+01 1.233606819255219644e+00 3.000000000000000000e+01
2.100000000000000000e+01 1.179302112106148659e+00 2.100000000000000000e+01
1.600000000000000000e+01 1.200247315964213080e+00 1.600000000000000000e+01
9.100000000000000000e+01 1.293537816294863196e+00 9.100000000000000000e+01
6.000000000000000000e+01 1.272098133382153939e+00 6.000000000000000000e+01
9.900000000000000000e+01 1.272097944611025655e+00 9.900000000000000000e+01
9.200000000000000000e+01 1.267808779950903242e+00 9.200000000000000000e+01
1.500000000000000000e+01 1.229675093514992046e+00 1.500000000000000000e+01
7.400000000000000000e+01 1.277373352698145892e+00 7.400000000000000000e+01
2.400000000000000000e+01 1.189291344102717751e+00 2.400000000000000000e+01
4.600000000000000000e+01 1.277856642491005612e+00 4.600000000000000000e+01
7.500000000000000000e+01 1.301057199610153647e+00 7.500000000000000000e+01
5.300000000000000000e+01 1.271654558750332287e+00 5.300000000000000000e+01
9.500000000000000000e+01 1.281735405950290563e+00 9.500000000000000000e+01
4.600000000000000000e+01 1.243714531560557335e+00 4.600000000000000000e+01
5.000000000000000000e+00 1.112166463834291186e+00 5.000000000000000000e+00
9.100000000000000000e+01 1.245565861031169286e+00 9.100000000000000000e+01
9.600000000000000000e+01 1.273953740827704184e+00 9.600000000000000000e+01
6.700000000000000000e+01 1.264814456157423050e+00 6.700000000000000000e+01
7.500000000000000000e+01 1.240014617439801903e+00 7.500000000000000000e+01
7.300000000000000000e+01 1.273378177573724734e+00 7.300000000000000000e+01
7.100000000000000000e+01 1.251306716014760401e+00 7.100000000000000000e+01
2.900000000000000000e+01 1.238016143319548901e+00 2.900000000000000000e+01
3.400000000000000000e+01 1.251501808503385549e+00 3.400000000000000000e+01
5.600000000000000000e+01 1.258121521221136518e+00 5.600000000000000000e+01
5.500000000000000000e+01 1.258307082775803387e+00 5.500000000000000000e+01
4.200000000000000000e+01 1.233019884094724850e+00 4.200000000000000000e+01
4.000000000000000000e+00 1.126983843789563844e+00 4.000000000000000000e+00
5.500000000000000000e+01 1.250394918834232483e+00 5.500000000000000000e+01
8.300000000000000000e+01 1.252993738243506794e+00 8.300000000000000000e+01
4.700000000000000000e+01 1.254792210032831257e+00 4.700000000000000000e+01
9.200000000000000000e+01 1.256994609436441035e+00 9.200000000000000000e+01
4.500000000000000000e+01 1.284226210720105898e+00 4.500000000000000000e+01
2.700000000000000000e+01 1.217687611115624291e+00 2.700000000000000000e+01
4.500000000000000000e+01 1.263289997506896301e+00 4.500000000000000000e+01
2.000000000000000000e+01 1.232384035666660660e+00 2.000000000000000000e+01
4.400000000000000000e+01 1.216717154648879973e+00 4.400000000000000000e+01
2.100000000000000000e+01 1.205049649637254250e+00 2.100000000000000000e+01
5.000000000000000000e+01 1.253555538180068929e+00 5.000000000000000000e+01
2.500000000000000000e+01 1.223928044051120434e+00 2.500000000000000000e+01
3.500000000000000000e+01 1.198536135892493304e+00 3.500000000000000000e+01
7.300000000000000000e+01 1.284306565865696470e+00 7.300000000000000000e+01
1.100000000000000000e+01 1.162639487884761014e+00 1.100000000000000000e+01
3.900000000000000000e+01 1.254836658706180774e+00 3.900000000000000000e+01
9.400000000000000000e+01 1.305084659511051903e+00 9.400000000000000000e+01
6.200000000000000000e+01 1.250806493237941242e+00 6.200000000000000000e+01
5.600000000000000000e+01 1.236476776261811406e+00 5.600000000000000000e+01
4.200000000000000000e+01 1.220848888933178999e+00 4.200000000000000000e+01
1.400000000000000000e+01 1.159551083172176034e+00 1.400000000000000000e+01
2.000000000000000000e+01 1.199764187526706438e+00 2.000000000000000000e+01
9.800000000000000000e+01 1.252990022432225459e+00 9.800000000000000000e+01
3.900000000000000000e+01 1.235968441760730174e+00 3.900000000000000000e+01
9.900000000000000000e+01 1.257543500689763727e+00 9.900000000000000000e+01
3.900000000000000000e+01 1.281397984271455570e+00 3.900000000000000000e+01
7.800000000000000000e+01 1.260220959346861180e+00 7.800000000000000000e+01
4.200000000000000000e+01 1.200570783797341612e+00 4.200000000000000000e+01
4.000000000000000000e+01 1.264651152623748276e+00 4.000000000000000000e+01
1.400000000000000000e+01 1.165243153101292561e+00 1.400000000000000000e+01
9.100000000000000000e+01 1.283843108400615662e+00 9.100000000000000000e+01
4.500000000000000000e+01 1.234130510143290227e+00 4.500000000000000000e+01
8.500000000000000000e+01 1.268208409496069722e+00 8.500000000000000000e+01
3.300000000000000000e+01 1.257187102526070133e+00 3.300000000000000000e+01
6.800000000000000000e+01 1.217484701200957531e+00 6.800000000000000000e+01
3.700000000000000000e+01 1.225471075760493633e+00 3.700000000000000000e+01
5.500000000000000000e+01 1.217094756940687805e+00 5.500000000000000000e+01
5.400000000000000000e+01 1.283761038787182063e+00 5.400000000000000000e+01
7.000000000000000000e+00 1.168823219761116805e+00 7.000000000000000000e+00
3.400000000000000000e+01 1.209468296273911614e+00 3.400000000000000000e+01
6.600000000000000000e+01 1.261725087787671340e+00 6.600000000000000000e+01
5.000000000000000000e+01 1.238123286509980714e+00 5.000000000000000000e+01
7.000000000000000000e+00 1.161878175999079721e+00 7.000000000000000000e+00
5.600000000000000000e+01 1.273884674620491930e+00 5.600000000000000000e+01
6.100000000000000000e+01 1.226630712499705123e+00 6.100000000000000000e+01
2.700000000000000000e+01 1.213461706828192765e+00 2.700000000000000000e+01
7.000000000000000000e+01 1.243130046042717041e+00 7.000000000000000000e+01
8.900000000000000000e+01 1.274022887476964128e+00 8.900000000000000000e+01
3.000000000000000000e+01 1.263747925785219772e+00 3.000000000000000000e+01
5.300000000000000000e+01 1.243851756845140155e+00 5.300000000000000000e+01
4.900000000000000000e+01 1.244031127279533244e+00 4.900000000000000000e+01
8.700000000000000000e+01 1.275930551381077693e+00 8.700000000000000000e+01
1.400000000000000000e+01 1.159368795035683464e+00 1.400000000000000000e+01
4.200000000000000000e+01 1.210484838560225818e+00 4.200000000000000000e+01
5.800000000000000000e+01 1.239173728938936625e+00 5.800000000000000000e+01
