1.050000000000000000e+02 1.209436777000735930e+00
1.210000000000000000e+02 1.226568746241273988e+00
1.410000000000000000e+02 1.287649590032568625e+00
1.230000000000000000e+02 1.286531070801095522e+00
1.470000000000000000e+02 1.242344624879885062e+00
1.500000000000000000e+02 1.266619309414890093e+00
1.380000000000000000e+02 1.125258052821423327e+00
1.000000000000000000e+02 1.234896404969626937e+00
1.500000000000000000e+02 1.207357307298261961e+00
1.450000000000000000e+02 1.253769239288327508e+00
1.440000000000000000e+02 1.298278991480354971e+00
1.250000000000000000e+02 1.298818747613148528e+00
1.310000000000000000e+02 1.219089383601536403e+00
1.220000000000000000e+02 1.273952581547793228e+00
1.300000000000000000e+02 1.241093035845511228e+00
1.480000000000000000e+02 1.240095323426518625e+00
1.480000000000000000e+02 1.280506525999263623e+00
1.320000000000000000e+02 1.260781201247599848e+00
1.060000000000000000e+02 1.262552985674340267e+00
1.450000000000000000e+02 1.304460360846450673e+00
1.080000000000000000e+02 1.170223061897899930e+00
1.290000000000000000e+02 1.289083418060169128e+00
1.130000000000000000e+02 1.249739756594449025e+00
1.320000000000000000e+02 1.233066159007117246e+00
1.480000000000000000e+02 1.202229796075252155e+00
1.350000000000000000e+02 1.268595539975331477e+00
1.220000000000000000e+02 1.229213125504049486e+00
1.430000000000000000e+02 1.276304236944018733e+00
1.040000000000000000e+02 1.242758089456386994e+00
1.180000000000000000e+02 1.282385521738752088e+00
1.290000000000000000e+02 1.288124667103621945e+00
1.310000000000000000e+02 1.264667201326727275e+00
1.340000000000000000e+02 1.279312311612623043e+00
1.500000000000000000e+02 1.219008638310812298e+00
1.110000000000000000e+02 1.279048810388684121e+00
1.280000000000000000e+02 1.284473856000462266e+00
1.010000000000000000e+02 1.240966200402259467e+00
1.030000000000000000e+02 1.296760960303770416e+00
1.330000000000000000e+02 1.248365119648935151e+00
1.340000000000000000e+02 1.258030350479152348e+00
1.120000000000000000e+02 1.297710397434257867e+00
1.390000000000000000e+02 1.326962199503777251e+00
1.080000000000000000e+02 1.322722947994090514e+00
1.220000000000000000e+02 1.262253673067513349e+00
1.410000000000000000e+02 1.247914005150974504e+00
1.070000000000000000e+02 1.335035397210147412e+00
1.370000000000000000e+02 1.227806262539560933e+00
1.020000000000000000e+02 1.258680657797719871e+00
1.490000000000000000e+02 1.243926300794036210e+00
1.000000000000000000e+02 1.274051614170793822e+00
1.410000000000000000e+02 1.271496859179944261e+00
1.080000000000000000e+02 1.321688791821504783e+00
1.440000000000000000e+02 1.236272637532493057e+00
1.490000000000000000e+02 1.280269835954633173e+00
1.030000000000000000e+02 1.274414142157477503e+00
1.480000000000000000e+02 1.309997571520604476e+00
1.350000000000000000e+02 1.264737398352685505e+00
1.040000000000000000e+02 1.318656066642413860e+00
1.060000000000000000e+02 1.241535180855593890e+00
1.110000000000000000e+02 1.255385470757478084e+00
1.470000000000000000e+02 1.326695865550103548e+00
1.150000000000000000e+02 1.261473280423150989e+00
1.030000000000000000e+02 1.233232708170550751e+00
1.350000000000000000e+02 1.304308832512252714e+00
1.200000000000000000e+02 1.256433624883504185e+00
1.450000000000000000e+02 1.301592874787773191e+00
1.200000000000000000e+02 1.153144193293422770e+00
1.190000000000000000e+02 1.260926647580753679e+00
1.400000000000000000e+02 1.277611975806759670e+00
1.370000000000000000e+02 1.274618966257470953e+00
1.190000000000000000e+02 1.262414875780691226e+00
1.100000000000000000e+02 1.278353531673585008e+00
1.470000000000000000e+02 1.272916875401600922e+00
1.110000000000000000e+02 1.290206484900472850e+00
1.440000000000000000e+02 1.226539736259078417e+00
1.220000000000000000e+02 1.232558647024958542e+00
1.040000000000000000e+02 1.306761076182483716e+00
1.090000000000000000e+02 1.266549333230702512e+00
1.220000000000000000e+02 1.251814778151639551e+00
1.370000000000000000e+02 1.232729237543626510e+00
1.410000000000000000e+02 1.273350926060113686e+00
1.370000000000000000e+02 1.282621011928480215e+00
1.420000000000000000e+02 1.297652406769984390e+00
1.370000000000000000e+02 1.261347471611008020e+00
1.480000000000000000e+02 1.278910532552634871e+00
1.050000000000000000e+02 1.189929617353456148e+00
1.450000000000000000e+02 1.256032848764708554e+00
1.450000000000000000e+02 1.285983829649052224e+00
1.310000000000000000e+02 1.259892654454852989e+00
1.240000000000000000e+02 1.259132900080372375e+00
1.320000000000000000e+02 1.274273381664416949e+00
1.420000000000000000e+02 1.232274002526446033e+00
1.140000000000000000e+02 1.315923901525457795e+00
1.150000000000000000e+02 1.312548361982267764e+00
1.410000000000000000e+02 1.207510851092601811e+00
1.500000000000000000e+02 1.221028612013564940e+00
1.220000000000000000e+02 1.277219520959699262e+00
1.360000000000000000e+02 1.264844144938832793e+00
1.340000000000000000e+02 1.272334079453821820e+00
1.100000000000000000e+02 1.241913715849019217e+00
1.450000000000000000e+02 1.213253884572749408e+00
1.240000000000000000e+02 1.299217394294107875e+00
1.250000000000000000e+02 1.235951072239289239e+00
1.090000000000000000e+02 1.204254560164276233e+00
1.350000000000000000e+02 1.285240554539786029e+00
1.380000000000000000e+02 1.283160472290048482e+00
1.390000000000000000e+02 1.226744862651176993e+00
1.290000000000000000e+02 1.314260261054490453e+00
1.410000000000000000e+02 1.278304388872680386e+00
1.360000000000000000e+02 1.251411417786644886e+00
1.250000000000000000e+02 1.322570938742602120e+00
1.110000000000000000e+02 1.284073575942490164e+00
1.210000000000000000e+02 1.287409271144082989e+00
1.410000000000000000e+02 1.301890224077923319e+00
1.380000000000000000e+02 1.210254693335206300e+00
1.020000000000000000e+02 1.286902060619578236e+00
1.090000000000000000e+02 1.265417392092070159e+00
1.000000000000000000e+02 1.291252464458553018e+00
1.210000000000000000e+02 1.260418151292233224e+00
1.460000000000000000e+02 1.298033618601116990e+00
1.380000000000000000e+02 1.245419152785188777e+00
1.290000000000000000e+02 1.246773355337211564e+00
1.220000000000000000e+02 1.264456719269331009e+00
1.280000000000000000e+02 1.228501367819308188e+00
1.320000000000000000e+02 1.241554070327283155e+00
1.190000000000000000e+02 1.278962610804790012e+00
1.000000000000000000e+02 1.245165883029652809e+00
1.120000000000000000e+02 1.228417421960973366e+00
1.080000000000000000e+02 1.244831929053030084e+00
1.010000000000000000e+02 1.282173507041913574e+00
1.350000000000000000e+02 1.278438569217975829e+00
1.050000000000000000e+02 1.328547661917944600e+00
1.110000000000000000e+02 1.235858620257080931e+00
1.080000000000000000e+02 1.272574082305382159e+00
1.020000000000000000e+02 1.269931418634359988e+00
1.080000000000000000e+02 1.266692792865803385e+00
1.450000000000000000e+02 1.234870232765518328e+00
1.320000000000000000e+02 1.328651933912988081e+00
1.410000000000000000e+02 1.272221827435046526e+00
1.410000000000000000e+02 1.276579569620156729e+00
1.470000000000000000e+02 1.307232641421775643e+00
1.280000000000000000e+02 1.282219977574160286e+00
1.440000000000000000e+02 1.294310491825223952e+00
1.370000000000000000e+02 1.259428156458762826e+00
1.200000000000000000e+02 1.338250862242510220e+00
1.350000000000000000e+02 1.299372428854417949e+00
1.060000000000000000e+02 1.215220018451979689e+00
1.100000000000000000e+02 1.243142706758720850e+00
1.360000000000000000e+02 1.268065341641914978e+00
1.320000000000000000e+02 1.266645167767207036e+00
1.390000000000000000e+02 1.283937804568194840e+00
1.210000000000000000e+02 1.271460670821965122e+00
1.080000000000000000e+02 1.243876166755029766e+00
1.190000000000000000e+02 1.285136082695531146e+00
1.070000000000000000e+02 1.262592658817067059e+00
1.090000000000000000e+02 1.280736269761534762e+00
1.090000000000000000e+02 1.279824993636614838e+00
1.260000000000000000e+02 1.256607099061161303e+00
1.030000000000000000e+02 1.298366040631268037e+00
1.260000000000000000e+02 1.270752072559273138e+00
1.020000000000000000e+02 1.271938327508728594e+00
1.460000000000000000e+02 1.300113889141286228e+00
1.190000000000000000e+02 1.238300667643898567e+00
1.160000000000000000e+02 1.264861297566522103e+00
1.110000000000000000e+02 1.247882628506838731e+00
1.040000000000000000e+02 1.273274299805252197e+00
1.200000000000000000e+02 1.244133424871233462e+00
1.250000000000000000e+02 1.298824812859725508e+00
1.360000000000000000e+02 1.263509873538041450e+00
1.030000000000000000e+02 1.259474778202100298e+00
1.320000000000000000e+02 1.293272333852970357e+00
1.230000000000000000e+02 1.248493428695644392e+00
1.310000000000000000e+02 1.268895276307296704e+00
1.060000000000000000e+02 1.318136803600640450e+00
1.080000000000000000e+02 1.362494381603866822e+00
1.280000000000000000e+02 1.316034497847377915e+00
1.330000000000000000e+02 1.238385174100492536e+00
1.450000000000000000e+02 1.275394396544286657e+00
1.170000000000000000e+02 1.281089391333509742e+00
1.180000000000000000e+02 1.272724705221397912e+00
1.370000000000000000e+02 1.138577046410674587e+00
1.240000000000000000e+02 1.276377412359277264e+00
1.210000000000000000e+02 1.301062792668220114e+00
1.260000000000000000e+02 1.280477564358317499e+00
1.030000000000000000e+02 1.319436516046531338e+00
1.060000000000000000e+02 1.292331642266193237e+00
