4.000000000000000000e+01 1.233956968494542838e+00
4.000000000000000000e+01 1.320204487889402589e+00
4.000000000000000000e+01 1.291236281798288310e+00
4.000000000000000000e+01 1.221937152642167845e+00
4.000000000000000000e+01 1.248049093212597604e+00
4.000000000000000000e+01 1.237506943328505526e+00
4.000000000000000000e+01 1.204185044886121547e+00
4.000000000000000000e+01 1.274164273660723934e+00
4.000000000000000000e+01 1.254993163685032886e+00
4.000000000000000000e+01 1.234530292078767078e+00
4.000000000000000000e+01 1.207115434554608235e+00
4.000000000000000000e+01 1.131385099147634632e+00
4.000000000000000000e+01 1.240254794598089516e+00
4.000000000000000000e+01 1.289349273096612958e+00
4.000000000000000000e+01 1.247521647422386915e+00
4.000000000000000000e+01 1.276327324229153959e+00
4.000000000000000000e+01 1.217559483515328500e+00
4.000000000000000000e+01 1.327698338356027241e+00
4.000000000000000000e+01 1.197104377414056176e+00
4.000000000000000000e+01 1.225273258098186213e+00
4.000000000000000000e+01 1.245001497325370243e+00
4.000000000000000000e+01 1.211850448470761066e+00
4.000000000000000000e+01 1.200301894866157237e+00
4.000000000000000000e+01 1.213311325106733340e+00
4.000000000000000000e+01 1.303861217901323144e+00
4.000000000000000000e+01 1.290413342887254844e+00
4.000000000000000000e+01 1.202185564851997679e+00
4.000000000000000000e+01 1.239431394446344203e+00
4.000000000000000000e+01 1.217354797018816548e+00
4.000000000000000000e+01 1.163357622342094500e+00
4.000000000000000000e+01 1.226088350292503293e+00
4.000000000000000000e+01 1.232813990929719550e+00
4.000000000000000000e+01 1.268166157242251568e+00
4.000000000000000000e+01 1.218345373248427732e+00
4.000000000000000000e+01 1.201981131710478490e+00
4.000000000000000000e+01 1.249581750285894133e+00
4.000000000000000000e+01 1.235679193488367744e+00
4.000000000000000000e+01 1.215868988382752924e+00
4.000000000000000000e+01 1.286411319706755929e+00
4.000000000000000000e+01 1.208300026663359006e+00
4.000000000000000000e+01 1.227967773908733129e+00
4.000000000000000000e+01 1.313058202212745273e+00
4.000000000000000000e+01 1.228696922880701203e+00
4.000000000000000000e+01 1.184722829801648336e+00
4.000000000000000000e+01 1.241828695742092759e+00
4.000000000000000000e+01 1.229548106303184118e+00
4.000000000000000000e+01 1.149819991563231891e+00
4.000000000000000000e+01 1.223245190831189211e+00
4.000000000000000000e+01 1.220992131489466948e+00
4.000000000000000000e+01 1.190408105494970448e+00
4.000000000000000000e+01 1.203736117842834297e+00
4.000000000000000000e+01 1.223435910596649467e+00
4.000000000000000000e+01 1.263219471333533850e+00
4.000000000000000000e+01 1.220915707229180081e+00
4.000000000000000000e+01 1.263505021038659359e+00
4.000000000000000000e+01 1.268869717268410469e+00
4.000000000000000000e+01 1.273557181773199876e+00
4.000000000000000000e+01 1.275706223293012531e+00
4.000000000000000000e+01 1.226305991363926484e+00
4.000000000000000000e+01 1.216699290607849315e+00
4.000000000000000000e+01 1.344566764420106919e+00
4.000000000000000000e+01 1.243665700652990314e+00
4.000000000000000000e+01 1.293481693324358472e+00
4.000000000000000000e+01 1.302247346386538052e+00
4.000000000000000000e+01 1.235552147765334174e+00
4.000000000000000000e+01 1.235111560926845709e+00
4.000000000000000000e+01 1.261995280551767573e+00
4.000000000000000000e+01 1.299334311634921413e+00
4.000000000000000000e+01 1.216302754438905120e+00
4.000000000000000000e+01 1.283534234269843033e+00
4.000000000000000000e+01 1.183746241709028313e+00
4.000000000000000000e+01 1.263603490700619725e+00
4.000000000000000000e+01 1.217192971070238938e+00
4.000000000000000000e+01 1.227647636328692116e+00
4.000000000000000000e+01 1.243768013016935514e+00
4.000000000000000000e+01 1.275818802181966083e+00
4.000000000000000000e+01 1.225203886451619040e+00
4.000000000000000000e+01 1.245721517995140637e+00
4.000000000000000000e+01 1.194796182949362295e+00
4.000000000000000000e+01 1.200702544669195238e+00
4.000000000000000000e+01 1.263870103950174517e+00
4.000000000000000000e+01 1.235853922066227240e+00
4.000000000000000000e+01 1.286568064529647559e+00
4.000000000000000000e+01 1.072999650694899776e+00
4.000000000000000000e+01 1.207541454855601382e+00
4.000000000000000000e+01 1.170544340686221041e+00
4.000000000000000000e+01 1.279336026202023247e+00
4.000000000000000000e+01 1.198049846979498456e+00
4.000000000000000000e+01 1.177182987108238876e+00
4.000000000000000000e+01 1.222492094482623415e+00
4.000000000000000000e+01 1.300739667736775074e+00
4.000000000000000000e+01 1.207463879561960551e+00
4.000000000000000000e+01 1.282562738359661614e+00
4.000000000000000000e+01 1.198064969797630441e+00
4.000000000000000000e+01 1.234467725638488611e+00
4.000000000000000000e+01 1.216995656551747462e+00
4.000000000000000000e+01 1.310560831293046791e+00
4.000000000000000000e+01 1.259318275347748317e+00
4.000000000000000000e+01 1.163486505269462068e+00
4.000000000000000000e+01 1.244146898173084104e+00
4.000000000000000000e+01 1.198854360419483012e+00
4.000000000000000000e+01 1.217655480137256552e+00
4.000000000000000000e+01 1.277812618394170929e+00
4.000000000000000000e+01 1.205932828430068326e+00
4.000000000000000000e+01 1.243807499950768669e+00
4.000000000000000000e+01 1.282457269569541314e+00
4.000000000000000000e+01 1.194960959377196819e+00
4.000000000000000000e+01 1.260235644559956292e+00
4.000000000000000000e+01 1.232011606354397548e+00
4.000000000000000000e+01 1.174640172638459212e+00
4.000000000000000000e+01 1.266233368092067435e+00
4.000000000000000000e+01 1.342095326888877338e+00
4.000000000000000000e+01 1.108361327284831166e+00
4.000000000000000000e+01 1.205296211107879101e+00
4.000000000000000000e+01 1.289289829836283374e+00
4.000000000000000000e+01 1.213811355107601075e+00
4.000000000000000000e+01 1.191277946228973761e+00
4.000000000000000000e+01 1.211491432279101721e+00
4.000000000000000000e+01 1.165867956698074526e+00
4.000000000000000000e+01 1.169902115483774541e+00
4.000000000000000000e+01 1.227891883719155919e+00
4.000000000000000000e+01 1.212316811565236074e+00
4.000000000000000000e+01 1.304578726265232858e+00
4.000000000000000000e+01 1.257888713672253411e+00
4.000000000000000000e+01 1.210385403932385806e+00
4.000000000000000000e+01 1.211247867866226624e+00
4.000000000000000000e+01 1.110212419350181889e+00
4.000000000000000000e+01 1.225675748187511793e+00
4.000000000000000000e+01 1.215017929547786757e+00
4.000000000000000000e+01 1.216618254111633934e+00
4.000000000000000000e+01 1.222587108589588523e+00
4.000000000000000000e+01 1.217754181063807062e+00
4.000000000000000000e+01 1.232845520875130330e+00
4.000000000000000000e+01 1.269204351966784383e+00
4.000000000000000000e+01 1.230209107490459752e+00
4.000000000000000000e+01 1.227872374722129400e+00
4.000000000000000000e+01 1.295988736875588465e+00
4.000000000000000000e+01 1.224362389614231938e+00
4.000000000000000000e+01 1.251097165590417504e+00
4.000000000000000000e+01 1.240677151441912596e+00
4.000000000000000000e+01 1.237988843043025033e+00
4.000000000000000000e+01 1.210414781304187448e+00
4.000000000000000000e+01 1.352189073041693668e+00
4.000000000000000000e+01 1.196932918329645545e+00
4.000000000000000000e+01 1.190964104393348766e+00
4.000000000000000000e+01 1.260949693603278909e+00
4.000000000000000000e+01 1.231878573499775475e+00
4.000000000000000000e+01 1.262735387285046640e+00
4.000000000000000000e+01 1.305078207301845428e+00
4.000000000000000000e+01 1.224186353155731322e+00
4.000000000000000000e+01 1.213809649512541444e+00
4.000000000000000000e+01 1.246166577063826830e+00
4.000000000000000000e+01 1.218372162919228563e+00
4.000000000000000000e+01 1.345359741885693738e+00
4.000000000000000000e+01 1.231377134726872491e+00
4.000000000000000000e+01 1.212678939911717935e+00
4.000000000000000000e+01 1.315871800325968399e+00
4.000000000000000000e+01 1.166076463344836167e+00
4.000000000000000000e+01 1.246853666406272154e+00
4.000000000000000000e+01 1.197943268434865871e+00
4.000000000000000000e+01 1.224340654408352824e+00
4.000000000000000000e+01 1.303482191223500841e+00
4.000000000000000000e+01 1.224428467558777101e+00
4.000000000000000000e+01 1.190282517583003186e+00
4.000000000000000000e+01 1.198729895982685312e+00
4.000000000000000000e+01 1.184447312844391753e+00
4.000000000000000000e+01 1.242789456852270158e+00
4.000000000000000000e+01 1.206394938465495503e+00
4.000000000000000000e+01 1.222753479727184400e+00
4.000000000000000000e+01 1.239869580526022474e+00
4.000000000000000000e+01 1.195517422889805781e+00
4.000000000000000000e+01 1.297207935829700620e+00
4.000000000000000000e+01 1.269509205847304534e+00
4.000000000000000000e+01 1.203278604733268864e+00
4.000000000000000000e+01 1.147819356297389293e+00
4.000000000000000000e+01 1.189602851903254210e+00
4.000000000000000000e+01 1.277591162777997225e+00
4.000000000000000000e+01 1.221868480016303993e+00
4.000000000000000000e+01 1.293536343899535090e+00
4.000000000000000000e+01 1.210563032111807713e+00
4.000000000000000000e+01 1.239617310044512921e+00
4.000000000000000000e+01 1.245173893234930995e+00
4.000000000000000000e+01 1.265836570780652259e+00
4.000000000000000000e+01 1.197802753347771754e+00
4.000000000000000000e+01 1.302111897579348865e+00
4.000000000000000000e+01 1.237357764125635695e+00
4.000000000000000000e+01 1.217039545433322933e+00
4.000000000000000000e+01 1.309812006597410150e+00
4.000000000000000000e+01 1.295934038890681039e+00
4.000000000000000000e+01 1.210887501261302734e+00
4.000000000000000000e+01 1.277334854237270001e+00
4.000000000000000000e+01 1.189876462340910157e+00
4.000000000000000000e+01 1.227606253371334555e+00
4.000000000000000000e+01 1.199383195415005376e+00
4.000000000000000000e+01 1.221848753873273186e+00
4.000000000000000000e+01 1.274463627686212908e+00
4.000000000000000000e+01 1.224515262132405136e+00
4.000000000000000000e+01 1.246884519257469570e+00
4.000000000000000000e+01 1.216584205375922823e+00
4.000000000000000000e+01 1.230787890371457749e+00
