4.000000000000000000e+01 1.240908789795230005e+00
4.000000000000000000e+01 1.287151417105640849e+00
4.000000000000000000e+01 1.279501389025605729e+00
4.000000000000000000e+01 1.271229681743354378e+00
4.000000000000000000e+01 1.273606052576251590e+00
4.000000000000000000e+01 1.269174626343593237e+00
4.000000000000000000e+01 1.255405654038947105e+00
4.000000000000000000e+01 1.218216424222379857e+00
4.000000000000000000e+01 1.286531227321963788e+00
4.000000000000000000e+01 1.275909290190001100e+00
4.000000000000000000e+01 1.261575476370167426e+00
4.000000000000000000e+01 1.261228343240509142e+00
4.000000000000000000e+01 1.259959692716955626e+00
4.000000000000000000e+01 1.232088923191690943e+00
4.000000000000000000e+01 1.273855172170146322e+00
4.000000000000000000e+01 1.265329688265196317e+00
4.000000000000000000e+01 1.259035931067264746e+00
4.000000000000000000e+01 1.286938328128133691e+00
4.000000000000000000e+01 1.244564158111231000e+00
4.000000000000000000e+01 1.278137557748196595e+00
4.000000000000000000e+01 1.239799341372696651e+00
4.000000000000000000e+01 1.242294388026880414e+00
4.000000000000000000e+01 1.286960440275169093e+00
4.000000000000000000e+01 1.230845280308404011e+00
4.000000000000000000e+01 1.247668920090803324e+00
4.000000000000000000e+01 1.281795093210291059e+00
4.000000000000000000e+01 1.292633601195768644e+00
4.000000000000000000e+01 1.250340237236585494e+00
4.000000000000000000e+01 1.250916862691372700e+00
4.000000000000000000e+01 1.229834641860310773e+00
4.000000000000000000e+01 1.245548814299002327e+00
4.000000000000000000e+01 1.237514939266087133e+00
4.000000000000000000e+01 1.262131792847881018e+00
4.000000000000000000e+01 1.287038791666909043e+00
4.000000000000000000e+01 1.255311236525685992e+00
4.000000000000000000e+01 1.274220788849122377e+00
4.000000000000000000e+01 1.273040813227555912e+00
4.000000000000000000e+01 1.271144440186643632e+00
4.000000000000000000e+01 1.260294623355971977e+00
4.000000000000000000e+01 1.259039242451018170e+00
4.000000000000000000e+01 1.252352206771543131e+00
4.000000000000000000e+01 1.271607800947557765e+00
4.000000000000000000e+01 1.305267825153946903e+00
4.000000000000000000e+01 1.242457379744961843e+00
4.000000000000000000e+01 1.273125437853244835e+00
4.000000000000000000e+01 1.285478167669986682e+00
4.000000000000000000e+01 1.240730941985172864e+00
4.000000000000000000e+01 1.249252110494868839e+00
4.000000000000000000e+01 1.241855240661954074e+00
4.000000000000000000e+01 1.238222025166734852e+00
4.000000000000000000e+01 1.282773727959873877e+00
4.000000000000000000e+01 1.236676461818398298e+00
4.000000000000000000e+01 1.251799809177560618e+00
4.000000000000000000e+01 1.245020660801803514e+00
4.000000000000000000e+01 1.271837430060317020e+00
4.000000000000000000e+01 1.251636270251944794e+00
4.000000000000000000e+01 1.267141963666935212e+00
4.000000000000000000e+01 1.281501571270450057e+00
4.000000000000000000e+01 1.245953103371605586e+00
4.000000000000000000e+01 1.251172127270623546e+00
4.000000000000000000e+01 1.231290073608126479e+00
4.000000000000000000e+01 1.224255755281023150e+00
4.000000000000000000e+01 1.223441454838958498e+00
4.000000000000000000e+01 1.257621925092348603e+00
4.000000000000000000e+01 1.256676129594091140e+00
4.000000000000000000e+01 1.287437336433227220e+00
4.000000000000000000e+01 1.240705333216021833e+00
4.000000000000000000e+01 1.255426820763178242e+00
4.000000000000000000e+01 1.270171699637511420e+00
4.000000000000000000e+01 1.253406230961692458e+00
4.000000000000000000e+01 1.230398955982187958e+00
4.000000000000000000e+01 1.242667093653738730e+00
4.000000000000000000e+01 1.270512612516473405e+00
4.000000000000000000e+01 1.248857566568564836e+00
4.000000000000000000e+01 1.230447121149531808e+00
4.000000000000000000e+01 1.286853184116736770e+00
4.000000000000000000e+01 1.260822822236167484e+00
4.000000000000000000e+01 1.243098214696026993e+00
4.000000000000000000e+01 1.272297203800115240e+00
4.000000000000000000e+01 1.285937154766824131e+00
4.000000000000000000e+01 1.298811796851727873e+00
4.000000000000000000e+01 1.221056458149369250e+00
4.000000000000000000e+01 1.295691739340963267e+00
4.000000000000000000e+01 1.215775130610621702e+00
4.000000000000000000e+01 1.279970381338309426e+00
4.000000000000000000e+01 1.284670781979411869e+00
4.000000000000000000e+01 1.288124168710506057e+00
4.000000000000000000e+01 1.273847830546747328e+00
4.000000000000000000e+01 1.232178855702362963e+00
4.000000000000000000e+01 1.269528490318900582e+00
4.000000000000000000e+01 1.263020779296776031e+00
4.000000000000000000e+01 1.230498670682331319e+00
4.000000000000000000e+01 1.297073121448253818e+00
4.000000000000000000e+01 1.296924599083417728e+00
4.000000000000000000e+01 1.245515234707130547e+00
4.000000000000000000e+01 1.258707676107807760e+00
4.000000000000000000e+01 1.283723385348733981e+00
4.000000000000000000e+01 1.252515306722747912e+00
4.000000000000000000e+01 1.269641496355866206e+00
4.000000000000000000e+01 1.250881488637087591e+00
4.000000000000000000e+01 1.258110392080443063e+00
4.000000000000000000e+01 1.282410303304329702e+00
4.000000000000000000e+01 1.240623105627078226e+00
4.000000000000000000e+01 1.247486902631397943e+00
4.000000000000000000e+01 1.241701504229144604e+00
4.000000000000000000e+01 1.277543622532694823e+00
4.000000000000000000e+01 1.243471972786095225e+00
4.000000000000000000e+01 1.274437008624410783e+00
4.000000000000000000e+01 1.266978119852273155e+00
4.000000000000000000e+01 1.276074545875554467e+00
4.000000000000000000e+01 1.269744571246812948e+00
4.000000000000000000e+01 1.303710528837259242e+00
4.000000000000000000e+01 1.267359487896036363e+00
4.000000000000000000e+01 1.283730999876628642e+00
4.000000000000000000e+01 1.266968588859368916e+00
4.000000000000000000e+01 1.255559446491811393e+00
4.000000000000000000e+01 1.267465852772963641e+00
4.000000000000000000e+01 1.239555797865685927e+00
4.000000000000000000e+01 1.283508199566272934e+00
4.000000000000000000e+01 1.284728792829431310e+00
4.000000000000000000e+01 1.274620426948857910e+00
4.000000000000000000e+01 1.231251572571061770e+00
4.000000000000000000e+01 1.218622356526767758e+00
4.000000000000000000e+01 1.284122102042482227e+00
4.000000000000000000e+01 1.275403473212386452e+00
4.000000000000000000e+01 1.265779228588322702e+00
4.000000000000000000e+01 1.220538625919179498e+00
4.000000000000000000e+01 1.251702898604962977e+00
4.000000000000000000e+01 1.258178602164897075e+00
4.000000000000000000e+01 1.277785592172323126e+00
4.000000000000000000e+01 1.245477167399810625e+00
4.000000000000000000e+01 1.288225574187664257e+00
4.000000000000000000e+01 1.229546370430469659e+00
4.000000000000000000e+01 1.245216472780019012e+00
4.000000000000000000e+01 1.259607831231132513e+00
4.000000000000000000e+01 1.271458820722403793e+00
4.000000000000000000e+01 1.263345200334277996e+00
4.000000000000000000e+01 1.271819546605043039e+00
4.000000000000000000e+01 1.270378130051957655e+00
4.000000000000000000e+01 1.264539353868054050e+00
4.000000000000000000e+01 1.243760792545200111e+00
4.000000000000000000e+01 1.259852763465717951e+00
4.000000000000000000e+01 1.261805959825284651e+00
4.000000000000000000e+01 1.245019760993278934e+00
4.000000000000000000e+01 1.245352368064908566e+00
4.000000000000000000e+01 1.253020849861141039e+00
4.000000000000000000e+01 1.249618310858113146e+00
4.000000000000000000e+01 1.260991608008394937e+00
4.000000000000000000e+01 1.267399606612991114e+00
4.000000000000000000e+01 1.240657357412303208e+00
4.000000000000000000e+01 1.261789436413638388e+00
4.000000000000000000e+01 1.281628070790171492e+00
4.000000000000000000e+01 1.265555817649093306e+00
4.000000000000000000e+01 1.255347984372799708e+00
4.000000000000000000e+01 1.264837847009089966e+00
4.000000000000000000e+01 1.271903008315192540e+00
4.000000000000000000e+01 1.256696901333013372e+00
4.000000000000000000e+01 1.274806920026019252e+00
4.000000000000000000e+01 1.258071785473429571e+00
4.000000000000000000e+01 1.291759862403512704e+00
4.000000000000000000e+01 1.296102299092224630e+00
4.000000000000000000e+01 1.250010456291609451e+00
4.000000000000000000e+01 1.276706317348741404e+00
4.000000000000000000e+01 1.266281377238213546e+00
4.000000000000000000e+01 1.232032381402059507e+00
4.000000000000000000e+01 1.259866981295195476e+00
4.000000000000000000e+01 1.263093375681642927e+00
4.000000000000000000e+01 1.267847734649130365e+00
4.000000000000000000e+01 1.241306980359272005e+00
4.000000000000000000e+01 1.238365159277515115e+00
4.000000000000000000e+01 1.268786620329860781e+00
4.000000000000000000e+01 1.287028033362763946e+00
4.000000000000000000e+01 1.261416971632152384e+00
4.000000000000000000e+01 1.247562411658859949e+00
4.000000000000000000e+01 1.279807008720749151e+00
4.000000000000000000e+01 1.263365729426074946e+00
4.000000000000000000e+01 1.215012778500956792e+00
4.000000000000000000e+01 1.299890669080072447e+00
4.000000000000000000e+01 1.258323396082350554e+00
4.000000000000000000e+01 1.240668522722352840e+00
4.000000000000000000e+01 1.279511167537232375e+00
4.000000000000000000e+01 1.232714645027447986e+00
4.000000000000000000e+01 1.247194740587121986e+00
4.000000000000000000e+01 1.268975026780159387e+00
4.000000000000000000e+01 1.252398806448978164e+00
4.000000000000000000e+01 1.264870636487513966e+00
4.000000000000000000e+01 1.251022134150414411e+00
4.000000000000000000e+01 1.260042974585656061e+00
4.000000000000000000e+01 1.252062764179579846e+00
4.000000000000000000e+01 1.301324528079581100e+00
4.000000000000000000e+01 1.289477421319789041e+00
4.000000000000000000e+01 1.263334183488406870e+00
4.000000000000000000e+01 1.286664143954749484e+00
4.000000000000000000e+01 1.264254576171248257e+00
4.000000000000000000e+01 1.267549841413808887e+00
4.000000000000000000e+01 1.219046569785185996e+00
4.000000000000000000e+01 1.212817097927926691e+00
4.000000000000000000e+01 1.264229687412128600e+00
4.000000000000000000e+01 1.277401264834400640e+00
4.000000000000000000e+01 1.262549378245154896e+00
