4.000000000000000000e+01 8.725272279727678271e-01
4.000000000000000000e+01 8.920571118311282355e-01
4.000000000000000000e+01 8.931846897996303936e-01
4.000000000000000000e+01 9.331030410448811763e-01
4.000000000000000000e+01 8.859859015214327504e-01
4.000000000000000000e+01 9.401341801998343017e-01
4.000000000000000000e+01 9.025400796261038305e-01
4.000000000000000000e+01 9.163384727580559108e-01
4.000000000000000000e+01 8.912945532099669776e-01
4.000000000000000000e+01 9.158649962637551711e-01
4.000000000000000000e+01 8.792407522681244814e-01
4.000000000000000000e+01 9.245663609707351904e-01
4.000000000000000000e+01 8.817947918574612354e-01
4.000000000000000000e+01 9.056101366794196972e-01
4.000000000000000000e+01 9.215212888466415286e-01
4.000000000000000000e+01 8.641004832501835153e-01
4.000000000000000000e+01 8.715045988699224866e-01
4.000000000000000000e+01 9.515697548034858233e-01
4.000000000000000000e+01 8.903896807856247486e-01
4.000000000000000000e+01 8.983576114632189080e-01
4.000000000000000000e+01 9.538216811106271509e-01
4.000000000000000000e+01 9.372439393543769981e-01
4.000000000000000000e+01 9.051152526148885658e-01
4.000000000000000000e+01 9.504486797188568259e-01
4.000000000000000000e+01 9.176885120232898263e-01
4.000000000000000000e+01 8.969216644617774570e-01
4.000000000000000000e+01 9.358025329619626964e-01
4.000000000000000000e+01 8.876924765036731113e-01
4.000000000000000000e+01 9.410705297014291260e-01
4.000000000000000000e+01 8.865873402309203399e-01
4.000000000000000000e+01 9.275108470167220398e-01
4.000000000000000000e+01 9.263268702663551846e-01
4.000000000000000000e+01 9.066596046744052062e-01
4.000000000000000000e+01 8.773319305868851892e-01
4.000000000000000000e+01 9.008666242298561944e-01
4.000000000000000000e+01 9.332998049495585535e-01
4.000000000000000000e+01 9.517997482298565792e-01
4.000000000000000000e+01 8.871019368780020953e-01
4.000000000000000000e+01 8.889670143936851954e-01
4.000000000000000000e+01 8.780349962281533971e-01
4.000000000000000000e+01 9.197915854419395076e-01
4.000000000000000000e+01 9.419960379295896358e-01
4.000000000000000000e+01 9.212167130908339718e-01
4.000000000000000000e+01 9.259260816902871172e-01
4.000000000000000000e+01 9.083808654019933648e-01
4.000000000000000000e+01 9.276366653338706803e-01
4.000000000000000000e+01 8.723642422232353866e-01
4.000000000000000000e+01 8.977251154618387519e-01
4.000000000000000000e+01 8.939044256417042478e-01
4.000000000000000000e+01 9.482742593104730444e-01
4.000000000000000000e+01 9.168191755325755254e-01
4.000000000000000000e+01 8.492101315704513320e-01
4.000000000000000000e+01 8.958282513702754413e-01
4.000000000000000000e+01 9.260473565542622909e-01
4.000000000000000000e+01 9.097231475603654305e-01
4.000000000000000000e+01 9.082464383026640498e-01
4.000000000000000000e+01 9.277736498170136015e-01
4.000000000000000000e+01 9.282624115411021171e-01
4.000000000000000000e+01 8.965463309674698289e-01
4.000000000000000000e+01 9.190038760845201660e-01
4.000000000000000000e+01 8.991888256205569085e-01
4.000000000000000000e+01 8.854428107870498943e-01
4.000000000000000000e+01 9.032916745576633488e-01
4.000000000000000000e+01 9.350433883804923907e-01
4.000000000000000000e+01 9.405798391368898059e-01
4.000000000000000000e+01 8.723819588804284653e-01
4.000000000000000000e+01 9.550778504119546986e-01
4.000000000000000000e+01 8.993301295879230217e-01
4.000000000000000000e+01 9.232880219733667904e-01
4.000000000000000000e+01 9.154039154138099432e-01
4.000000000000000000e+01 9.045157616048974392e-01
4.000000000000000000e+01 9.305684085351456636e-01
4.000000000000000000e+01 8.801998240635352522e-01
4.000000000000000000e+01 9.034573527221547717e-01
4.000000000000000000e+01 9.112380063812991482e-01
4.000000000000000000e+01 8.766814819498185418e-01
4.000000000000000000e+01 9.043273115320407118e-01
4.000000000000000000e+01 9.576832840192335272e-01
4.000000000000000000e+01 9.057168920374615295e-01
4.000000000000000000e+01 9.424075020565220173e-01
4.000000000000000000e+01 9.217165699800603518e-01
4.000000000000000000e+01 9.067500058476716251e-01
4.000000000000000000e+01 9.245464509043993528e-01
4.000000000000000000e+01 9.116319811583870614e-01
4.000000000000000000e+01 9.309022421015806792e-01
4.000000000000000000e+01 9.037030136203018094e-01
4.000000000000000000e+01 9.496084623824377902e-01
4.000000000000000000e+01 8.971453972070364546e-01
4.000000000000000000e+01 9.091435750390872705e-01
4.000000000000000000e+01 9.187523958060480611e-01
4.000000000000000000e+01 8.788419619109831826e-01
4.000000000000000000e+01 9.493243568518608955e-01
4.000000000000000000e+01 9.034414859303246947e-01
4.000000000000000000e+01 8.796762206286148356e-01
4.000000000000000000e+01 9.228418096286293837e-01
4.000000000000000000e+01 9.269185697547122071e-01
4.000000000000000000e+01 9.286083345421094482e-01
4.000000000000000000e+01 8.633910859826293693e-01
4.000000000000000000e+01 9.029559180027931786e-01
4.000000000000000000e+01 9.078922942245886141e-01
4.000000000000000000e+01 9.233121595546908145e-01
4.000000000000000000e+01 8.637732463006487782e-01
4.000000000000000000e+01 8.830418440313336781e-01
4.000000000000000000e+01 9.061002015883650174e-01
4.000000000000000000e+01 9.030726940468547514e-01
4.000000000000000000e+01 9.033978611296707983e-01
4.000000000000000000e+01 8.990842174214982441e-01
4.000000000000000000e+01 9.144025383150918840e-01
4.000000000000000000e+01 9.275532366772800685e-01
4.000000000000000000e+01 9.267598605056496242e-01
4.000000000000000000e+01 9.055398694030759588e-01
4.000000000000000000e+01 9.208426477383448994e-01
4.000000000000000000e+01 9.453923683560849778e-01
4.000000000000000000e+01 9.027808457694327382e-01
4.000000000000000000e+01 8.922506578336146799e-01
4.000000000000000000e+01 8.998830934317516572e-01
4.000000000000000000e+01 8.936487776932322546e-01
4.000000000000000000e+01 8.796835035470301767e-01
4.000000000000000000e+01 9.066954512783776954e-01
4.000000000000000000e+01 9.166907282544592972e-01
4.000000000000000000e+01 8.671230240682413770e-01
4.000000000000000000e+01 9.058346363819614888e-01
4.000000000000000000e+01 9.103384519230022232e-01
4.000000000000000000e+01 9.147642514449406681e-01
4.000000000000000000e+01 9.056270082813145939e-01
4.000000000000000000e+01 9.331240367187813023e-01
4.000000000000000000e+01 9.083070868918778906e-01
4.000000000000000000e+01 8.978130118413667482e-01
4.000000000000000000e+01 9.112989284903100229e-01
4.000000000000000000e+01 9.389490356157477180e-01
4.000000000000000000e+01 9.124360503052489912e-01
4.000000000000000000e+01 9.359671615164885106e-01
4.000000000000000000e+01 9.148200879937785635e-01
4.000000000000000000e+01 9.362605182882778321e-01
4.000000000000000000e+01 8.848851044277432631e-01
4.000000000000000000e+01 9.018296467780549941e-01
4.000000000000000000e+01 8.740640928445786439e-01
4.000000000000000000e+01 9.258506699924511363e-01
4.000000000000000000e+01 9.011475604037167964e-01
4.000000000000000000e+01 9.360516204851867528e-01
4.000000000000000000e+01 8.906403156691152789e-01
4.000000000000000000e+01 9.171382738219215902e-01
4.000000000000000000e+01 9.182479736383452051e-01
4.000000000000000000e+01 9.284081397683079384e-01
4.000000000000000000e+01 9.110268825721693497e-01
4.000000000000000000e+01 9.133354053426685493e-01
4.000000000000000000e+01 8.716519868884743394e-01
4.000000000000000000e+01 8.937113813903768689e-01
4.000000000000000000e+01 8.728597047255983732e-01
4.000000000000000000e+01 9.152140432123174740e-01
4.000000000000000000e+01 9.290118309278995179e-01
4.000000000000000000e+01 8.941116028573140584e-01
4.000000000000000000e+01 8.780871266823049304e-01
4.000000000000000000e+01 9.188305804683217781e-01
4.000000000000000000e+01 9.070846989923218029e-01
4.000000000000000000e+01 8.898686762032627096e-01
4.000000000000000000e+01 8.865008319554513738e-01
4.000000000000000000e+01 9.271943025139449679e-01
4.000000000000000000e+01 8.960486797689610761e-01
4.000000000000000000e+01 8.834235509371911599e-01
4.000000000000000000e+01 8.830621093156553192e-01
4.000000000000000000e+01 8.858269186020696351e-01
4.000000000000000000e+01 8.790629873868313071e-01
4.000000000000000000e+01 8.733966930022053488e-01
4.000000000000000000e+01 8.790060199411081632e-01
4.000000000000000000e+01 8.687099285291433048e-01
4.000000000000000000e+01 9.500036708231889282e-01
4.000000000000000000e+01 9.037671328964903550e-01
4.000000000000000000e+01 9.328313529412084470e-01
4.000000000000000000e+01 9.350370204516880168e-01
4.000000000000000000e+01 9.088177417552791848e-01
4.000000000000000000e+01 9.313208296633894712e-01
4.000000000000000000e+01 9.053871811277550696e-01
4.000000000000000000e+01 9.257063324475768296e-01
4.000000000000000000e+01 8.960284774795010954e-01
4.000000000000000000e+01 9.173864907397760726e-01
4.000000000000000000e+01 9.043169213761040881e-01
4.000000000000000000e+01 9.021299900020652851e-01
4.000000000000000000e+01 8.943916430150039565e-01
4.000000000000000000e+01 9.136050652105435210e-01
4.000000000000000000e+01 8.804250887461443353e-01
4.000000000000000000e+01 8.976071879500046036e-01
4.000000000000000000e+01 9.024257950454488419e-01
4.000000000000000000e+01 9.424458321885484935e-01
4.000000000000000000e+01 8.633056092551546490e-01
4.000000000000000000e+01 9.290571003685137441e-01
4.000000000000000000e+01 8.597133127313525414e-01
4.000000000000000000e+01 9.309334614260865726e-01
4.000000000000000000e+01 8.950620268561298998e-01
4.000000000000000000e+01 9.140569577949562152e-01
4.000000000000000000e+01 9.212072808470167518e-01
4.000000000000000000e+01 8.719155119218781058e-01
4.000000000000000000e+01 9.386815393018321796e-01
4.000000000000000000e+01 9.298867371409440530e-01
4.000000000000000000e+01 9.044661015394860337e-01
4.000000000000000000e+01 8.881003240207824279e-01
4.000000000000000000e+01 8.977220983339218030e-01
4.000000000000000000e+01 8.592870323277399525e-01
4.000000000000000000e+01 8.541035095308929792e-01
4.000000000000000000e+01 9.106202165233682200e-01
