4.000000000000000000e+01 8.569401918639393267e-01
4.000000000000000000e+01 8.647328959125388792e-01
4.000000000000000000e+01 8.700808821502852286e-01
4.000000000000000000e+01 9.277834192598193308e-01
4.000000000000000000e+01 8.822422762398570706e-01
4.000000000000000000e+01 9.196088045278955070e-01
4.000000000000000000e+01 9.797387900930282223e-01
4.000000000000000000e+01 8.323451101758158055e-01
4.000000000000000000e+01 8.467523239582450678e-01
4.000000000000000000e+01 8.538739554606951110e-01
4.000000000000000000e+01 8.635574091002314878e-01
4.000000000000000000e+01 8.971900885780165202e-01
4.000000000000000000e+01 8.517754184526964423e-01
4.000000000000000000e+01 8.128218560890756450e-01
4.000000000000000000e+01 8.764332670001493408e-01
4.000000000000000000e+01 8.125467074792541711e-01
4.000000000000000000e+01 8.220254952204828491e-01
4.000000000000000000e+01 8.003904631700851091e-01
4.000000000000000000e+01 8.560017166809792410e-01
4.000000000000000000e+01 8.412939389633729004e-01
4.000000000000000000e+01 9.138629090588497039e-01
4.000000000000000000e+01 8.513371625639644114e-01
4.000000000000000000e+01 8.533116520428102314e-01
4.000000000000000000e+01 9.823732106817134602e-01
4.000000000000000000e+01 9.174325668773900544e-01
4.000000000000000000e+01 9.290143805284355460e-01
4.000000000000000000e+01 7.885330581926082161e-01
4.000000000000000000e+01 8.415173375349582763e-01
4.000000000000000000e+01 8.778420934526089958e-01
4.000000000000000000e+01 8.888236600626696626e-01
4.000000000000000000e+01 8.569275068049855282e-01
4.000000000000000000e+01 8.096871581810870522e-01
4.000000000000000000e+01 8.105159380182649365e-01
4.000000000000000000e+01 7.879245620153831897e-01
4.000000000000000000e+01 8.348859520104586762e-01
4.000000000000000000e+01 8.543438975716575179e-01
4.000000000000000000e+01 9.273548066099199794e-01
4.000000000000000000e+01 9.739073355647849262e-01
4.000000000000000000e+01 9.376517374266031268e-01
4.000000000000000000e+01 8.217826354347038675e-01
4.000000000000000000e+01 8.923087248396448512e-01
4.000000000000000000e+01 8.796530375168802873e-01
4.000000000000000000e+01 8.626316174109748269e-01
4.000000000000000000e+01 8.201205256125931875e-01
4.000000000000000000e+01 8.501266195329720832e-01
4.000000000000000000e+01 8.390749862810050752e-01
4.000000000000000000e+01 8.485182911340705125e-01
4.000000000000000000e+01 8.427640126672233389e-01
4.000000000000000000e+01 9.160581419871159925e-01
4.000000000000000000e+01 8.695302850959344410e-01
4.000000000000000000e+01 8.488150531107203633e-01
4.000000000000000000e+01 8.561615515634846130e-01
4.000000000000000000e+01 8.866585246195969328e-01
4.000000000000000000e+01 9.219875624926867630e-01
4.000000000000000000e+01 8.310419046234609475e-01
4.000000000000000000e+01 8.623972272177253817e-01
4.000000000000000000e+01 8.532643912890607307e-01
4.000000000000000000e+01 7.748176319744135565e-01
4.000000000000000000e+01 8.033451125584818442e-01
4.000000000000000000e+01 8.843745315524235151e-01
4.000000000000000000e+01 8.074285722110503549e-01
4.000000000000000000e+01 9.341768381377375530e-01
4.000000000000000000e+01 8.245402061139313066e-01
4.000000000000000000e+01 8.638760594028895845e-01
4.000000000000000000e+01 8.518846075770281079e-01
4.000000000000000000e+01 9.259096103290264113e-01
4.000000000000000000e+01 8.558850072812590470e-01
4.000000000000000000e+01 8.800088331752167203e-01
4.000000000000000000e+01 9.121971120515691700e-01
4.000000000000000000e+01 8.952675831619290037e-01
4.000000000000000000e+01 8.109776047392059928e-01
4.000000000000000000e+01 8.457348558998167842e-01
4.000000000000000000e+01 8.931176657218020676e-01
4.000000000000000000e+01 8.148773415417026600e-01
4.000000000000000000e+01 8.503605579822904881e-01
4.000000000000000000e+01 8.516934182994274627e-01
4.000000000000000000e+01 8.735411341075033365e-01
4.000000000000000000e+01 8.502376669292853739e-01
4.000000000000000000e+01 9.610346271067941037e-01
4.000000000000000000e+01 8.594122307624154633e-01
4.000000000000000000e+01 8.075871234239117014e-01
4.000000000000000000e+01 8.145098500798462204e-01
4.000000000000000000e+01 8.826644177721995055e-01
4.000000000000000000e+01 8.167959333778732622e-01
4.000000000000000000e+01 8.653867388363768454e-01
4.000000000000000000e+01 8.511801664439979653e-01
4.000000000000000000e+01 8.551170451211999035e-01
4.000000000000000000e+01 7.959846172590525626e-01
4.000000000000000000e+01 8.231834428206072918e-01
4.000000000000000000e+01 8.763563392789521789e-01
4.000000000000000000e+01 8.208630136107469832e-01
4.000000000000000000e+01 9.357654186999592172e-01
4.000000000000000000e+01 8.062771754969714211e-01
4.000000000000000000e+01 8.414557569779643753e-01
4.000000000000000000e+01 8.226030145268177218e-01
4.000000000000000000e+01 8.644365512002292196e-01
4.000000000000000000e+01 8.400866153971207062e-01
4.000000000000000000e+01 8.387943804749079524e-01
4.000000000000000000e+01 9.364508872199583944e-01
4.000000000000000000e+01 8.349754389918284669e-01
4.000000000000000000e+01 8.281142014073412660e-01
4.000000000000000000e+01 8.731112860903648132e-01
4.000000000000000000e+01 8.909006191802031349e-01
4.000000000000000000e+01 8.192049134331280680e-01
4.000000000000000000e+01 9.748189103843013514e-01
4.000000000000000000e+01 8.304911667701010414e-01
4.000000000000000000e+01 7.949542977533307075e-01
4.000000000000000000e+01 8.689713628243900256e-01
4.000000000000000000e+01 8.677086962241765677e-01
4.000000000000000000e+01 9.509664958520041012e-01
4.000000000000000000e+01 8.991717490971389282e-01
4.000000000000000000e+01 8.627364215624891974e-01
4.000000000000000000e+01 8.572686959932218631e-01
4.000000000000000000e+01 9.118383165658672240e-01
4.000000000000000000e+01 8.306884830474456916e-01
4.000000000000000000e+01 9.090156785421658059e-01
4.000000000000000000e+01 7.873576213412692981e-01
4.000000000000000000e+01 9.716660867365400911e-01
4.000000000000000000e+01 8.827429905011209277e-01
4.000000000000000000e+01 8.304536998633098577e-01
4.000000000000000000e+01 8.696504456640448133e-01
4.000000000000000000e+01 8.287253454710206135e-01
4.000000000000000000e+01 8.379599830117022696e-01
4.000000000000000000e+01 8.661705766857339395e-01
4.000000000000000000e+01 8.301243933874156156e-01
4.000000000000000000e+01 8.523933539048733632e-01
4.000000000000000000e+01 8.679284051710032255e-01
4.000000000000000000e+01 8.954245280428486664e-01
4.000000000000000000e+01 9.149880445117214434e-01
4.000000000000000000e+01 8.568103572597749462e-01
4.000000000000000000e+01 8.482074211868038116e-01
4.000000000000000000e+01 8.456353628756243523e-01
4.000000000000000000e+01 8.421263262222342671e-01
4.000000000000000000e+01 8.910150618342548290e-01
4.000000000000000000e+01 8.515624902271152763e-01
4.000000000000000000e+01 7.882198869035826894e-01
4.000000000000000000e+01 8.645134452411022963e-01
4.000000000000000000e+01 8.723528764692033421e-01
4.000000000000000000e+01 8.553787144150787336e-01
4.000000000000000000e+01 8.202013682060594890e-01
4.000000000000000000e+01 8.217453505447658291e-01
4.000000000000000000e+01 8.380769858996731658e-01
4.000000000000000000e+01 8.297499550858126183e-01
4.000000000000000000e+01 8.181947730370032756e-01
4.000000000000000000e+01 8.339095627907238129e-01
4.000000000000000000e+01 8.507667908775110588e-01
4.000000000000000000e+01 8.263007814625299430e-01
4.000000000000000000e+01 8.751211306068912288e-01
4.000000000000000000e+01 8.444341289551779983e-01
4.000000000000000000e+01 8.560730794320451364e-01
4.000000000000000000e+01 9.465233637101858610e-01
4.000000000000000000e+01 8.786089348918258990e-01
4.000000000000000000e+01 8.930418635615720024e-01
4.000000000000000000e+01 8.508280049957658298e-01
4.000000000000000000e+01 9.066549605456282190e-01
4.000000000000000000e+01 9.221688482353013194e-01
4.000000000000000000e+01 8.292694851909035991e-01
4.000000000000000000e+01 9.259401299869916002e-01
4.000000000000000000e+01 9.064268615676120966e-01
4.000000000000000000e+01 7.998509747047949370e-01
4.000000000000000000e+01 8.769437874224300655e-01
4.000000000000000000e+01 8.971178450218252332e-01
4.000000000000000000e+01 9.000280616691271884e-01
4.000000000000000000e+01 8.426682274852899113e-01
4.000000000000000000e+01 7.923258075055001903e-01
4.000000000000000000e+01 9.300980873031151619e-01
4.000000000000000000e+01 8.910941211350430491e-01
4.000000000000000000e+01 8.617010518182418588e-01
4.000000000000000000e+01 8.509879413740304432e-01
4.000000000000000000e+01 8.841143309383032722e-01
4.000000000000000000e+01 8.633632403620139506e-01
4.000000000000000000e+01 7.943316267470237335e-01
4.000000000000000000e+01 8.113881850883104541e-01
4.000000000000000000e+01 7.902800515294596817e-01
4.000000000000000000e+01 8.652057338539559384e-01
4.000000000000000000e+01 8.773329883408430563e-01
4.000000000000000000e+01 8.700165920310631851e-01
4.000000000000000000e+01 9.310379864551879825e-01
4.000000000000000000e+01 8.748714038903453449e-01
4.000000000000000000e+01 8.316610303790823444e-01
4.000000000000000000e+01 8.048522528115281682e-01
4.000000000000000000e+01 8.291297274662344785e-01
4.000000000000000000e+01 8.181856425497396890e-01
4.000000000000000000e+01 9.109030378488121027e-01
4.000000000000000000e+01 8.492836456855774596e-01
4.000000000000000000e+01 8.171750892056729443e-01
4.000000000000000000e+01 9.013777310352143468e-01
4.000000000000000000e+01 8.531078732865909897e-01
4.000000000000000000e+01 8.475633148048220544e-01
4.000000000000000000e+01 8.608172688063833178e-01
4.000000000000000000e+01 8.871139770174401029e-01
4.000000000000000000e+01 9.046187889173982200e-01
4.000000000000000000e+01 8.866468290613551684e-01
4.000000000000000000e+01 7.958915042321075273e-01
4.000000000000000000e+01 7.771273671616095724e-01
4.000000000000000000e+01 8.561486652092578087e-01
4.000000000000000000e+01 8.709936457936561238e-01
4.000000000000000000e+01 8.092254532772510389e-01
4.000000000000000000e+01 8.780032850380945497e-01
4.000000000000000000e+01 8.668396659079276034e-01
