4.000000000000000000e+01 9.069308303506363744e-01
4.000000000000000000e+01 8.927348449193255320e-01
4.000000000000000000e+01 8.808963969024004026e-01
4.000000000000000000e+01 8.774838003707949863e-01
4.000000000000000000e+01 8.936699799863937477e-01
4.000000000000000000e+01 9.535944634369130091e-01
4.000000000000000000e+01 9.618511796056865570e-01
4.000000000000000000e+01 9.060337247175617170e-01
4.000000000000000000e+01 8.977397199787991999e-01
4.000000000000000000e+01 8.959006080251633586e-01
4.000000000000000000e+01 9.186807647621840767e-01
4.000000000000000000e+01 9.130470189239733303e-01
4.000000000000000000e+01 8.894995225222810387e-01
4.000000000000000000e+01 9.164250294401861119e-01
4.000000000000000000e+01 9.326198015054258939e-01
4.000000000000000000e+01 9.456220397178545234e-01
4.000000000000000000e+01 8.809026430687869613e-01
4.000000000000000000e+01 8.866215370839450882e-01
4.000000000000000000e+01 9.310871938416531712e-01
4.000000000000000000e+01 8.498137973483641527e-01
4.000000000000000000e+01 8.839819342364988453e-01
4.000000000000000000e+01 9.164920507638920633e-01
4.000000000000000000e+01 9.324851899049998449e-01
4.000000000000000000e+01 9.024271019642465808e-01
4.000000000000000000e+01 9.396585093689849844e-01
4.000000000000000000e+01 9.144993776761387583e-01
4.000000000000000000e+01 9.103203408978568500e-01
4.000000000000000000e+01 8.771391061480825480e-01
4.000000000000000000e+01 9.089013647894810255e-01
4.000000000000000000e+01 8.875915233729875231e-01
4.000000000000000000e+01 9.070074048306758785e-01
4.000000000000000000e+01 9.076538796052873170e-01
4.000000000000000000e+01 8.867743540426168414e-01
4.000000000000000000e+01 9.024833383496454475e-01
4.000000000000000000e+01 9.047174657949353938e-01
4.000000000000000000e+01 8.736502174350218031e-01
4.000000000000000000e+01 9.039181066058613601e-01
4.000000000000000000e+01 9.013984718273094776e-01
4.000000000000000000e+01 8.750673625036519132e-01
4.000000000000000000e+01 9.186101026424092764e-01
4.000000000000000000e+01 9.018404388518715953e-01
4.000000000000000000e+01 9.227529196220181085e-01
4.000000000000000000e+01 9.137155521072709563e-01
4.000000000000000000e+01 8.942590716353353564e-01
4.000000000000000000e+01 8.951038696808867323e-01
4.000000000000000000e+01 8.966643326982790541e-01
4.000000000000000000e+01 9.042047806325960169e-01
4.000000000000000000e+01 9.023648377372246454e-01
4.000000000000000000e+01 9.260332787042864222e-01
4.000000000000000000e+01 9.029912714724590561e-01
4.000000000000000000e+01 8.860386072738956065e-01
4.000000000000000000e+01 8.770678298837825126e-01
4.000000000000000000e+01 8.970110407653923978e-01
4.000000000000000000e+01 9.096332476484898510e-01
4.000000000000000000e+01 8.822017266559230020e-01
4.000000000000000000e+01 9.237678421643680249e-01
4.000000000000000000e+01 8.876418847725922046e-01
4.000000000000000000e+01 9.082894506242635835e-01
4.000000000000000000e+01 8.900441013943031221e-01
4.000000000000000000e+01 9.072367657192076384e-01
4.000000000000000000e+01 8.921856344899319335e-01
4.000000000000000000e+01 9.180060582473460462e-01
4.000000000000000000e+01 8.817306769964798896e-01
4.000000000000000000e+01 8.808433305281544445e-01
4.000000000000000000e+01 8.733572718345696817e-01
4.000000000000000000e+01 9.031447467720763456e-01
4.000000000000000000e+01 9.032564043116247943e-01
4.000000000000000000e+01 9.046391663527898475e-01
4.000000000000000000e+01 9.581911684813050334e-01
4.000000000000000000e+01 9.250070795262865797e-01
4.000000000000000000e+01 9.031867914783188178e-01
4.000000000000000000e+01 8.792339251145543377e-01
4.000000000000000000e+01 9.437099299522433427e-01
4.000000000000000000e+01 8.975575293883915062e-01
4.000000000000000000e+01 9.074744904271030421e-01
4.000000000000000000e+01 9.247160507713712008e-01
4.000000000000000000e+01 8.997393370636844745e-01
4.000000000000000000e+01 9.090286234252265007e-01
4.000000000000000000e+01 8.602261468160410374e-01
4.000000000000000000e+01 8.878171354559867279e-01
4.000000000000000000e+01 9.434535095857121689e-01
4.000000000000000000e+01 8.909525242167934955e-01
4.000000000000000000e+01 9.143712351853721110e-01
4.000000000000000000e+01 8.941932375130785537e-01
4.000000000000000000e+01 9.177709182568812851e-01
4.000000000000000000e+01 9.201001154632745260e-01
4.000000000000000000e+01 9.051256657130086758e-01
4.000000000000000000e+01 8.856446734651960417e-01
4.000000000000000000e+01 8.842965668987956551e-01
4.000000000000000000e+01 9.312240751838009034e-01
4.000000000000000000e+01 8.898849296874338233e-01
4.000000000000000000e+01 9.078887616406375871e-01
4.000000000000000000e+01 8.963882259796198682e-01
4.000000000000000000e+01 8.953961175217198809e-01
4.000000000000000000e+01 9.025048073592839559e-01
4.000000000000000000e+01 8.933555909168766629e-01
4.000000000000000000e+01 9.067136789813138309e-01
4.000000000000000000e+01 9.085969023671435219e-01
4.000000000000000000e+01 9.351467097167671660e-01
4.000000000000000000e+01 9.018929141778435632e-01
4.000000000000000000e+01 9.111544176835045805e-01
4.000000000000000000e+01 9.099039852564567710e-01
4.000000000000000000e+01 8.944907347661483765e-01
4.000000000000000000e+01 9.088055400836658748e-01
4.000000000000000000e+01 9.549204709397495217e-01
4.000000000000000000e+01 8.976821789378139904e-01
4.000000000000000000e+01 9.150038644658872178e-01
4.000000000000000000e+01 8.969151572578474285e-01
4.000000000000000000e+01 9.531314199400504616e-01
4.000000000000000000e+01 9.196770624836561048e-01
4.000000000000000000e+01 8.952918327370220641e-01
4.000000000000000000e+01 8.844948135363076558e-01
4.000000000000000000e+01 9.172644115698075362e-01
4.000000000000000000e+01 9.044163481903728652e-01
4.000000000000000000e+01 9.370588071070553582e-01
4.000000000000000000e+01 8.934246218028886188e-01
4.000000000000000000e+01 9.052465030875406216e-01
4.000000000000000000e+01 8.885951548820600898e-01
4.000000000000000000e+01 9.237545308364522034e-01
4.000000000000000000e+01 9.003554129515022320e-01
4.000000000000000000e+01 8.877879556476668821e-01
4.000000000000000000e+01 9.034158738541067102e-01
4.000000000000000000e+01 9.347527071868538817e-01
4.000000000000000000e+01 9.009138761746722235e-01
4.000000000000000000e+01 8.768747669905142539e-01
4.000000000000000000e+01 8.824597886049797557e-01
4.000000000000000000e+01 8.981602449650551989e-01
4.000000000000000000e+01 9.077400604910665916e-01
4.000000000000000000e+01 9.055872689858077695e-01
4.000000000000000000e+01 9.106380234750510727e-01
4.000000000000000000e+01 9.190691764561080834e-01
4.000000000000000000e+01 9.226312214390259836e-01
4.000000000000000000e+01 9.016160633722070106e-01
4.000000000000000000e+01 9.107352757689692879e-01
4.000000000000000000e+01 9.088518597372472474e-01
4.000000000000000000e+01 9.221882167213635295e-01
4.000000000000000000e+01 8.845309374588540274e-01
4.000000000000000000e+01 9.005569608693542172e-01
4.000000000000000000e+01 8.671077956764321470e-01
4.000000000000000000e+01 8.686991247501979485e-01
4.000000000000000000e+01 8.899092160918240513e-01
4.000000000000000000e+01 8.954013117739717531e-01
4.000000000000000000e+01 8.997861592800986408e-01
4.000000000000000000e+01 8.859194483576221524e-01
4.000000000000000000e+01 8.918799309530348607e-01
4.000000000000000000e+01 8.899784291520477231e-01
4.000000000000000000e+01 9.039707211982981327e-01
4.000000000000000000e+01 8.816179208317738158e-01
4.000000000000000000e+01 8.689203749249913011e-01
4.000000000000000000e+01 9.206617696237421322e-01
4.000000000000000000e+01 9.341779720054393943e-01
4.000000000000000000e+01 8.897533723427257790e-01
4.000000000000000000e+01 8.925785194356011809e-01
4.000000000000000000e+01 8.889022697313122556e-01
4.000000000000000000e+01 8.824459811890398298e-01
4.000000000000000000e+01 8.933014009347248763e-01
4.000000000000000000e+01 9.042649877149132598e-01
4.000000000000000000e+01 9.384099866978760085e-01
4.000000000000000000e+01 8.933829272893083484e-01
4.000000000000000000e+01 9.242843513398872890e-01
4.000000000000000000e+01 8.940791445217086686e-01
4.000000000000000000e+01 9.123423960698557877e-01
4.000000000000000000e+01 8.958057052287075051e-01
4.000000000000000000e+01 8.898027056223445364e-01
4.000000000000000000e+01 9.012664160013694747e-01
4.000000000000000000e+01 8.756544017483743891e-01
4.000000000000000000e+01 9.097498155852830060e-01
4.000000000000000000e+01 8.812645594068884147e-01
4.000000000000000000e+01 8.944287563731495583e-01
4.000000000000000000e+01 8.845536143574779242e-01
4.000000000000000000e+01 8.903185215045404943e-01
4.000000000000000000e+01 9.445334405693773805e-01
4.000000000000000000e+01 9.304352820366225130e-01
4.000000000000000000e+01 8.740060738163463183e-01
4.000000000000000000e+01 9.219357595060196919e-01
4.000000000000000000e+01 8.663585570324068286e-01
4.000000000000000000e+01 9.285916016360080683e-01
4.000000000000000000e+01 9.005335304383311756e-01
4.000000000000000000e+01 9.342072955139233414e-01
4.000000000000000000e+01 8.753290078848102729e-01
4.000000000000000000e+01 8.937271992954030075e-01
4.000000000000000000e+01 8.805484769461366934e-01
4.000000000000000000e+01 9.196343049947166559e-01
4.000000000000000000e+01 9.141273190245268188e-01
4.000000000000000000e+01 8.899112559365771613e-01
4.000000000000000000e+01 8.902025420749185569e-01
4.000000000000000000e+01 9.042132631623683858e-01
4.000000000000000000e+01 8.815772800292382971e-01
4.000000000000000000e+01 8.974958160953629971e-01
4.000000000000000000e+01 8.756289195054599572e-01
4.000000000000000000e+01 9.123711621835260965e-01
4.000000000000000000e+01 8.771387249033155697e-01
4.000000000000000000e+01 9.310512410415880957e-01
4.000000000000000000e+01 9.232333809239633426e-01
4.000000000000000000e+01 8.764767088483815805e-01
4.000000000000000000e+01 8.919664222059103809e-01
4.000000000000000000e+01 8.899975122524848015e-01
4.000000000000000000e+01 9.168932960688257472e-01
4.000000000000000000e+01 8.954789590444584002e-01
4.000000000000000000e+01 9.153931888133297612e-01
1.500000000000000000e+01 9.341443958833012262e-01
4.900000000000000000e+01 9.104056635623325455e-01
7.900000000000000000e+01 9.037865695118439957e-01
5.100000000000000000e+01 8.873353452724879187e-01
8.500000000000000000e+01 9.292124604719114167e-01
5.800000000000000000e+01 8.935510330866884843e-01
3.100000000000000000e+01 8.701117644592107903e-01
9.500000000000000000e+01 8.876554040767100640e-01
5.200000000000000000e+01 9.385393932892260871e-01
3.900000000000000000e+01 8.785303010991970529e-01
3.200000000000000000e+01 8.912067290946035225e-01
4.400000000000000000e+01 9.052690543477015517e-01
8.600000000000000000e+01 9.024104537198076592e-01
3.300000000000000000e+01 8.587850760021926710e-01
8.300000000000000000e+01 9.135942495743812897e-01
6.400000000000000000e+01 9.316396836888425348e-01
7.700000000000000000e+01 9.793021502890184582e-01
4.400000000000000000e+01 8.850216065180239733e-01
4.100000000000000000e+01 9.107748444420334932e-01
9.000000000000000000e+00 9.395344688920461707e-01
1.800000000000000000e+01 9.158118376444605024e-01
4.100000000000000000e+01 9.059374692424597697e-01
8.100000000000000000e+01 9.240434288862969803e-01
9.400000000000000000e+01 9.522366147351304377e-01
9.400000000000000000e+01 9.052763076221695959e-01
5.000000000000000000e+01 8.911365153708573628e-01
5.900000000000000000e+01 8.853616132853152632e-01
9.400000000000000000e+01 9.336796596666706582e-01
7.600000000000000000e+01 9.102669675386407810e-01
9.400000000000000000e+01 8.856377895183963345e-01
4.000000000000000000e+01 9.173704608313644204e-01
5.000000000000000000e+01 9.011064129141475032e-01
6.100000000000000000e+01 9.324097451962541916e-01
2.200000000000000000e+01 8.818332955346426250e-01
9.600000000000000000e+01 8.752620442825794767e-01
9.000000000000000000e+01 9.202575565661340606e-01
9.800000000000000000e+01 9.226975686059208925e-01
8.700000000000000000e+01 8.844220032870959702e-01
6.000000000000000000e+01 9.054523387821380442e-01
3.100000000000000000e+01 9.075866113306753080e-01
7.700000000000000000e+01 9.230523078464933917e-01
6.100000000000000000e+01 8.992539001758570461e-01
9.700000000000000000e+01 9.527025655462695308e-01
8.200000000000000000e+01 9.371540837270347923e-01
9.900000000000000000e+01 9.091044381006758712e-01
4.000000000000000000e+01 8.777168922951698038e-01
6.100000000000000000e+01 8.722331944471903853e-01
6.900000000000000000e+01 8.901015702582751876e-01
6.900000000000000000e+01 9.262132546063798211e-01
7.800000000000000000e+01 9.013805559899299436e-01
6.700000000000000000e+01 8.878121199931136021e-01
8.500000000000000000e+01 8.905001136917427562e-01
9.300000000000000000e+01 8.962090650412901649e-01
8.400000000000000000e+01 9.027438541418019158e-01
6.600000000000000000e+01 9.008610123425598859e-01
2.800000000000000000e+01 9.009557610583740495e-01
4.900000000000000000e+01 8.796835901310735562e-01
7.300000000000000000e+01 8.815305638357465723e-01
9.100000000000000000e+01 9.247065203221628282e-01
7.200000000000000000e+01 8.802226552644204505e-01
1.500000000000000000e+01 9.343261255858406056e-01
6.000000000000000000e+01 9.171153378565677361e-01
1.500000000000000000e+01 9.047776199885312343e-01
5.000000000000000000e+01 8.949985583547743762e-01
6.900000000000000000e+01 9.124795574394077846e-01
2.000000000000000000e+01 9.011370824079553143e-01
4.000000000000000000e+01 9.089730512481660751e-01
9.700000000000000000e+01 8.734350535693815587e-01
7.100000000000000000e+01 9.104861831462400801e-01
7.200000000000000000e+01 9.386874300581511399e-01
3.200000000000000000e+01 9.136909505251364916e-01
3.800000000000000000e+01 9.128725815065791283e-01
4.100000000000000000e+01 9.191026016576896440e-01
9.000000000000000000e+01 9.381286010924935193e-01
5.300000000000000000e+01 9.446086051096560521e-01
9.500000000000000000e+01 8.606666200984620652e-01
1.000000000000000000e+02 8.943320974771894472e-01
4.800000000000000000e+01 9.394036693515347425e-01
5.600000000000000000e+01 8.963614192461870633e-01
9.200000000000000000e+01 9.465204076457194304e-01
3.600000000000000000e+01 8.732936244355119504e-01
8.400000000000000000e+01 9.127758624057972225e-01
7.700000000000000000e+01 9.264841398396109762e-01
9.600000000000000000e+01 8.840198803359935464e-01
7.300000000000000000e+01 9.268334087939642529e-01
4.500000000000000000e+01 8.940652638705279820e-01
6.300000000000000000e+01 9.249354560454170482e-01
9.100000000000000000e+01 9.494703596611719920e-01
5.200000000000000000e+01 9.241782603779642447e-01
6.700000000000000000e+01 9.359196645610853293e-01
3.200000000000000000e+01 9.461401740443188269e-01
1.000000000000000000e+02 9.238454324881647528e-01
6.300000000000000000e+01 9.338913310607502849e-01
4.700000000000000000e+01 9.448589258851710637e-01
9.200000000000000000e+01 8.984783667628192250e-01
7.100000000000000000e+01 9.325615529874907716e-01
4.700000000000000000e+01 8.851306288423507196e-01
1.300000000000000000e+01 8.794300045135152732e-01
8.100000000000000000e+01 8.856630697819639630e-01
3.200000000000000000e+01 9.170246124601381110e-01
9.600000000000000000e+01 8.808374398824257989e-01
6.800000000000000000e+01 9.147489210103392221e-01
7.900000000000000000e+01 9.418162191068185640e-01
4.200000000000000000e+01 9.410521100899508218e-01
7.000000000000000000e+00 9.220095866809602247e-01
3.200000000000000000e+01 8.763194024799403348e-01
6.400000000000000000e+01 8.663315304481075119e-01
3.200000000000000000e+01 9.455497502159425638e-01
7.000000000000000000e+00 9.419956531731433769e-01
7.500000000000000000e+01 8.763672656415734119e-01
7.300000000000000000e+01 9.573520639318807701e-01
3.000000000000000000e+01 8.953166677969556231e-01
7.200000000000000000e+01 9.250817820335760500e-01
4.700000000000000000e+01 9.143343479707625177e-01
5.100000000000000000e+01 8.923797694596651287e-01
8.400000000000000000e+01 9.646429679345538410e-01
6.100000000000000000e+01 9.135652172046683228e-01
4.100000000000000000e+01 9.286128985010406733e-01
1.000000000000000000e+01 8.904878340392634595e-01
7.600000000000000000e+01 8.926803745932700984e-01
9.000000000000000000e+01 8.966563771394628901e-01
1.000000000000000000e+02 8.887667467080879735e-01
9.100000000000000000e+01 9.249360891987734590e-01
9.000000000000000000e+00 9.130978527720237103e-01
6.700000000000000000e+01 8.880751028658433466e-01
5.700000000000000000e+01 9.050226949922440811e-01
8.000000000000000000e+01 9.681289005990617591e-01
3.700000000000000000e+01 8.867068472991315176e-01
2.400000000000000000e+01 8.918919580657751478e-01
9.100000000000000000e+01 9.134405629942438098e-01
3.500000000000000000e+01 8.947962239136337814e-01
4.500000000000000000e+01 8.946387894866367763e-01
6.100000000000000000e+01 8.631939745082396476e-01
7.200000000000000000e+01 9.268206718400373578e-01
7.400000000000000000e+01 9.727524841999235505e-01
2.300000000000000000e+01 9.150441509648566951e-01
8.100000000000000000e+01 9.238164196458140687e-01
6.300000000000000000e+01 8.667753686996896301e-01
8.800000000000000000e+01 8.814955069720178393e-01
8.500000000000000000e+01 9.295918912493249531e-01
1.000000000000000000e+02 9.007411318416257417e-01
4.500000000000000000e+01 9.043382036018819958e-01
5.200000000000000000e+01 8.969621948627850561e-01
8.200000000000000000e+01 9.082150699839655061e-01
5.000000000000000000e+01 8.895163353500314951e-01
9.900000000000000000e+01 9.246335270593525335e-01
7.600000000000000000e+01 8.940115699781043812e-01
5.800000000000000000e+01 8.879322452344520222e-01
7.000000000000000000e+01 9.363952911446412619e-01
5.300000000000000000e+01 9.235972592725376629e-01
9.900000000000000000e+01 9.224761298549952748e-01
6.500000000000000000e+01 9.426381599304216596e-01
6.200000000000000000e+01 9.091871251609315863e-01
9.000000000000000000e+01 9.280690104901138104e-01
8.700000000000000000e+01 8.931547487348703296e-01
6.000000000000000000e+00 9.203000293446279567e-01
2.800000000000000000e+01 8.892445763755987276e-01
5.600000000000000000e+01 8.936756163418740906e-01
7.000000000000000000e+01 8.835688986388320343e-01
3.000000000000000000e+01 8.927007018887855860e-01
3.900000000000000000e+01 9.056332847003989439e-01
5.300000000000000000e+01 9.072502616390806240e-01
6.500000000000000000e+01 9.047553040515916578e-01
7.900000000000000000e+01 9.051049205900189021e-01
6.600000000000000000e+01 8.947164577445360090e-01
4.100000000000000000e+01 9.339973512125595567e-01
6.800000000000000000e+01 8.838661950015169744e-01
4.100000000000000000e+01 9.175422403452504483e-01
3.400000000000000000e+01 9.383549337072429886e-01
9.500000000000000000e+01 9.236015584510385290e-01
3.900000000000000000e+01 8.939279439992556808e-01
6.300000000000000000e+01 8.777723746510696090e-01
9.400000000000000000e+01 8.803381795717620806e-01
8.400000000000000000e+01 9.403717819947186030e-01
3.100000000000000000e+01 9.089668643111363799e-01
7.400000000000000000e+01 8.737816723148383868e-01
7.100000000000000000e+01 9.129802193322890114e-01
9.900000000000000000e+01 9.284674861705236593e-01
8.300000000000000000e+01 8.897386075477682343e-01
2.300000000000000000e+01 8.866844013607155794e-01
1.600000000000000000e+01 8.719072887243360936e-01
1.900000000000000000e+01 9.044698221810012484e-01
8.000000000000000000e+00 9.035841552038014202e-01
8.900000000000000000e+01 9.527808436142068960e-01
1.600000000000000000e+01 9.055396359071528067e-01
9.000000000000000000e+01 9.570817754947834599e-01
5.800000000000000000e+01 9.889336763691529697e-01
4.000000000000000000e+01 9.224983304082008395e-01
6.000000000000000000e+00 9.402342235449865360e-01
4.000000000000000000e+01 9.270369176478625572e-01
5.200000000000000000e+01 9.347542766844980644e-01
1.000000000000000000e+02 9.001954440014088288e-01
9.600000000000000000e+01 9.257427791822877561e-01
6.700000000000000000e+01 9.693769057041100590e-01
3.000000000000000000e+01 8.954053616631146850e-01
6.600000000000000000e+01 8.794478146648347927e-01
1.400000000000000000e+01 8.918976922398722529e-01
3.500000000000000000e+01 8.837669630613488314e-01
3.900000000000000000e+01 8.583718060427241170e-01
7.700000000000000000e+01 8.958418714372939906e-01
8.200000000000000000e+01 8.618320487949114872e-01
7.400000000000000000e+01 8.975581202324137697e-01
9.700000000000000000e+01 8.852478636984091320e-01
7.600000000000000000e+01 9.536713935447955759e-01
8.600000000000000000e+01 9.262308988698960688e-01
7.600000000000000000e+01 8.940229105127507347e-01
8.100000000000000000e+01 8.879761684575171454e-01
9.000000000000000000e+01 9.248271149628062293e-01
7.800000000000000000e+01 8.998670196892752937e-01
8.000000000000000000e+01 9.365088067833405860e-01
3.700000000000000000e+01 9.164179762082095282e-01
3.400000000000000000e+01 9.389362190264891606e-01
7.700000000000000000e+01 9.607504049592722195e-01
5.200000000000000000e+01 9.053248427430600209e-01
9.600000000000000000e+01 9.593189909712507291e-01
4.100000000000000000e+01 8.726187443209689754e-01
6.400000000000000000e+01 8.784193778718246692e-01
5.700000000000000000e+01 9.013401497705727516e-01
5.700000000000000000e+01 8.890676179731064055e-01
4.800000000000000000e+01 9.293274366738619729e-01
6.500000000000000000e+01 8.982936948477491246e-01
4.000000000000000000e+01 9.031099326010116890e-01
4.800000000000000000e+01 9.059514500113321489e-01
7.700000000000000000e+01 9.023444490668905971e-01
4.800000000000000000e+01 9.089400773058311511e-01
2.300000000000000000e+01 9.038312044150070834e-01
8.600000000000000000e+01 9.617483909984226864e-01
8.500000000000000000e+01 8.973255111710297660e-01
1.200000000000000000e+01 8.812246924219357957e-01
7.700000000000000000e+01 9.609136390918685544e-01
3.100000000000000000e+01 9.036034828057140089e-01
5.700000000000000000e+01 9.541817631891523765e-01
2.700000000000000000e+01 8.710860615425088938e-01
4.400000000000000000e+01 9.042960062697100732e-01
6.900000000000000000e+01 8.690316556042081420e-01
8.000000000000000000e+00 8.951685057405934787e-01
6.700000000000000000e+01 9.098784188554867036e-01
3.800000000000000000e+01 8.836098308789852585e-01
5.900000000000000000e+01 9.056664635021949294e-01
6.000000000000000000e+01 9.494590130166282727e-01
8.500000000000000000e+01 8.893503506169880835e-01
4.700000000000000000e+01 8.962061767154154701e-01
9.700000000000000000e+01 8.884640932154393989e-01
6.000000000000000000e+01 8.926359238151916342e-01
4.100000000000000000e+01 8.862614917563433892e-01
6.700000000000000000e+01 9.060887987618894135e-01
6.600000000000000000e+01 8.852574211432314710e-01
8.200000000000000000e+01 8.698292453194320650e-01
5.200000000000000000e+01 8.935375151603922594e-01
2.400000000000000000e+01 9.187812282640231976e-01
9.600000000000000000e+01 9.462251930597576077e-01
8.500000000000000000e+01 9.052414995904313200e-01
1.400000000000000000e+01 8.732248392450471242e-01
3.600000000000000000e+01 9.107438787965402849e-01
3.800000000000000000e+01 8.776643697272784594e-01
5.000000000000000000e+01 8.842122909599751113e-01
2.100000000000000000e+01 9.335707547146255836e-01
8.000000000000000000e+01 8.890548359537490120e-01
3.500000000000000000e+01 8.897563119190371461e-01
2.700000000000000000e+01 8.739140131623684971e-01
8.600000000000000000e+01 9.039304732673004716e-01
2.000000000000000000e+01 8.837936877686322079e-01
1.000000000000000000e+01 8.795978481084938405e-01
7.200000000000000000e+01 9.147332165252216596e-01
5.900000000000000000e+01 8.779319074183442595e-01
3.000000000000000000e+01 9.270330320175751426e-01
9.700000000000000000e+01 8.861993723074550466e-01
7.300000000000000000e+01 9.016929641594230160e-01
1.500000000000000000e+01 8.889698387420004178e-01
4.500000000000000000e+01 9.089028006413240046e-01
4.000000000000000000e+01 8.901166614653540643e-01
3.900000000000000000e+01 9.409580762104857721e-01
1.300000000000000000e+01 9.135226290892848322e-01
5.700000000000000000e+01 9.568043108083907899e-01
4.000000000000000000e+01 8.779224573842342449e-01
6.700000000000000000e+01 9.167415814660373474e-01
9.600000000000000000e+01 8.873843640377718778e-01
3.800000000000000000e+01 9.138440716056761559e-01
9.400000000000000000e+01 9.409346576561904429e-01
4.600000000000000000e+01 9.049655044689353112e-01
3.800000000000000000e+01 9.263876571015852157e-01
7.300000000000000000e+01 8.691824440653043160e-01
3.100000000000000000e+01 8.939462206883496131e-01
8.100000000000000000e+01 9.004478834295494005e-01
8.700000000000000000e+01 8.835581325818306908e-01
6.000000000000000000e+01 9.172890675367538771e-01
8.200000000000000000e+01 9.507260216255715157e-01
5.000000000000000000e+01 8.945423472715423596e-01
5.000000000000000000e+00 8.968105702429991499e-01
5.800000000000000000e+01 8.669334048855356079e-01
6.100000000000000000e+01 9.636543311074786677e-01
4.600000000000000000e+01 8.737458932483618268e-01
2.000000000000000000e+01 9.118670671283304330e-01
9.700000000000000000e+01 9.672700772159175120e-01
5.500000000000000000e+01 8.989113835796395113e-01
4.000000000000000000e+01 9.044441136933148995e-01
1.300000000000000000e+01 8.733164613678725541e-01
9.700000000000000000e+01 9.196264296572205232e-01
4.600000000000000000e+01 8.824585588295134064e-01
9.200000000000000000e+01 9.480367710135529924e-01
5.400000000000000000e+01 9.524904006779192356e-01
8.500000000000000000e+01 9.134868716358293117e-01
7.600000000000000000e+01 8.732462368966101840e-01
7.300000000000000000e+01 8.832675835154754074e-01
9.500000000000000000e+01 9.865711822512491791e-01
2.100000000000000000e+01 9.363493840671001101e-01
7.500000000000000000e+01 9.612938508317192543e-01
6.500000000000000000e+01 8.920797798870384598e-01
4.700000000000000000e+01 8.705541740669345829e-01
8.300000000000000000e+01 9.246651146471275284e-01
1.900000000000000000e+01 8.917193361593409584e-01
9.200000000000000000e+01 8.691600907603480586e-01
7.200000000000000000e+01 9.180917855170566133e-01
8.800000000000000000e+01 9.080977401541662219e-01
4.200000000000000000e+01 8.719658151097555709e-01
8.800000000000000000e+01 9.292233305204214977e-01
6.100000000000000000e+01 8.895319924379747611e-01
6.600000000000000000e+01 9.239220556765419534e-01
7.200000000000000000e+01 8.776091812619728483e-01
1.800000000000000000e+01 9.165991121838498179e-01
3.600000000000000000e+01 8.920068622796868407e-01
2.600000000000000000e+01 8.890785955218888370e-01
5.200000000000000000e+01 9.122019611619599511e-01
8.800000000000000000e+01 9.083513606067776802e-01
3.500000000000000000e+01 9.124755605308064732e-01
9.700000000000000000e+01 8.951606815426911279e-01
6.300000000000000000e+01 8.935056686969126138e-01
5.900000000000000000e+01 8.941699575529145072e-01
4.400000000000000000e+01 8.944963625683098885e-01
6.000000000000000000e+01 8.813852421428619577e-01
2.500000000000000000e+01 8.970598665429615481e-01
2.400000000000000000e+01 9.296901923630168652e-01
7.100000000000000000e+01 9.128867933455581118e-01
5.400000000000000000e+01 9.179315811695154537e-01
2.400000000000000000e+01 9.042693946614123179e-01
2.500000000000000000e+01 9.044364983180358530e-01
2.500000000000000000e+01 9.049480896995647505e-01
2.300000000000000000e+01 8.817478490786113676e-01
4.000000000000000000e+01 8.800765232137433003e-01
3.200000000000000000e+01 9.038868311370263919e-01
5.400000000000000000e+01 9.221893001277547963e-01
3.500000000000000000e+01 9.327845777316761122e-01
1.000000000000000000e+01 9.169426924114399968e-01
4.600000000000000000e+01 9.202498614121217280e-01
2.300000000000000000e+01 9.082223215180829090e-01
9.700000000000000000e+01 9.298538241826875828e-01
2.700000000000000000e+01 8.709944108181518763e-01
2.500000000000000000e+01 9.338184103857901652e-01
6.300000000000000000e+01 8.685526691084658468e-01
7.500000000000000000e+01 8.927396347435628821e-01
7.400000000000000000e+01 9.035997009904054300e-01
7.700000000000000000e+01 9.290731819882390718e-01
5.600000000000000000e+01 9.089743672203391966e-01
2.600000000000000000e+01 9.241988417293738323e-01
4.100000000000000000e+01 9.103730029440700866e-01
7.600000000000000000e+01 8.800742940330634756e-01
3.200000000000000000e+01 9.387292870970139758e-01
8.000000000000000000e+01 9.048608076798291266e-01
6.400000000000000000e+01 9.343949130399579195e-01
1.000000000000000000e+02 9.620398462919366178e-01
2.600000000000000000e+01 8.822837387304882650e-01
9.300000000000000000e+01 9.240801028863464550e-01
9.300000000000000000e+01 8.600295493570235816e-01
3.000000000000000000e+00 9.369795652193025903e-01
1.200000000000000000e+01 9.047864500330969895e-01
7.300000000000000000e+01 9.057645172244197518e-01
7.600000000000000000e+01 9.373189134639399178e-01
9.300000000000000000e+01 9.485176199439562250e-01
6.600000000000000000e+01 9.224498256692384990e-01
7.400000000000000000e+01 9.472331597324766816e-01
7.500000000000000000e+01 8.804604772493150877e-01
2.800000000000000000e+01 9.313149727801962596e-01
9.200000000000000000e+01 8.912555335536106460e-01
4.200000000000000000e+01 9.015603641936156265e-01
9.000000000000000000e+00 9.008997477525593212e-01
5.000000000000000000e+01 9.015361035270815782e-01
4.900000000000000000e+01 9.152331330315573998e-01
7.500000000000000000e+01 8.792400940321498659e-01
6.600000000000000000e+01 9.174109183962524394e-01
5.800000000000000000e+01 9.388067523316722118e-01
9.300000000000000000e+01 9.564418002242948136e-01
8.500000000000000000e+01 9.263240686832374671e-01
4.500000000000000000e+01 8.957790327956605125e-01
9.900000000000000000e+01 8.909455004434974068e-01
6.000000000000000000e+01 9.230149269680654189e-01
5.500000000000000000e+01 8.874980088272933498e-01
9.500000000000000000e+01 8.795541334040734016e-01
6.700000000000000000e+01 8.946545939653381962e-01
3.200000000000000000e+01 9.084656953692361592e-01
6.700000000000000000e+01 9.450728956359147892e-01
9.300000000000000000e+01 8.888031981209181254e-01
4.200000000000000000e+01 8.815768962130240416e-01
8.600000000000000000e+01 8.578975431586068900e-01
3.100000000000000000e+01 8.994312566534844455e-01
2.600000000000000000e+01 8.964176605346124704e-01
6.800000000000000000e+01 8.795619415939538444e-01
3.200000000000000000e+01 9.058487306215055046e-01
7.100000000000000000e+01 9.085588637019763603e-01
7.100000000000000000e+01 8.862568447090355406e-01
7.000000000000000000e+01 8.779335071612606178e-01
1.260000000000000000e+02 9.595556576584832742e-01
1.340000000000000000e+02 9.490766797900253016e-01
1.400000000000000000e+02 9.333288551105368702e-01
1.460000000000000000e+02 9.249811505281926305e-01
1.060000000000000000e+02 9.529875980225600562e-01
1.220000000000000000e+02 9.260362179421117723e-01
1.430000000000000000e+02 9.392293867758246817e-01
1.390000000000000000e+02 9.223199320635001586e-01
1.310000000000000000e+02 9.131862291387233821e-01
1.430000000000000000e+02 9.465337066732832927e-01
1.260000000000000000e+02 9.496193264503844933e-01
1.170000000000000000e+02 9.256220841808990851e-01
1.050000000000000000e+02 9.112676300998945322e-01
1.050000000000000000e+02 8.931625120011528196e-01
1.000000000000000000e+02 8.926257062672353637e-01
1.390000000000000000e+02 9.155435647378317165e-01
1.440000000000000000e+02 9.105330516265689456e-01
1.360000000000000000e+02 9.161092461186379765e-01
1.240000000000000000e+02 9.163963697389518881e-01
1.160000000000000000e+02 9.242348239639220919e-01
1.160000000000000000e+02 9.160409136207444680e-01
1.280000000000000000e+02 9.015851254811565463e-01
1.170000000000000000e+02 8.774347614804679507e-01
1.490000000000000000e+02 9.195819610439446290e-01
1.060000000000000000e+02 9.173457668833251422e-01
1.300000000000000000e+02 8.782952857262654733e-01
1.350000000000000000e+02 9.140014752419823862e-01
1.270000000000000000e+02 8.950689700197789200e-01
1.060000000000000000e+02 9.282335249101741903e-01
1.000000000000000000e+02 8.777876234603957384e-01
1.350000000000000000e+02 8.760245441594052274e-01
1.450000000000000000e+02 9.391943592062190760e-01
1.070000000000000000e+02 9.022096432169935953e-01
1.000000000000000000e+02 8.773612623120043974e-01
1.020000000000000000e+02 8.801153248605680934e-01
1.120000000000000000e+02 9.028575924568786881e-01
1.320000000000000000e+02 9.259781000712536958e-01
1.210000000000000000e+02 9.156464037083541507e-01
1.310000000000000000e+02 9.228116264769866683e-01
1.140000000000000000e+02 9.220669404328567520e-01
1.470000000000000000e+02 9.312553394920560779e-01
1.420000000000000000e+02 9.411435161231281876e-01
1.480000000000000000e+02 9.127861037947129219e-01
1.360000000000000000e+02 9.371177801825527620e-01
1.210000000000000000e+02 8.989270501566449800e-01
1.400000000000000000e+02 8.549729970278632241e-01
1.140000000000000000e+02 9.467459786527064880e-01
1.010000000000000000e+02 8.741129352816597864e-01
1.500000000000000000e+02 9.516951201665798665e-01
1.280000000000000000e+02 9.450839030283073594e-01
1.280000000000000000e+02 8.882933518687347041e-01
1.010000000000000000e+02 9.204942806732619998e-01
1.210000000000000000e+02 9.190159099606010074e-01
1.380000000000000000e+02 9.255310083474739269e-01
1.470000000000000000e+02 8.868858755594403176e-01
1.470000000000000000e+02 9.250351612945620916e-01
1.320000000000000000e+02 9.045541866563164835e-01
1.260000000000000000e+02 9.089087574515242185e-01
1.010000000000000000e+02 8.795395568247970086e-01
1.040000000000000000e+02 9.643680084590415813e-01
1.100000000000000000e+02 9.218573929005634549e-01
1.370000000000000000e+02 9.444909504905719677e-01
1.090000000000000000e+02 8.841924604965304413e-01
1.300000000000000000e+02 8.914072544059401526e-01
1.020000000000000000e+02 9.557457481847617675e-01
1.360000000000000000e+02 9.094097058343502127e-01
1.370000000000000000e+02 9.085696391431692387e-01
1.100000000000000000e+02 9.180838138193501141e-01
1.280000000000000000e+02 9.232138323106890976e-01
1.280000000000000000e+02 9.260011005362215331e-01
1.210000000000000000e+02 9.174171161420143772e-01
1.070000000000000000e+02 8.833882900536254024e-01
1.260000000000000000e+02 9.155140911809097615e-01
1.260000000000000000e+02 9.554871081055157367e-01
1.420000000000000000e+02 9.105738070954511043e-01
1.460000000000000000e+02 9.416553559143622243e-01
1.220000000000000000e+02 9.132118671181813641e-01
1.220000000000000000e+02 8.979751107899308638e-01
1.170000000000000000e+02 9.111692697499046423e-01
1.340000000000000000e+02 9.301814986051102352e-01
1.030000000000000000e+02 8.952452421761096790e-01
1.210000000000000000e+02 8.836216773822527237e-01
1.200000000000000000e+02 9.244719759660662284e-01
1.180000000000000000e+02 8.951675091925588301e-01
1.000000000000000000e+02 8.862806528378001092e-01
1.110000000000000000e+02 9.622084972184498097e-01
1.260000000000000000e+02 8.967235071836026084e-01
1.410000000000000000e+02 9.322858979415974412e-01
1.220000000000000000e+02 8.996939380893046456e-01
1.100000000000000000e+02 9.290205501960622225e-01
1.400000000000000000e+02 9.593710470243358435e-01
1.110000000000000000e+02 9.378332513017890726e-01
1.020000000000000000e+02 9.030797039318058106e-01
1.250000000000000000e+02 9.287919074391595142e-01
1.320000000000000000e+02 9.122360352135076011e-01
1.480000000000000000e+02 9.151234001062179546e-01
1.310000000000000000e+02 9.181993416145816100e-01
1.250000000000000000e+02 8.897367845857987456e-01
1.450000000000000000e+02 9.082033558285695918e-01
1.500000000000000000e+02 9.446582431046604000e-01
1.290000000000000000e+02 9.210270504315145601e-01
1.080000000000000000e+02 9.181092600432577688e-01
1.470000000000000000e+02 9.101566041513106109e-01
1.350000000000000000e+02 9.559533112647123909e-01
1.140000000000000000e+02 9.081597002250504369e-01
1.450000000000000000e+02 9.011353157861140550e-01
1.480000000000000000e+02 8.983058780348026628e-01
1.020000000000000000e+02 9.181642504802717264e-01
1.140000000000000000e+02 9.620258196836448672e-01
1.290000000000000000e+02 9.185183124493409013e-01
1.170000000000000000e+02 9.278963145586637262e-01
1.270000000000000000e+02 9.268744337809197154e-01
1.090000000000000000e+02 8.904233039139751726e-01
1.000000000000000000e+02 9.626051099561576674e-01
1.380000000000000000e+02 8.787897917324049013e-01
1.460000000000000000e+02 8.907757482796239135e-01
1.070000000000000000e+02 8.830205790833934865e-01
1.480000000000000000e+02 9.131191167872594328e-01
1.320000000000000000e+02 9.262642581080620108e-01
1.140000000000000000e+02 9.598825823924186373e-01
1.320000000000000000e+02 9.457207131836470326e-01
1.380000000000000000e+02 8.982734918068933094e-01
1.320000000000000000e+02 9.554323493342891105e-01
1.350000000000000000e+02 8.999981870558849684e-01
1.230000000000000000e+02 9.138411469525188346e-01
1.190000000000000000e+02 9.391322334327492083e-01
1.200000000000000000e+02 9.119540553795452142e-01
1.300000000000000000e+02 9.374865341579846634e-01
1.340000000000000000e+02 9.021220552102170442e-01
1.110000000000000000e+02 9.263863862265435678e-01
1.030000000000000000e+02 8.874455560144220989e-01
1.250000000000000000e+02 9.768204297542281145e-01
1.090000000000000000e+02 9.071138792973407750e-01
1.370000000000000000e+02 8.896683129506488541e-01
1.280000000000000000e+02 9.191213449147683789e-01
1.110000000000000000e+02 9.076782005814640897e-01
1.470000000000000000e+02 9.018535545822384814e-01
1.420000000000000000e+02 8.895355999716018092e-01
1.260000000000000000e+02 9.255121124568443935e-01
1.110000000000000000e+02 8.987448280755001573e-01
1.140000000000000000e+02 9.007597112258926009e-01
1.470000000000000000e+02 9.312598277557023740e-01
1.270000000000000000e+02 9.477261357014361565e-01
1.220000000000000000e+02 9.264037748077545986e-01
1.040000000000000000e+02 9.243715723304120058e-01
1.450000000000000000e+02 9.479923513080150688e-01
1.030000000000000000e+02 8.833490679723678962e-01
1.340000000000000000e+02 8.896193733544937032e-01
1.050000000000000000e+02 9.491740148903683449e-01
1.270000000000000000e+02 9.410028229331146576e-01
1.310000000000000000e+02 9.023464839031225537e-01
1.490000000000000000e+02 9.265431621820497954e-01
1.070000000000000000e+02 8.925697361224677051e-01
1.190000000000000000e+02 9.020141105145889071e-01
1.010000000000000000e+02 9.176775828949326197e-01
1.000000000000000000e+02 8.926338370296483804e-01
1.280000000000000000e+02 9.392936420587004731e-01
1.070000000000000000e+02 9.124708458439242387e-01
1.490000000000000000e+02 9.418664450116336351e-01
1.260000000000000000e+02 9.723836498185789434e-01
1.260000000000000000e+02 9.189053386962893200e-01
1.500000000000000000e+02 9.188418306512723399e-01
1.040000000000000000e+02 9.123648507656543227e-01
1.490000000000000000e+02 9.075593955467113894e-01
1.280000000000000000e+02 9.377697375367490817e-01
1.160000000000000000e+02 8.946536173651461477e-01
1.340000000000000000e+02 9.261951423261628458e-01
1.260000000000000000e+02 9.121743656033666214e-01
1.500000000000000000e+02 9.553815581184238459e-01
1.340000000000000000e+02 9.050726985114000422e-01
1.330000000000000000e+02 9.234319248596913887e-01
1.470000000000000000e+02 9.071398031704848153e-01
1.410000000000000000e+02 8.898654023741190411e-01
1.460000000000000000e+02 8.995680448409483221e-01
1.140000000000000000e+02 8.882111724895872529e-01
1.180000000000000000e+02 9.103867392688353988e-01
1.400000000000000000e+02 9.689775679231014127e-01
1.500000000000000000e+02 9.221979667253479285e-01
1.170000000000000000e+02 9.171743362628695939e-01
1.330000000000000000e+02 9.500880778017496420e-01
1.260000000000000000e+02 8.971430167528652300e-01
1.160000000000000000e+02 9.270735427845873122e-01
1.210000000000000000e+02 9.505143452409754445e-01
1.480000000000000000e+02 9.388029298935615108e-01
1.440000000000000000e+02 8.985374586683082532e-01
1.440000000000000000e+02 9.294264136239344110e-01
1.320000000000000000e+02 9.377884548808610443e-01
1.320000000000000000e+02 9.014522563488613915e-01
1.370000000000000000e+02 9.533071833900379488e-01
1.420000000000000000e+02 9.358622701668057875e-01
1.190000000000000000e+02 9.387794125972785952e-01
1.270000000000000000e+02 9.320769951397033237e-01
1.460000000000000000e+02 9.361340320340061361e-01
1.210000000000000000e+02 9.510474224885537842e-01
1.180000000000000000e+02 9.432989584619480006e-01
1.370000000000000000e+02 9.272594094413623145e-01
1.180000000000000000e+02 9.198535212476280920e-01
1.320000000000000000e+02 8.985609471429554240e-01
1.160000000000000000e+02 9.605820240176452529e-01
1.490000000000000000e+02 8.919957925730346293e-01
