4.000000000000000000e+01 1.226229938054151258e+00 4.000000000000000000e+01
4.000000000000000000e+01 1.205299171607658426e+00 4.000000000000000000e+01
4.000000000000000000e+01 1.148802926020343396e+00 4.000000000000000000e+01
4.000000000000000000e+01 1.248509606301986263e+00 4.000000000000000000e+01
4.000000000000000000e+01 1.257422330201926730e+00 4.000000000000000000e+01
4.000000000000000000e+01 1.183966766623611111e+00 4.000000000000000000e+01
4.000000000000000000e+01 1.207520409290377295e+00 4.000000000000000000e+01
4.000000000000000000e+01 1.200883946799502500e+00 4.000000000000000000e+01
4.000000000000000000e+01 1.231707301331155469e+00 4.000000000000000000e+01
4.000000000000000000e+01 1.127344912833160295e+00 4.000000000000000000e+01
4.000000000000000000e+01 1.150929197603146603e+00 4.000000000000000000e+01
4.000000000000000000e+01 1.269323386239252782e+00 4.000000000000000000e+01
4.000000000000000000e+01 1.163390837633020203e+00 4.000000000000000000e+01
4.000000000000000000e+01 1.182055185080883364e+00 4.000000000000000000e+01
4.000000000000000000e+01 1.205629590296238174e+00 4.000000000000000000e+01
4.000000000000000000e+01 1.227840104944498911e+00 4.000000000000000000e+01
4.000000000000000000e+01 1.338551316946662073e+00 4.000000000000000000e+01
4.000000000000000000e+01 1.217622476942669341e+00 4.000000000000000000e+01
4.000000000000000000e+01 1.411245917510183467e+00 4.000000000000000000e+01
4.000000000000000000e+01 1.160568383441133333e+00 4.000000000000000000e+01
4.000000000000000000e+01 1.313645114540310521e+00 4.000000000000000000e+01
4.000000000000000000e+01 1.148583804552773646e+00 4.000000000000000000e+01
4.000000000000000000e+01 1.232463065705496907e+00 4.000000000000000000e+01
4.000000000000000000e+01 1.337314090086667129e+00 4.000000000000000000e+01
4.000000000000000000e+01 1.155850691745974990e+00 4.000000000000000000e+01
4.000000000000000000e+01 1.117957959909465782e+00 4.000000000000000000e+01
4.000000000000000000e+01 1.198938370106313656e+00 4.000000000000000000e+01
4.000000000000000000e+01 1.250229494998599922e+00 4.000000000000000000e+01
4.000000000000000000e+01 1.162891065497607235e+00 4.000000000000000000e+01
4.000000000000000000e+01 1.220890713404804595e+00 4.000000000000000000e+01
4.000000000000000000e+01 1.252762486212337878e+00 4.000000000000000000e+01
4.000000000000000000e+01 1.250618635678663493e+00 4.000000000000000000e+01
4.000000000000000000e+01 1.084315661916014806e+00 4.000000000000000000e+01
4.000000000000000000e+01 1.185547666365759589e+00 4.000000000000000000e+01
4.000000000000000000e+01 1.277322946750597321e+00 4.000000000000000000e+01
4.000000000000000000e+01 1.224723433063370948e+00 4.000000000000000000e+01
4.000000000000000000e+01 1.197160247617482076e+00 4.000000000000000000e+01
4.000000000000000000e+01 1.316499878545601909e+00 4.000000000000000000e+01
4.000000000000000000e+01 1.222403575272350995e+00 4.000000000000000000e+01
4.000000000000000000e+01 1.217229158483065454e+00 4.000000000000000000e+01
4.000000000000000000e+01 1.160429520761985245e+00 4.000000000000000000e+01
4.000000000000000000e+01 1.267636592221219161e+00 4.000000000000000000e+01
4.000000000000000000e+01 1.219100219321622713e+00 4.000000000000000000e+01
4.000000000000000000e+01 1.174102286808358153e+00 4.000000000000000000e+01
4.000000000000000000e+01 1.223838112996256333e+00 4.000000000000000000e+01
4.000000000000000000e+01 1.038467517763259851e+00 4.000000000000000000e+01
4.000000000000000000e+01 1.227936128265290971e+00 4.000000000000000000e+01
4.000000000000000000e+01 1.144773706697976845e+00 4.000000000000000000e+01
4.000000000000000000e+01 1.336894997375277505e+00 4.000000000000000000e+01
4.000000000000000000e+01 1.212849111431118843e+00 4.000000000000000000e+01
4.000000000000000000e+01 1.146033819784111119e+00 4.000000000000000000e+01
4.000000000000000000e+01 1.165508902508133549e+00 4.000000000000000000e+01
4.000000000000000000e+01 1.125762657839177505e+00 4.000000000000000000e+01
4.000000000000000000e+01 1.137856575343736409e+00 4.000000000000000000e+01
4.000000000000000000e+01 1.287177171433663725e+00 4.000000000000000000e+01
4.000000000000000000e+01 1.276696839215576418e+00 4.000000000000000000e+01
4.000000000000000000e+01 1.230917834861835036e+00 4.000000000000000000e+01
4.000000000000000000e+01 1.161948644767983652e+00 4.000000000000000000e+01
4.000000000000000000e+01 1.123742648436663716e+00 4.000000000000000000e+01
4.000000000000000000e+01 1.069067989841677724e+00 4.000000000000000000e+01
4.000000000000000000e+01 1.231643451126935851e+00 4.000000000000000000e+01
4.000000000000000000e+01 1.220826374481380761e+00 4.000000000000000000e+01
4.000000000000000000e+01 1.266683101324505900e+00 4.000000000000000000e+01
4.000000000000000000e+01 1.226651506488920518e+00 4.000000000000000000e+01
4.000000000000000000e+01 1.152298501399936281e+00 4.000000000000000000e+01
4.000000000000000000e+01 1.184432894201717268e+00 4.000000000000000000e+01
4.000000000000000000e+01 1.168025565372278862e+00 4.000000000000000000e+01
4.000000000000000000e+01 1.021527243392670758e+00 4.000000000000000000e+01
4.000000000000000000e+01 1.325267605015747030e+00 4.000000000000000000e+01
4.000000000000000000e+01 1.273532245083829562e+00 4.000000000000000000e+01
4.000000000000000000e+01 1.206524424967166276e+00 4.000000000000000000e+01
4.000000000000000000e+01 1.241184733586899736e+00 4.000000000000000000e+01
4.000000000000000000e+01 1.240481037659239227e+00 4.000000000000000000e+01
4.000000000000000000e+01 1.169832678539734827e+00 4.000000000000000000e+01
4.000000000000000000e+01 1.224894933509524719e+00 4.000000000000000000e+01
4.000000000000000000e+01 1.298490845184990361e+00 4.000000000000000000e+01
4.000000000000000000e+01 1.311364265817135832e+00 4.000000000000000000e+01
4.000000000000000000e+01 1.247655717975618694e+00 4.000000000000000000e+01
4.000000000000000000e+01 1.197594523990061832e+00 4.000000000000000000e+01
4.000000000000000000e+01 1.300522990288565772e+00 4.000000000000000000e+01
4.000000000000000000e+01 1.186318951154082812e+00 4.000000000000000000e+01
4.000000000000000000e+01 1.267543577098243501e+00 4.000000000000000000e+01
4.000000000000000000e+01 1.197296709879129173e+00 4.000000000000000000e+01
4.000000000000000000e+01 1.205811765598229224e+00 4.000000000000000000e+01
4.000000000000000000e+01 1.221634766167133401e+00 4.000000000000000000e+01
4.000000000000000000e+01 1.230171003051039547e+00 4.000000000000000000e+01
4.000000000000000000e+01 1.238159215267313540e+00 4.000000000000000000e+01
4.000000000000000000e+01 1.276607730639433669e+00 4.000000000000000000e+01
4.000000000000000000e+01 1.254055407786265119e+00 4.000000000000000000e+01
4.000000000000000000e+01 1.134995057459321277e+00 4.000000000000000000e+01
4.000000000000000000e+01 1.286403955887757133e+00 4.000000000000000000e+01
4.000000000000000000e+01 1.228579663133705813e+00 4.000000000000000000e+01
4.000000000000000000e+01 1.244940613072510249e+00 4.000000000000000000e+01
4.000000000000000000e+01 1.279915640576586799e+00 4.000000000000000000e+01
4.000000000000000000e+01 1.202839078900069802e+00 4.000000000000000000e+01
4.000000000000000000e+01 1.157845952685349067e+00 4.000000000000000000e+01
4.000000000000000000e+01 1.257058983296496457e+00 4.000000000000000000e+01
4.000000000000000000e+01 1.248319769491502473e+00 4.000000000000000000e+01
4.000000000000000000e+01 1.122342506592651556e+00 4.000000000000000000e+01
4.000000000000000000e+01 1.398599084067794873e+00 4.000000000000000000e+01
4.000000000000000000e+01 1.228803086765636987e+00 4.000000000000000000e+01
4.000000000000000000e+01 1.115732362475857720e+00 4.000000000000000000e+01
4.000000000000000000e+01 1.277487350200005256e+00 4.000000000000000000e+01
4.000000000000000000e+01 1.259045405144294527e+00 4.000000000000000000e+01
4.000000000000000000e+01 1.117388440063756594e+00 4.000000000000000000e+01
4.000000000000000000e+01 1.166017830989425574e+00 4.000000000000000000e+01
4.000000000000000000e+01 1.194713619253290116e+00 4.000000000000000000e+01
4.000000000000000000e+01 1.244243276922779362e+00 4.000000000000000000e+01
4.000000000000000000e+01 1.203657454997326903e+00 4.000000000000000000e+01
4.000000000000000000e+01 1.130356575539313235e+00 4.000000000000000000e+01
4.000000000000000000e+01 1.204411612427057854e+00 4.000000000000000000e+01
4.000000000000000000e+01 1.223643467892084891e+00 4.000000000000000000e+01
4.000000000000000000e+01 1.197085156240486947e+00 4.000000000000000000e+01
4.000000000000000000e+01 1.176575267155695714e+00 4.000000000000000000e+01
4.000000000000000000e+01 1.156112808639934375e+00 4.000000000000000000e+01
4.000000000000000000e+01 1.175387896299698864e+00 4.000000000000000000e+01
4.000000000000000000e+01 1.237798367465586802e+00 4.000000000000000000e+01
4.000000000000000000e+01 1.237959682270429074e+00 4.000000000000000000e+01
4.000000000000000000e+01 1.068853109635540477e+00 4.000000000000000000e+01
4.000000000000000000e+01 1.215522820663864634e+00 4.000000000000000000e+01
4.000000000000000000e+01 1.215783237822590568e+00 4.000000000000000000e+01
4.000000000000000000e+01 1.156284946895065113e+00 4.000000000000000000e+01
4.000000000000000000e+01 1.230036148945484964e+00 4.000000000000000000e+01
4.000000000000000000e+01 1.309288109757771768e+00 4.000000000000000000e+01
4.000000000000000000e+01 1.285893140236143095e+00 4.000000000000000000e+01
4.000000000000000000e+01 1.250923551218532603e+00 4.000000000000000000e+01
4.000000000000000000e+01 1.204739295181141756e+00 4.000000000000000000e+01
4.000000000000000000e+01 1.273399214617788822e+00 4.000000000000000000e+01
4.000000000000000000e+01 1.218221325817270495e+00 4.000000000000000000e+01
4.000000000000000000e+01 1.202745060983732461e+00 4.000000000000000000e+01
4.000000000000000000e+01 1.372757398734981926e+00 4.000000000000000000e+01
4.000000000000000000e+01 1.233114975892335208e+00 4.000000000000000000e+01
4.000000000000000000e+01 1.317459286689040221e+00 4.000000000000000000e+01
4.000000000000000000e+01 1.269673208340806880e+00 4.000000000000000000e+01
4.000000000000000000e+01 1.136544930047123980e+00 4.000000000000000000e+01
4.000000000000000000e+01 1.230766914885086605e+00 4.000000000000000000e+01
4.000000000000000000e+01 1.236412256421976830e+00 4.000000000000000000e+01
4.000000000000000000e+01 1.113949443525147576e+00 4.000000000000000000e+01
4.000000000000000000e+01 1.180740014493331103e+00 4.000000000000000000e+01
4.000000000000000000e+01 1.259285228598061801e+00 4.000000000000000000e+01
4.000000000000000000e+01 1.131941709310695376e+00 4.000000000000000000e+01
4.000000000000000000e+01 1.254821331420494346e+00 4.000000000000000000e+01
4.000000000000000000e+01 1.249680712948388006e+00 4.000000000000000000e+01
4.000000000000000000e+01 1.261976967550592077e+00 4.000000000000000000e+01
4.000000000000000000e+01 1.164919428776016286e+00 4.000000000000000000e+01
4.000000000000000000e+01 1.174421015698405846e+00 4.000000000000000000e+01
4.000000000000000000e+01 1.212069069667645937e+00 4.000000000000000000e+01
4.000000000000000000e+01 1.202718835597696101e+00 4.000000000000000000e+01
4.000000000000000000e+01 1.201389356907392791e+00 4.000000000000000000e+01
4.000000000000000000e+01 1.152116487333853856e+00 4.000000000000000000e+01
4.000000000000000000e+01 1.181790741898939290e+00 4.000000000000000000e+01
4.000000000000000000e+01 1.186684656346284505e+00 4.000000000000000000e+01
4.000000000000000000e+01 1.272606166459455013e+00 4.000000000000000000e+01
4.000000000000000000e+01 1.181130554248872144e+00 4.000000000000000000e+01
4.000000000000000000e+01 1.237474427949267985e+00 4.000000000000000000e+01
4.000000000000000000e+01 1.303155431765512740e+00 4.000000000000000000e+01
4.000000000000000000e+01 1.254436208610984815e+00 4.000000000000000000e+01
4.000000000000000000e+01 1.262209347877565335e+00 4.000000000000000000e+01
4.000000000000000000e+01 1.288172917714531351e+00 4.000000000000000000e+01
4.000000000000000000e+01 1.239840171043725014e+00 4.000000000000000000e+01
4.000000000000000000e+01 1.234278633978516337e+00 4.000000000000000000e+01
4.000000000000000000e+01 1.192804644080098120e+00 4.000000000000000000e+01
4.000000000000000000e+01 1.184907302684077290e+00 4.000000000000000000e+01
4.000000000000000000e+01 1.206149184931546881e+00 4.000000000000000000e+01
4.000000000000000000e+01 1.226464786280353936e+00 4.000000000000000000e+01
4.000000000000000000e+01 1.170438991295656761e+00 4.000000000000000000e+01
4.000000000000000000e+01 1.221960377201240844e+00 4.000000000000000000e+01
4.000000000000000000e+01 1.153474782244480412e+00 4.000000000000000000e+01
4.000000000000000000e+01 1.236041499712567715e+00 4.000000000000000000e+01
4.000000000000000000e+01 1.194277819525669360e+00 4.000000000000000000e+01
4.000000000000000000e+01 1.150882076884381489e+00 4.000000000000000000e+01
4.000000000000000000e+01 1.236574754979027357e+00 4.000000000000000000e+01
4.000000000000000000e+01 1.216061573258479633e+00 4.000000000000000000e+01
4.000000000000000000e+01 1.239468027327235378e+00 4.000000000000000000e+01
4.000000000000000000e+01 1.249014350483590885e+00 4.000000000000000000e+01
4.000000000000000000e+01 1.261111059894221009e+00 4.000000000000000000e+01
4.000000000000000000e+01 1.304018632078680184e+00 4.000000000000000000e+01
4.000000000000000000e+01 1.274315221899638084e+00 4.000000000000000000e+01
4.000000000000000000e+01 1.178789365407191259e+00 4.000000000000000000e+01
4.000000000000000000e+01 1.268607462741681680e+00 4.000000000000000000e+01
4.000000000000000000e+01 1.228640919087429673e+00 4.000000000000000000e+01
4.000000000000000000e+01 1.151855422226927272e+00 4.000000000000000000e+01
4.000000000000000000e+01 1.221243935346753462e+00 4.000000000000000000e+01
4.000000000000000000e+01 1.275742072347996636e+00 4.000000000000000000e+01
4.000000000000000000e+01 1.380296202751722268e+00 4.000000000000000000e+01
4.000000000000000000e+01 1.192588644999898584e+00 4.000000000000000000e+01
4.000000000000000000e+01 1.156073960324425887e+00 4.000000000000000000e+01
4.000000000000000000e+01 1.239614714564414966e+00 4.000000000000000000e+01
4.000000000000000000e+01 1.273495962711883145e+00 4.000000000000000000e+01
4.000000000000000000e+01 1.323521248812297824e+00 4.000000000000000000e+01
4.000000000000000000e+01 1.196222394099974995e+00 4.000000000000000000e+01
4.000000000000000000e+01 1.144275981821454291e+00 4.000000000000000000e+01
4.000000000000000000e+01 1.329671165473222283e+00 4.000000000000000000e+01
4.000000000000000000e+01 1.227319326046340198e+00 4.000000000000000000e+01
4.000000000000000000e+01 1.177860046862828858e+00 4.000000000000000000e+01
4.000000000000000000e+01 1.187974123341511534e+00 4.000000000000000000e+01
4.000000000000000000e+01 1.239408161492455029e+00 4.000000000000000000e+01
4.000000000000000000e+01 1.145082899563308221e+00 4.000000000000000000e+01
4.000000000000000000e+01 1.105822705939063511e+00 4.000000000000000000e+01
4.000000000000000000e+01 1.234046668181580708e+00 4.000000000000000000e+01
4.000000000000000000e+01 1.150234186640426870e+00 4.000000000000000000e+01
4.000000000000000000e+01 1.111449600844616636e+00 4.000000000000000000e+01
4.000000000000000000e+01 1.270549031875173984e+00 4.000000000000000000e+01
4.000000000000000000e+01 1.230988803264774001e+00 4.000000000000000000e+01
4.000000000000000000e+01 1.306900056463305759e+00 4.000000000000000000e+01
4.000000000000000000e+01 1.199182987360626340e+00 4.000000000000000000e+01
4.000000000000000000e+01 1.267202753751921707e+00 4.000000000000000000e+01
4.000000000000000000e+01 1.139866205621830941e+00 4.000000000000000000e+01
4.000000000000000000e+01 1.316141672718624589e+00 4.000000000000000000e+01
4.000000000000000000e+01 1.195858722102418614e+00 4.000000000000000000e+01
4.000000000000000000e+01 1.195821344346119419e+00 4.000000000000000000e+01
4.000000000000000000e+01 1.214991500888076947e+00 4.000000000000000000e+01
4.000000000000000000e+01 1.195582208825394233e+00 4.000000000000000000e+01
4.000000000000000000e+01 1.234691556076606300e+00 4.000000000000000000e+01
4.000000000000000000e+01 1.115781578509163374e+00 4.000000000000000000e+01
4.000000000000000000e+01 1.280802908622316716e+00 4.000000000000000000e+01
4.000000000000000000e+01 1.222162752571875011e+00 4.000000000000000000e+01
4.000000000000000000e+01 1.109180777004145524e+00 4.000000000000000000e+01
4.000000000000000000e+01 1.206295463295373072e+00 4.000000000000000000e+01
4.000000000000000000e+01 1.113201400539176600e+00 4.000000000000000000e+01
4.000000000000000000e+01 1.199675175539158811e+00 4.000000000000000000e+01
4.000000000000000000e+01 1.281343651761398306e+00 4.000000000000000000e+01
4.000000000000000000e+01 1.123598108551542962e+00 4.000000000000000000e+01
4.000000000000000000e+01 1.168324769488072734e+00 4.000000000000000000e+01
4.000000000000000000e+01 1.164168444420215165e+00 4.000000000000000000e+01
4.000000000000000000e+01 1.227157150917118411e+00 4.000000000000000000e+01
4.000000000000000000e+01 1.262372539262023974e+00 4.000000000000000000e+01
4.000000000000000000e+01 1.250717737144751318e+00 4.000000000000000000e+01
4.000000000000000000e+01 1.149605602776786695e+00 4.000000000000000000e+01
4.000000000000000000e+01 1.224849698608861726e+00 4.000000000000000000e+01
4.000000000000000000e+01 1.242853236791435112e+00 4.000000000000000000e+01
4.000000000000000000e+01 1.257310985960065963e+00 4.000000000000000000e+01
4.000000000000000000e+01 1.224779313047355656e+00 4.000000000000000000e+01
4.000000000000000000e+01 1.223436966622803768e+00 4.000000000000000000e+01
4.000000000000000000e+01 1.228141591715280478e+00 4.000000000000000000e+01
4.000000000000000000e+01 1.323378639734670514e+00 4.000000000000000000e+01
4.000000000000000000e+01 1.215322771312226324e+00 4.000000000000000000e+01
4.000000000000000000e+01 1.224270524423010986e+00 4.000000000000000000e+01
4.000000000000000000e+01 1.260992881586091796e+00 4.000000000000000000e+01
4.000000000000000000e+01 1.217834150836717644e+00 4.000000000000000000e+01
4.000000000000000000e+01 1.240836553221354333e+00 4.000000000000000000e+01
4.000000000000000000e+01 1.200099797922117295e+00 4.000000000000000000e+01
4.000000000000000000e+01 1.273050829366157100e+00 4.000000000000000000e+01
4.000000000000000000e+01 1.172243005139437910e+00 4.000000000000000000e+01
4.000000000000000000e+01 1.166152186063743601e+00 4.000000000000000000e+01
4.000000000000000000e+01 1.174210953908239263e+00 4.000000000000000000e+01
4.000000000000000000e+01 1.300909505833442115e+00 4.000000000000000000e+01
4.000000000000000000e+01 1.183197932978098166e+00 4.000000000000000000e+01
4.000000000000000000e+01 1.221462362437599314e+00 4.000000000000000000e+01
4.000000000000000000e+01 1.119106747408780134e+00 4.000000000000000000e+01
4.000000000000000000e+01 1.262742984611456842e+00 4.000000000000000000e+01
4.000000000000000000e+01 1.200634150278202306e+00 4.000000000000000000e+01
4.000000000000000000e+01 1.250586839633862413e+00 4.000000000000000000e+01
4.000000000000000000e+01 1.176999085386543742e+00 4.000000000000000000e+01
4.000000000000000000e+01 1.263953518369140383e+00 4.000000000000000000e+01
4.000000000000000000e+01 1.238774421508932244e+00 4.000000000000000000e+01
4.000000000000000000e+01 1.186997920465436174e+00 4.000000000000000000e+01
4.000000000000000000e+01 1.228013066287779287e+00 4.000000000000000000e+01
4.000000000000000000e+01 1.190357562407398095e+00 4.000000000000000000e+01
4.000000000000000000e+01 1.166639895284607542e+00 4.000000000000000000e+01
4.000000000000000000e+01 1.179857389803724788e+00 4.000000000000000000e+01
4.000000000000000000e+01 1.170471261288166032e+00 4.000000000000000000e+01
4.000000000000000000e+01 1.248618002527219328e+00 4.000000000000000000e+01
4.000000000000000000e+01 1.307975021438005259e+00 4.000000000000000000e+01
4.000000000000000000e+01 1.203264198684731445e+00 4.000000000000000000e+01
4.000000000000000000e+01 1.161172004880341335e+00 4.000000000000000000e+01
4.000000000000000000e+01 1.305489052993239030e+00 4.000000000000000000e+01
4.000000000000000000e+01 1.229119475352177249e+00 4.000000000000000000e+01
4.000000000000000000e+01 1.146131523310456535e+00 4.000000000000000000e+01
4.000000000000000000e+01 1.238939725778888334e+00 4.000000000000000000e+01
4.000000000000000000e+01 1.172205150087542114e+00 4.000000000000000000e+01
4.000000000000000000e+01 1.249826735928596833e+00 4.000000000000000000e+01
4.000000000000000000e+01 1.183179014952556063e+00 4.000000000000000000e+01
4.000000000000000000e+01 1.210274627464411612e+00 4.000000000000000000e+01
4.000000000000000000e+01 1.233298649624184895e+00 4.000000000000000000e+01
4.000000000000000000e+01 1.231815793509670964e+00 4.000000000000000000e+01
4.000000000000000000e+01 1.246985334572336734e+00 4.000000000000000000e+01
4.000000000000000000e+01 1.196445854982276069e+00 4.000000000000000000e+01
4.000000000000000000e+01 1.226568523678444711e+00 4.000000000000000000e+01
4.000000000000000000e+01 1.283335948021894435e+00 4.000000000000000000e+01
4.000000000000000000e+01 1.239426994522643488e+00 4.000000000000000000e+01
4.000000000000000000e+01 1.093807550151268293e+00 4.000000000000000000e+01
4.000000000000000000e+01 1.267265447381913157e+00 4.000000000000000000e+01
4.000000000000000000e+01 1.214518171087208831e+00 4.000000000000000000e+01
4.000000000000000000e+01 1.193553763378736976e+00 4.000000000000000000e+01
4.000000000000000000e+01 1.207220779182218040e+00 4.000000000000000000e+01
4.000000000000000000e+01 1.266882609104907464e+00 4.000000000000000000e+01
4.000000000000000000e+01 1.175177163339935271e+00 4.000000000000000000e+01
4.000000000000000000e+01 1.214631302754336284e+00 4.000000000000000000e+01
4.000000000000000000e+01 1.209348362944426825e+00 4.000000000000000000e+01
4.000000000000000000e+01 1.288973938765356708e+00 4.000000000000000000e+01
4.000000000000000000e+01 1.173582225652484157e+00 4.000000000000000000e+01
4.000000000000000000e+01 1.112367623928490534e+00 4.000000000000000000e+01
4.000000000000000000e+01 1.159425405325151814e+00 4.000000000000000000e+01
4.000000000000000000e+01 1.219010971819196154e+00 4.000000000000000000e+01
4.000000000000000000e+01 1.089752556967125363e+00 4.000000000000000000e+01
4.000000000000000000e+01 1.254988211132558984e+00 4.000000000000000000e+01
4.000000000000000000e+01 1.268059411657115776e+00 4.000000000000000000e+01
4.000000000000000000e+01 1.258302072085911050e+00 4.000000000000000000e+01
4.000000000000000000e+01 1.263560751640347091e+00 4.000000000000000000e+01
4.000000000000000000e+01 1.221997837724281277e+00 4.000000000000000000e+01
4.000000000000000000e+01 1.216576495376773259e+00 4.000000000000000000e+01
4.000000000000000000e+01 1.251865572141432015e+00 4.000000000000000000e+01
4.000000000000000000e+01 1.265954482916320289e+00 4.000000000000000000e+01
4.000000000000000000e+01 1.146276412014078039e+00 4.000000000000000000e+01
4.000000000000000000e+01 1.255398022658855250e+00 4.000000000000000000e+01
4.000000000000000000e+01 1.226811407740021398e+00 4.000000000000000000e+01
4.000000000000000000e+01 1.227260731919849635e+00 4.000000000000000000e+01
4.000000000000000000e+01 1.286170148922975542e+00 4.000000000000000000e+01
4.000000000000000000e+01 1.196452896333146665e+00 4.000000000000000000e+01
4.000000000000000000e+01 1.261451025651973756e+00 4.000000000000000000e+01
4.000000000000000000e+01 1.168248520458859963e+00 4.000000000000000000e+01
4.000000000000000000e+01 1.268468141711582176e+00 4.000000000000000000e+01
4.000000000000000000e+01 1.200913926809170196e+00 4.000000000000000000e+01
4.000000000000000000e+01 1.187900543611170034e+00 4.000000000000000000e+01
4.000000000000000000e+01 1.244185390079398656e+00 4.000000000000000000e+01
4.000000000000000000e+01 1.210910498608298358e+00 4.000000000000000000e+01
4.000000000000000000e+01 1.215330560163975449e+00 4.000000000000000000e+01
4.000000000000000000e+01 1.199540970726671985e+00 4.000000000000000000e+01
4.000000000000000000e+01 1.298257580909617959e+00 4.000000000000000000e+01
4.000000000000000000e+01 1.256493634399943549e+00 4.000000000000000000e+01
4.000000000000000000e+01 1.176113276307864330e+00 4.000000000000000000e+01
4.000000000000000000e+01 1.341166900219358915e+00 4.000000000000000000e+01
4.000000000000000000e+01 1.299121811385460790e+00 4.000000000000000000e+01
4.000000000000000000e+01 1.267704756649991493e+00 4.000000000000000000e+01
4.000000000000000000e+01 1.289793046322579739e+00 4.000000000000000000e+01
4.000000000000000000e+01 1.217268022975807495e+00 4.000000000000000000e+01
4.000000000000000000e+01 1.194778485321003947e+00 4.000000000000000000e+01
4.000000000000000000e+01 1.221063732115787115e+00 4.000000000000000000e+01
4.000000000000000000e+01 1.312999897376751157e+00 4.000000000000000000e+01
4.000000000000000000e+01 1.266624499190823760e+00 4.000000000000000000e+01
4.000000000000000000e+01 1.205622669423762394e+00 4.000000000000000000e+01
4.000000000000000000e+01 1.241200188249146352e+00 4.000000000000000000e+01
4.000000000000000000e+01 1.253545250371184139e+00 4.000000000000000000e+01
4.000000000000000000e+01 1.223134028933265505e+00 4.000000000000000000e+01
4.000000000000000000e+01 1.279770017059732812e+00 4.000000000000000000e+01
4.000000000000000000e+01 1.290379976919288074e+00 4.000000000000000000e+01
4.000000000000000000e+01 1.140982686918912581e+00 4.000000000000000000e+01
4.000000000000000000e+01 1.281036457148351237e+00 4.000000000000000000e+01
4.000000000000000000e+01 1.179817067626979243e+00 4.000000000000000000e+01
4.000000000000000000e+01 1.215656382476711483e+00 4.000000000000000000e+01
4.000000000000000000e+01 1.184561957799136200e+00 4.000000000000000000e+01
4.000000000000000000e+01 1.177162823794512203e+00 4.000000000000000000e+01
4.000000000000000000e+01 1.269403999949604511e+00 4.000000000000000000e+01
4.000000000000000000e+01 1.239445881307529307e+00 4.000000000000000000e+01
4.000000000000000000e+01 1.181206662832488652e+00 4.000000000000000000e+01
4.000000000000000000e+01 1.247130659383983486e+00 4.000000000000000000e+01
4.000000000000000000e+01 1.223479933444209689e+00 4.000000000000000000e+01
4.000000000000000000e+01 1.235789146059200094e+00 4.000000000000000000e+01
4.000000000000000000e+01 1.206360798801434431e+00 4.000000000000000000e+01
4.000000000000000000e+01 1.303733242068690235e+00 4.000000000000000000e+01
4.000000000000000000e+01 1.220260441192343448e+00 4.000000000000000000e+01
4.000000000000000000e+01 1.164084284901843125e+00 4.000000000000000000e+01
4.000000000000000000e+01 1.255119143549752625e+00 4.000000000000000000e+01
4.000000000000000000e+01 1.190904255575661930e+00 4.000000000000000000e+01
4.000000000000000000e+01 1.221400301083757300e+00 4.000000000000000000e+01
4.000000000000000000e+01 1.235436707179097926e+00 4.000000000000000000e+01
4.000000000000000000e+01 1.225957330114473942e+00 4.000000000000000000e+01
4.000000000000000000e+01 1.108469887283644484e+00 4.000000000000000000e+01
4.000000000000000000e+01 1.215535523757861780e+00 4.000000000000000000e+01
4.000000000000000000e+01 1.250409770546757837e+00 4.000000000000000000e+01
4.000000000000000000e+01 1.207848925691527464e+00 4.000000000000000000e+01
4.000000000000000000e+01 1.204822137051006603e+00 4.000000000000000000e+01
4.000000000000000000e+01 1.183264102022593134e+00 4.000000000000000000e+01
4.000000000000000000e+01 1.321346128484329085e+00 4.000000000000000000e+01
4.000000000000000000e+01 1.237324791224703846e+00 4.000000000000000000e+01
4.000000000000000000e+01 1.324787084393321823e+00 4.000000000000000000e+01
4.000000000000000000e+01 1.272143734521255176e+00 4.000000000000000000e+01
4.000000000000000000e+01 1.173490597974266025e+00 4.000000000000000000e+01
4.000000000000000000e+01 1.268677332263600022e+00 4.000000000000000000e+01
4.000000000000000000e+01 1.200043640996692362e+00 4.000000000000000000e+01
4.000000000000000000e+01 1.141067657948286795e+00 4.000000000000000000e+01
4.000000000000000000e+01 1.244037004142503511e+00 4.000000000000000000e+01
4.000000000000000000e+01 1.220970600595604250e+00 4.000000000000000000e+01
4.000000000000000000e+01 1.145151324322478903e+00 4.000000000000000000e+01
4.000000000000000000e+01 1.151851836185850297e+00 4.000000000000000000e+01
4.000000000000000000e+01 1.314883132922218367e+00 4.000000000000000000e+01
4.000000000000000000e+01 1.210683760323926883e+00 4.000000000000000000e+01
4.000000000000000000e+01 1.339751437986829163e+00 4.000000000000000000e+01
4.000000000000000000e+01 1.233356063015200954e+00 4.000000000000000000e+01
4.000000000000000000e+01 1.208613442828778028e+00 4.000000000000000000e+01
4.000000000000000000e+01 1.338926215223696481e+00 4.000000000000000000e+01
4.000000000000000000e+01 1.260242563931911253e+00 4.000000000000000000e+01
4.000000000000000000e+01 1.207293193402853904e+00 4.000000000000000000e+01
4.000000000000000000e+01 1.287640035463069932e+00 4.000000000000000000e+01
4.000000000000000000e+01 1.236797576120101549e+00 4.000000000000000000e+01
4.000000000000000000e+01 1.339734113070618626e+00 4.000000000000000000e+01
4.000000000000000000e+01 1.139255295131597956e+00 4.000000000000000000e+01
4.000000000000000000e+01 1.150727351815475252e+00 4.000000000000000000e+01
4.000000000000000000e+01 1.295458669484518710e+00 4.000000000000000000e+01
4.000000000000000000e+01 1.209038270615185207e+00 4.000000000000000000e+01
4.000000000000000000e+01 1.137370593786782624e+00 4.000000000000000000e+01
4.000000000000000000e+01 1.250230956619816647e+00 4.000000000000000000e+01
4.000000000000000000e+01 1.227380635065290715e+00 4.000000000000000000e+01
4.000000000000000000e+01 1.191231179909398863e+00 4.000000000000000000e+01
4.000000000000000000e+01 1.252632253603966017e+00 4.000000000000000000e+01
4.000000000000000000e+01 1.215603088761976869e+00 4.000000000000000000e+01
4.000000000000000000e+01 1.266722467839562105e+00 4.000000000000000000e+01
4.000000000000000000e+01 1.214123933109565678e+00 4.000000000000000000e+01
4.000000000000000000e+01 1.206561099455628838e+00 4.000000000000000000e+01
4.000000000000000000e+01 1.212850573800502652e+00 4.000000000000000000e+01
4.000000000000000000e+01 1.249231369017327564e+00 4.000000000000000000e+01
4.000000000000000000e+01 1.197708788711967953e+00 4.000000000000000000e+01
4.000000000000000000e+01 1.224314575548700601e+00 4.000000000000000000e+01
4.000000000000000000e+01 1.204720847588137689e+00 4.000000000000000000e+01
4.000000000000000000e+01 1.247253303643549804e+00 4.000000000000000000e+01
4.000000000000000000e+01 1.299287219942018679e+00 4.000000000000000000e+01
4.000000000000000000e+01 1.260893785107994436e+00 4.000000000000000000e+01
4.000000000000000000e+01 1.112517042449501892e+00 4.000000000000000000e+01
4.000000000000000000e+01 1.143276268058505796e+00 4.000000000000000000e+01
4.000000000000000000e+01 1.256543681738801377e+00 4.000000000000000000e+01
4.000000000000000000e+01 1.187288024011444065e+00 4.000000000000000000e+01
4.000000000000000000e+01 1.240086806068547931e+00 4.000000000000000000e+01
4.000000000000000000e+01 1.145787277110811075e+00 4.000000000000000000e+01
4.000000000000000000e+01 1.262124220454686530e+00 4.000000000000000000e+01
4.000000000000000000e+01 1.353410508718502658e+00 4.000000000000000000e+01
4.000000000000000000e+01 1.177478555631298551e+00 4.000000000000000000e+01
4.000000000000000000e+01 1.205788601889807854e+00 4.000000000000000000e+01
4.000000000000000000e+01 1.203185775396359514e+00 4.000000000000000000e+01
4.000000000000000000e+01 1.265614723910365225e+00 4.000000000000000000e+01
4.000000000000000000e+01 1.246371864334027801e+00 4.000000000000000000e+01
4.000000000000000000e+01 1.271531405392744229e+00 4.000000000000000000e+01
4.000000000000000000e+01 1.220973154279782369e+00 4.000000000000000000e+01
4.000000000000000000e+01 1.157650949482782909e+00 4.000000000000000000e+01
4.000000000000000000e+01 1.257228192946828083e+00 4.000000000000000000e+01
4.000000000000000000e+01 1.216124022423036743e+00 4.000000000000000000e+01
4.000000000000000000e+01 1.290802771658632553e+00 4.000000000000000000e+01
4.000000000000000000e+01 1.243592504419360312e+00 4.000000000000000000e+01
4.000000000000000000e+01 1.217642418334301091e+00 4.000000000000000000e+01
4.000000000000000000e+01 1.197714142334768805e+00 4.000000000000000000e+01
4.000000000000000000e+01 1.278511314685289113e+00 4.000000000000000000e+01
4.000000000000000000e+01 1.241380391055129540e+00 4.000000000000000000e+01
4.000000000000000000e+01 1.237875991328115433e+00 4.000000000000000000e+01
4.000000000000000000e+01 1.197951068664201646e+00 4.000000000000000000e+01
4.000000000000000000e+01 1.184887840676685622e+00 4.000000000000000000e+01
4.000000000000000000e+01 1.208688424144838791e+00 4.000000000000000000e+01
4.000000000000000000e+01 1.225390457146465994e+00 4.000000000000000000e+01
4.000000000000000000e+01 1.190334237551220697e+00 4.000000000000000000e+01
4.000000000000000000e+01 1.181378996170343809e+00 4.000000000000000000e+01
4.000000000000000000e+01 1.248518283489580716e+00 4.000000000000000000e+01
4.000000000000000000e+01 1.239948145788283718e+00 4.000000000000000000e+01
4.000000000000000000e+01 1.202051243866787189e+00 4.000000000000000000e+01
4.000000000000000000e+01 1.205129644131920363e+00 4.000000000000000000e+01
4.000000000000000000e+01 1.261593514019913487e+00 4.000000000000000000e+01
4.000000000000000000e+01 1.217265415839719589e+00 4.000000000000000000e+01
4.000000000000000000e+01 1.236041172666113797e+00 4.000000000000000000e+01
4.000000000000000000e+01 1.254429541335347231e+00 4.000000000000000000e+01
4.000000000000000000e+01 1.198994050485068463e+00 4.000000000000000000e+01
4.000000000000000000e+01 1.092309911180054938e+00 4.000000000000000000e+01
4.000000000000000000e+01 1.204446206503407391e+00 4.000000000000000000e+01
4.000000000000000000e+01 1.285215090168725816e+00 4.000000000000000000e+01
4.000000000000000000e+01 1.308869977372945304e+00 4.000000000000000000e+01
4.000000000000000000e+01 1.244156455686543206e+00 4.000000000000000000e+01
4.000000000000000000e+01 1.300498384021711473e+00 4.000000000000000000e+01
4.000000000000000000e+01 1.163240639930324560e+00 4.000000000000000000e+01
4.000000000000000000e+01 1.241789678433254718e+00 4.000000000000000000e+01
4.000000000000000000e+01 1.142390333401162694e+00 4.000000000000000000e+01
4.000000000000000000e+01 1.228372357907950851e+00 4.000000000000000000e+01
4.000000000000000000e+01 1.276346923174426884e+00 4.000000000000000000e+01
4.000000000000000000e+01 1.250523008074904352e+00 4.000000000000000000e+01
4.000000000000000000e+01 1.220649777415392601e+00 4.000000000000000000e+01
4.000000000000000000e+01 1.171093840480747605e+00 4.000000000000000000e+01
4.000000000000000000e+01 1.240018788398932870e+00 4.000000000000000000e+01
4.000000000000000000e+01 1.153982173984069659e+00 4.000000000000000000e+01
4.000000000000000000e+01 1.128838297685881953e+00 4.000000000000000000e+01
4.000000000000000000e+01 1.145376187875529750e+00 4.000000000000000000e+01
4.000000000000000000e+01 1.153989646782498601e+00 4.000000000000000000e+01
4.000000000000000000e+01 1.129534682686269109e+00 4.000000000000000000e+01
4.000000000000000000e+01 1.226454010651457205e+00 4.000000000000000000e+01
4.000000000000000000e+01 1.228074909931319514e+00 4.000000000000000000e+01
4.000000000000000000e+01 1.151761324437477363e+00 4.000000000000000000e+01
4.000000000000000000e+01 1.224328409169935794e+00 4.000000000000000000e+01
4.000000000000000000e+01 1.218970533177761384e+00 4.000000000000000000e+01
4.000000000000000000e+01 1.086652696294149179e+00 4.000000000000000000e+01
4.000000000000000000e+01 1.160835082682884378e+00 4.000000000000000000e+01
4.000000000000000000e+01 1.253247207570144184e+00 4.000000000000000000e+01
4.000000000000000000e+01 1.261676237207006279e+00 4.000000000000000000e+01
4.000000000000000000e+01 1.229654968343296018e+00 4.000000000000000000e+01
4.000000000000000000e+01 1.246637635292564994e+00 4.000000000000000000e+01
4.000000000000000000e+01 1.236204736685583949e+00 4.000000000000000000e+01
4.000000000000000000e+01 1.280490631449773486e+00 4.000000000000000000e+01
4.000000000000000000e+01 1.268136813346481206e+00 4.000000000000000000e+01
4.000000000000000000e+01 1.261547952985480947e+00 4.000000000000000000e+01
4.000000000000000000e+01 1.232514388273761030e+00 4.000000000000000000e+01
4.000000000000000000e+01 1.199646329232746833e+00 4.000000000000000000e+01
4.000000000000000000e+01 1.261547663582404111e+00 4.000000000000000000e+01
1.800000000000000000e+01 1.247723645920969737e+00 1.800000000000000000e+01
9.900000000000000000e+01 1.099560060238348624e+00 9.900000000000000000e+01
2.200000000000000000e+01 1.079857395377726181e+00 2.200000000000000000e+01
1.200000000000000000e+01 1.162271745868135753e+00 1.200000000000000000e+01
8.700000000000000000e+01 1.267525597529556292e+00 8.700000000000000000e+01
9.100000000000000000e+01 1.290868538652819142e+00 9.100000000000000000e+01
6.600000000000000000e+01 1.250027390432741026e+00 6.600000000000000000e+01
4.000000000000000000e+01 1.211660854397657694e+00 4.000000000000000000e+01
5.900000000000000000e+01 1.228544453734091046e+00 5.900000000000000000e+01
8.100000000000000000e+01 1.243595000448495247e+00 8.100000000000000000e+01
5.600000000000000000e+01 1.193968647647344561e+00 5.600000000000000000e+01
4.300000000000000000e+01 1.234953304231938054e+00 4.300000000000000000e+01
6.500000000000000000e+01 1.227930171585520425e+00 6.500000000000000000e+01
5.000000000000000000e+01 1.174459389517406915e+00 5.000000000000000000e+01
2.400000000000000000e+01 1.218825309545594981e+00 2.400000000000000000e+01
4.700000000000000000e+01 1.208129520091036468e+00 4.700000000000000000e+01
4.400000000000000000e+01 1.190584419665342342e+00 4.400000000000000000e+01
7.300000000000000000e+01 1.150171073657067389e+00 7.300000000000000000e+01
5.000000000000000000e+00 9.112140485124414768e-01 5.000000000000000000e+00
9.700000000000000000e+01 1.270618502721315490e+00 9.700000000000000000e+01
9.600000000000000000e+01 1.244342255874994585e+00 9.600000000000000000e+01
6.100000000000000000e+01 1.284602342995752711e+00 6.100000000000000000e+01
2.100000000000000000e+01 1.194689159810444767e+00 2.100000000000000000e+01
4.600000000000000000e+01 1.256910837944212656e+00 4.600000000000000000e+01
9.800000000000000000e+01 1.288153831041362718e+00 9.800000000000000000e+01
5.500000000000000000e+01 1.231400077067460241e+00 5.500000000000000000e+01
9.600000000000000000e+01 1.259994991284237642e+00 9.600000000000000000e+01
7.900000000000000000e+01 1.283805348680566949e+00 7.900000000000000000e+01
3.100000000000000000e+01 1.123939682878661195e+00 3.100000000000000000e+01
6.600000000000000000e+01 1.252689493200444426e+00 6.600000000000000000e+01
8.900000000000000000e+01 1.228823053939571475e+00 8.900000000000000000e+01
4.400000000000000000e+01 1.185737948135213049e+00 4.400000000000000000e+01
7.900000000000000000e+01 1.295622528845894239e+00 7.900000000000000000e+01
3.400000000000000000e+01 1.202408976855653400e+00 3.400000000000000000e+01
3.800000000000000000e+01 1.203944513949593897e+00 3.800000000000000000e+01
8.400000000000000000e+01 1.204728756425862857e+00 8.400000000000000000e+01
3.800000000000000000e+01 1.322459551355409380e+00 3.800000000000000000e+01
9.200000000000000000e+01 1.248881664650081547e+00 9.200000000000000000e+01
7.700000000000000000e+01 1.221502567912965409e+00 7.700000000000000000e+01
8.000000000000000000e+01 1.246305384981251763e+00 8.000000000000000000e+01
5.100000000000000000e+01 1.224414880688192486e+00 5.100000000000000000e+01
9.800000000000000000e+01 1.208945298598759210e+00 9.800000000000000000e+01
7.200000000000000000e+01 1.186230660035812567e+00 7.200000000000000000e+01
1.000000000000000000e+02 1.268178915532989226e+00 1.000000000000000000e+02
6.600000000000000000e+01 1.220638220009470309e+00 6.600000000000000000e+01
9.900000000000000000e+01 1.310251445679438964e+00 9.900000000000000000e+01
5.900000000000000000e+01 1.119935340544034430e+00 5.900000000000000000e+01
4.500000000000000000e+01 1.185149264513039702e+00 4.500000000000000000e+01
4.400000000000000000e+01 1.196639547731321418e+00 4.400000000000000000e+01
9.500000000000000000e+01 1.240447903631211490e+00 9.500000000000000000e+01
5.800000000000000000e+01 1.234209794094183188e+00 5.800000000000000000e+01
4.500000000000000000e+01 1.212956131788365921e+00 4.500000000000000000e+01
8.400000000000000000e+01 1.150385875786254397e+00 8.400000000000000000e+01
7.600000000000000000e+01 1.244815954951479453e+00 7.600000000000000000e+01
2.100000000000000000e+01 1.251876057665212150e+00 2.100000000000000000e+01
3.000000000000000000e+01 1.128969294199551499e+00 3.000000000000000000e+01
5.500000000000000000e+01 1.299752655538515711e+00 5.500000000000000000e+01
8.700000000000000000e+01 1.179764783495283575e+00 8.700000000000000000e+01
9.600000000000000000e+01 1.162858737979834967e+00 9.600000000000000000e+01
6.100000000000000000e+01 1.190986337538582962e+00 6.100000000000000000e+01
7.000000000000000000e+01 1.261958525589170099e+00 7.000000000000000000e+01
6.700000000000000000e+01 1.258285689053441514e+00 6.700000000000000000e+01
8.300000000000000000e+01 1.164925535301361670e+00 8.300000000000000000e+01
7.300000000000000000e+01 1.181754207976296600e+00 7.300000000000000000e+01
7.800000000000000000e+01 1.239430542724088813e+00 7.800000000000000000e+01
5.600000000000000000e+01 1.200420816840521265e+00 5.600000000000000000e+01
2.700000000000000000e+01 1.285697764453856973e+00 2.700000000000000000e+01
8.600000000000000000e+01 1.241997922399445509e+00 8.600000000000000000e+01
1.800000000000000000e+01 1.120943337452809718e+00 1.800000000000000000e+01
1.900000000000000000e+01 1.234356112339628497e+00 1.900000000000000000e+01
1.600000000000000000e+01 1.300551608169995710e+00 1.600000000000000000e+01
7.700000000000000000e+01 1.251979516793908953e+00 7.700000000000000000e+01
2.500000000000000000e+01 1.167103814022191433e+00 2.500000000000000000e+01
9.000000000000000000e+00 1.198204399126648889e+00 9.000000000000000000e+00
5.000000000000000000e+00 1.280715825303390343e+00 5.000000000000000000e+00
7.200000000000000000e+01 1.238998882558523640e+00 7.200000000000000000e+01
2.300000000000000000e+01 1.149609133490520962e+00 2.300000000000000000e+01
6.200000000000000000e+01 1.173902723093943834e+00 6.200000000000000000e+01
6.600000000000000000e+01 1.318180112503168244e+00 6.600000000000000000e+01
8.600000000000000000e+01 1.226718762001829832e+00 8.600000000000000000e+01
6.700000000000000000e+01 1.206743009209463979e+00 6.700000000000000000e+01
5.700000000000000000e+01 1.238274227530538729e+00 5.700000000000000000e+01
3.500000000000000000e+01 1.224757492152868776e+00 3.500000000000000000e+01
9.000000000000000000e+01 1.146661410889570298e+00 9.000000000000000000e+01
3.100000000000000000e+01 1.242272413671197340e+00 3.100000000000000000e+01
6.000000000000000000e+01 1.164720660779880124e+00 6.000000000000000000e+01
9.800000000000000000e+01 1.265708266821614192e+00 9.800000000000000000e+01
5.800000000000000000e+01 1.265436573379400631e+00 5.800000000000000000e+01
8.200000000000000000e+01 1.192178375133131407e+00 8.200000000000000000e+01
2.200000000000000000e+01 1.177137782664968491e+00 2.200000000000000000e+01
7.800000000000000000e+01 1.316370147011443281e+00 7.800000000000000000e+01
6.000000000000000000e+01 1.222947564279460275e+00 6.000000000000000000e+01
8.300000000000000000e+01 1.229135408186518230e+00 8.300000000000000000e+01
2.500000000000000000e+01 1.237681964400388690e+00 2.500000000000000000e+01
9.000000000000000000e+01 1.218640885754033620e+00 9.000000000000000000e+01
7.800000000000000000e+01 1.198353857008369161e+00 7.800000000000000000e+01
7.700000000000000000e+01 1.227652020910297015e+00 7.700000000000000000e+01
3.600000000000000000e+01 1.299113054929448730e+00 3.600000000000000000e+01
5.000000000000000000e+00 1.185101540220665273e+00 5.000000000000000000e+00
6.600000000000000000e+01 1.250092931013468966e+00 6.600000000000000000e+01
8.900000000000000000e+01 1.284930460090051518e+00 8.900000000000000000e+01
7.800000000000000000e+01 1.232938530844672975e+00 7.800000000000000000e+01
4.800000000000000000e+01 1.231435367539433390e+00 4.800000000000000000e+01
8.100000000000000000e+01 1.195324234990464030e+00 8.100000000000000000e+01
9.200000000000000000e+01 1.297617691884409785e+00 9.200000000000000000e+01
7.600000000000000000e+01 1.214255040493677607e+00 7.600000000000000000e+01
4.800000000000000000e+01 1.239281338455052728e+00 4.800000000000000000e+01
8.100000000000000000e+01 1.276913760851442703e+00 8.100000000000000000e+01
6.900000000000000000e+01 1.243068583494381985e+00 6.900000000000000000e+01
8.500000000000000000e+01 1.194449282700142945e+00 8.500000000000000000e+01
6.300000000000000000e+01 1.230467635845580388e+00 6.300000000000000000e+01
8.600000000000000000e+01 1.306162504421601867e+00 8.600000000000000000e+01
6.100000000000000000e+01 1.246910592559053343e+00 6.100000000000000000e+01
9.700000000000000000e+01 1.245775449111466093e+00 9.700000000000000000e+01
8.900000000000000000e+01 1.176371473314965055e+00 8.900000000000000000e+01
2.400000000000000000e+01 1.147542988355387594e+00 2.400000000000000000e+01
5.100000000000000000e+01 1.139239814769112735e+00 5.100000000000000000e+01
2.500000000000000000e+01 1.231522466449981978e+00 2.500000000000000000e+01
8.200000000000000000e+01 1.371011045877751799e+00 8.200000000000000000e+01
4.900000000000000000e+01 1.231025805602543821e+00 4.900000000000000000e+01
6.100000000000000000e+01 1.271747091527942963e+00 6.100000000000000000e+01
3.900000000000000000e+01 1.257995026754610723e+00 3.900000000000000000e+01
7.400000000000000000e+01 1.238858733931819334e+00 7.400000000000000000e+01
4.200000000000000000e+01 1.112788534866778312e+00 4.200000000000000000e+01
3.400000000000000000e+01 1.221012587600676103e+00 3.400000000000000000e+01
4.500000000000000000e+01 1.219892781379052549e+00 4.500000000000000000e+01
5.900000000000000000e+01 1.133152457602139451e+00 5.900000000000000000e+01
9.800000000000000000e+01 1.240874455666294063e+00 9.800000000000000000e+01
6.000000000000000000e+00 1.244149911480406656e+00 6.000000000000000000e+00
1.800000000000000000e+01 1.128531883095535981e+00 1.800000000000000000e+01
9.000000000000000000e+01 1.205240803749161094e+00 9.000000000000000000e+01
9.200000000000000000e+01 1.235858520369131242e+00 9.200000000000000000e+01
9.500000000000000000e+01 1.184971858962492686e+00 9.500000000000000000e+01
8.600000000000000000e+01 1.247766111507132347e+00 8.600000000000000000e+01
7.400000000000000000e+01 1.197016662282046395e+00 7.400000000000000000e+01
8.800000000000000000e+01 1.245629386871120570e+00 8.800000000000000000e+01
4.100000000000000000e+01 1.196612487636608657e+00 4.100000000000000000e+01
7.700000000000000000e+01 1.272734300604853930e+00 7.700000000000000000e+01
5.800000000000000000e+01 1.185221317737705560e+00 5.800000000000000000e+01
5.100000000000000000e+01 1.139481696896530005e+00 5.100000000000000000e+01
6.600000000000000000e+01 1.211816975972304089e+00 6.600000000000000000e+01
2.200000000000000000e+01 1.170168823884678133e+00 2.200000000000000000e+01
8.900000000000000000e+01 1.198057417079811060e+00 8.900000000000000000e+01
1.000000000000000000e+02 1.228736738249741389e+00 1.000000000000000000e+02
4.600000000000000000e+01 1.311667596236048450e+00 4.600000000000000000e+01
5.000000000000000000e+01 1.247187694680735648e+00 5.000000000000000000e+01
7.500000000000000000e+01 1.245885544953392099e+00 7.500000000000000000e+01
3.800000000000000000e+01 1.255324703099636396e+00 3.800000000000000000e+01
3.500000000000000000e+01 1.220933227646568753e+00 3.500000000000000000e+01
6.700000000000000000e+01 1.196710397830291761e+00 6.700000000000000000e+01
9.400000000000000000e+01 1.226895863083506732e+00 9.400000000000000000e+01
4.900000000000000000e+01 1.237141038778392321e+00 4.900000000000000000e+01
2.300000000000000000e+01 1.146812604496927568e+00 2.300000000000000000e+01
4.100000000000000000e+01 1.135691618480393794e+00 4.100000000000000000e+01
7.200000000000000000e+01 1.252928747267456844e+00 7.200000000000000000e+01
5.300000000000000000e+01 1.213402187813286126e+00 5.300000000000000000e+01
7.200000000000000000e+01 1.290170456375285601e+00 7.200000000000000000e+01
7.200000000000000000e+01 1.204731221916718331e+00 7.200000000000000000e+01
1.300000000000000000e+01 1.206880087228925369e+00 1.300000000000000000e+01
8.700000000000000000e+01 1.236133291092512021e+00 8.700000000000000000e+01
8.500000000000000000e+01 1.278927315507842666e+00 8.500000000000000000e+01
2.700000000000000000e+01 1.197168783310921913e+00 2.700000000000000000e+01
9.200000000000000000e+01 1.239177096027031411e+00 9.200000000000000000e+01
7.000000000000000000e+01 1.182347021025350831e+00 7.000000000000000000e+01
7.000000000000000000e+00 1.164818238986945031e+00 7.000000000000000000e+00
5.800000000000000000e+01 1.174489476917740971e+00 5.800000000000000000e+01
4.400000000000000000e+01 1.176572477094143254e+00 4.400000000000000000e+01
7.200000000000000000e+01 1.159750170298113225e+00 7.200000000000000000e+01
9.000000000000000000e+01 1.234086925943945312e+00 9.000000000000000000e+01
3.300000000000000000e+01 1.123235166077533487e+00 3.300000000000000000e+01
8.900000000000000000e+01 1.311980367402307168e+00 8.900000000000000000e+01
7.100000000000000000e+01 1.261832317577274098e+00 7.100000000000000000e+01
7.700000000000000000e+01 1.192830077650352427e+00 7.700000000000000000e+01
2.600000000000000000e+01 1.242160849201066064e+00 2.600000000000000000e+01
9.600000000000000000e+01 1.235074453206140399e+00 9.600000000000000000e+01
2.300000000000000000e+01 1.117320568335856024e+00 2.300000000000000000e+01
2.400000000000000000e+01 1.222629596298752119e+00 2.400000000000000000e+01
8.000000000000000000e+00 1.272655734476532796e+00 8.000000000000000000e+00
9.100000000000000000e+01 1.270491667336989483e+00 9.100000000000000000e+01
1.800000000000000000e+01 1.169269423888484871e+00 1.800000000000000000e+01
5.000000000000000000e+01 1.222189219982907860e+00 5.000000000000000000e+01
4.900000000000000000e+01 1.135333438500647718e+00 4.900000000000000000e+01
3.900000000000000000e+01 1.138500176691513044e+00 3.900000000000000000e+01
3.200000000000000000e+01 1.117333188565622581e+00 3.200000000000000000e+01
1.000000000000000000e+02 1.221747348200046712e+00 1.000000000000000000e+02
2.500000000000000000e+01 1.201039421687006614e+00 2.500000000000000000e+01
6.900000000000000000e+01 1.276047740457757707e+00 6.900000000000000000e+01
5.600000000000000000e+01 1.174228391493940427e+00 5.600000000000000000e+01
4.600000000000000000e+01 1.165855192412710073e+00 4.600000000000000000e+01
1.800000000000000000e+01 1.173283304616838940e+00 1.800000000000000000e+01
8.200000000000000000e+01 1.273916459240160837e+00 8.200000000000000000e+01
7.400000000000000000e+01 1.238781677035828643e+00 7.400000000000000000e+01
4.000000000000000000e+01 1.184067135498247492e+00 4.000000000000000000e+01
7.200000000000000000e+01 1.257763846116023210e+00 7.200000000000000000e+01
3.300000000000000000e+01 1.214976573570503149e+00 3.300000000000000000e+01
9.000000000000000000e+00 1.114738203626969515e+00 9.000000000000000000e+00
9.300000000000000000e+01 1.191615483387640673e+00 9.300000000000000000e+01
4.400000000000000000e+01 1.287610882130562739e+00 4.400000000000000000e+01
4.100000000000000000e+01 1.182221567943587681e+00 4.100000000000000000e+01
6.000000000000000000e+01 1.230461252688036300e+00 6.000000000000000000e+01
2.100000000000000000e+01 1.141640761104701252e+00 2.100000000000000000e+01
9.500000000000000000e+01 1.183927811375464545e+00 9.500000000000000000e+01
8.500000000000000000e+01 1.238351005485982315e+00 8.500000000000000000e+01
9.300000000000000000e+01 1.297746145998122103e+00 9.300000000000000000e+01
8.900000000000000000e+01 1.238886153728743444e+00 8.900000000000000000e+01
5.900000000000000000e+01 1.222973181842278656e+00 5.900000000000000000e+01
5.300000000000000000e+01 1.166157227753660486e+00 5.300000000000000000e+01
8.000000000000000000e+01 1.193279855925988509e+00 8.000000000000000000e+01
3.000000000000000000e+01 1.139464622095146984e+00 3.000000000000000000e+01
5.200000000000000000e+01 1.247723215187404699e+00 5.200000000000000000e+01
3.800000000000000000e+01 1.199667750802942523e+00 3.800000000000000000e+01
8.500000000000000000e+01 1.157840354493439472e+00 8.500000000000000000e+01
7.100000000000000000e+01 1.274568616616402750e+00 7.100000000000000000e+01
3.600000000000000000e+01 1.213595810545221587e+00 3.600000000000000000e+01
6.200000000000000000e+01 1.191923144687467184e+00 6.200000000000000000e+01
8.500000000000000000e+01 1.252755660636101664e+00 8.500000000000000000e+01
3.000000000000000000e+01 1.167932251331263993e+00 3.000000000000000000e+01
9.700000000000000000e+01 1.143937706434565493e+00 9.700000000000000000e+01
6.500000000000000000e+01 1.230333757593519151e+00 6.500000000000000000e+01
4.400000000000000000e+01 1.219984091950366389e+00 4.400000000000000000e+01
4.100000000000000000e+01 1.288217508873150896e+00 4.100000000000000000e+01
7.600000000000000000e+01 1.230184201548232048e+00 7.600000000000000000e+01
9.800000000000000000e+01 1.221965012535867867e+00 9.800000000000000000e+01
2.200000000000000000e+01 1.184210967649219626e+00 2.200000000000000000e+01
1.200000000000000000e+01 1.176477297536780986e+00 1.200000000000000000e+01
6.100000000000000000e+01 1.199118707719495136e+00 6.100000000000000000e+01
4.100000000000000000e+01 1.224484287016315509e+00 4.100000000000000000e+01
7.200000000000000000e+01 1.250525773662717111e+00 7.200000000000000000e+01
3.500000000000000000e+01 1.142975171628914044e+00 3.500000000000000000e+01
4.300000000000000000e+01 1.325953853792229964e+00 4.300000000000000000e+01
8.900000000000000000e+01 1.128075375839266759e+00 8.900000000000000000e+01
6.400000000000000000e+01 1.275884919653596850e+00 6.400000000000000000e+01
8.500000000000000000e+01 1.253044332815391959e+00 8.500000000000000000e+01
5.800000000000000000e+01 1.281109467560844761e+00 5.800000000000000000e+01
3.100000000000000000e+01 1.214657141777276017e+00 3.100000000000000000e+01
2.700000000000000000e+01 1.069559340910342993e+00 2.700000000000000000e+01
4.300000000000000000e+01 1.168000253299209978e+00 4.300000000000000000e+01
4.600000000000000000e+01 1.326491770727286523e+00 4.600000000000000000e+01
1.000000000000000000e+02 1.267072695592665887e+00 1.000000000000000000e+02
4.600000000000000000e+01 1.311419586383807401e+00 4.600000000000000000e+01
7.500000000000000000e+01 1.315550195665572630e+00 7.500000000000000000e+01
1.400000000000000000e+01 1.101961263017246395e+00 1.400000000000000000e+01
5.600000000000000000e+01 1.245318290009272744e+00 5.600000000000000000e+01
8.100000000000000000e+01 1.258138082694682414e+00 8.100000000000000000e+01
9.700000000000000000e+01 1.227187366217614706e+00 9.700000000000000000e+01
4.700000000000000000e+01 1.190477092199691223e+00 4.700000000000000000e+01
9.800000000000000000e+01 1.195311048470122373e+00 9.800000000000000000e+01
6.500000000000000000e+01 1.240488872577564239e+00 6.500000000000000000e+01
4.900000000000000000e+01 1.318017722349001941e+00 4.900000000000000000e+01
8.000000000000000000e+00 1.215251776796344219e+00 8.000000000000000000e+00
4.200000000000000000e+01 1.120218345177583119e+00 4.200000000000000000e+01
4.100000000000000000e+01 1.159102811712264147e+00 4.100000000000000000e+01
1.500000000000000000e+01 1.057283555365989836e+00 1.500000000000000000e+01
7.000000000000000000e+01 1.232540535554442762e+00 7.000000000000000000e+01
7.400000000000000000e+01 1.271017945295491947e+00 7.400000000000000000e+01
8.100000000000000000e+01 1.251355333540409953e+00 8.100000000000000000e+01
6.900000000000000000e+01 1.221543915445932438e+00 6.900000000000000000e+01
2.800000000000000000e+01 1.160297960248894311e+00 2.800000000000000000e+01
8.000000000000000000e+00 1.034495839734705269e+00 8.000000000000000000e+00
6.400000000000000000e+01 1.215868356821995011e+00 6.400000000000000000e+01
9.800000000000000000e+01 1.240657246323007223e+00 9.800000000000000000e+01
8.600000000000000000e+01 1.358235301038793086e+00 8.600000000000000000e+01
9.600000000000000000e+01 1.210052208744057500e+00 9.600000000000000000e+01
1.500000000000000000e+01 1.233766780003973773e+00 1.500000000000000000e+01
5.300000000000000000e+01 1.233713922589817935e+00 5.300000000000000000e+01
9.500000000000000000e+01 1.242431367921625895e+00 9.500000000000000000e+01
1.800000000000000000e+01 1.164458597350327862e+00 1.800000000000000000e+01
6.400000000000000000e+01 1.149492289010847434e+00 6.400000000000000000e+01
7.800000000000000000e+01 1.264587427756062921e+00 7.800000000000000000e+01
1.100000000000000000e+01 1.046929951556604177e+00 1.100000000000000000e+01
5.100000000000000000e+01 1.188894281129727171e+00 5.100000000000000000e+01
9.300000000000000000e+01 1.195365899217058603e+00 9.300000000000000000e+01
6.500000000000000000e+01 1.236804070458890958e+00 6.500000000000000000e+01
9.300000000000000000e+01 1.194026421543337824e+00 9.300000000000000000e+01
9.500000000000000000e+01 1.223096968122058259e+00 9.500000000000000000e+01
3.700000000000000000e+01 1.283574108086792620e+00 3.700000000000000000e+01
3.700000000000000000e+01 1.234873163450035172e+00 3.700000000000000000e+01
9.100000000000000000e+01 1.250041189379308637e+00 9.100000000000000000e+01
8.200000000000000000e+01 1.284299557961569693e+00 8.200000000000000000e+01
1.300000000000000000e+01 1.155254736136356986e+00 1.300000000000000000e+01
3.300000000000000000e+01 1.284930282147445757e+00 3.300000000000000000e+01
5.600000000000000000e+01 1.219278875025023190e+00 5.600000000000000000e+01
9.800000000000000000e+01 1.249608288123943201e+00 9.800000000000000000e+01
1.200000000000000000e+01 1.191975028694313155e+00 1.200000000000000000e+01
2.100000000000000000e+01 1.174483605665154640e+00 2.100000000000000000e+01
5.900000000000000000e+01 1.301642012764016476e+00 5.900000000000000000e+01
2.200000000000000000e+01 1.188047231046822860e+00 2.200000000000000000e+01
3.300000000000000000e+01 1.191041595232080752e+00 3.300000000000000000e+01
7.600000000000000000e+01 1.268463911372101682e+00 7.600000000000000000e+01
7.100000000000000000e+01 1.237814825487373538e+00 7.100000000000000000e+01
8.800000000000000000e+01 1.198625060717040780e+00 8.800000000000000000e+01
7.000000000000000000e+01 1.211883139020895728e+00 7.000000000000000000e+01
8.500000000000000000e+01 1.271121811292634129e+00 8.500000000000000000e+01
7.800000000000000000e+01 1.189736899335405607e+00 7.800000000000000000e+01
2.700000000000000000e+01 1.274519428374935703e+00 2.700000000000000000e+01
7.800000000000000000e+01 1.293672432646579828e+00 7.800000000000000000e+01
8.200000000000000000e+01 1.224446914007120579e+00 8.200000000000000000e+01
3.300000000000000000e+01 1.246489270786354631e+00 3.300000000000000000e+01
5.400000000000000000e+01 1.320003280054074191e+00 5.400000000000000000e+01
2.500000000000000000e+01 1.146232701903528106e+00 2.500000000000000000e+01
7.400000000000000000e+01 1.242582317292051819e+00 7.400000000000000000e+01
2.700000000000000000e+01 1.157607828321603805e+00 2.700000000000000000e+01
3.300000000000000000e+01 1.163836843127329379e+00 3.300000000000000000e+01
2.800000000000000000e+01 1.177607131214569947e+00 2.800000000000000000e+01
2.200000000000000000e+01 1.141479119784788221e+00 2.200000000000000000e+01
3.800000000000000000e+01 1.331390839944522897e+00 3.800000000000000000e+01
8.400000000000000000e+01 1.198965919304076699e+00 8.400000000000000000e+01
9.000000000000000000e+01 1.249713540712705351e+00 9.000000000000000000e+01
2.600000000000000000e+01 1.191318832005683781e+00 2.600000000000000000e+01
4.700000000000000000e+01 1.258977186028255035e+00 4.700000000000000000e+01
8.500000000000000000e+01 1.265739867422325915e+00 8.500000000000000000e+01
7.100000000000000000e+01 1.188627069802236980e+00 7.100000000000000000e+01
3.000000000000000000e+01 1.147726004840816438e+00 3.000000000000000000e+01
9.000000000000000000e+01 1.263114773173932281e+00 9.000000000000000000e+01
7.400000000000000000e+01 1.230786896588261126e+00 7.400000000000000000e+01
4.700000000000000000e+01 1.215282668394851884e+00 4.700000000000000000e+01
9.500000000000000000e+01 1.212142975593937466e+00 9.500000000000000000e+01
6.000000000000000000e+01 1.308175022232758167e+00 6.000000000000000000e+01
4.500000000000000000e+01 1.199590142529714187e+00 4.500000000000000000e+01
6.000000000000000000e+00 1.135484817838512628e+00 6.000000000000000000e+00
7.300000000000000000e+01 1.197789098574072453e+00 7.300000000000000000e+01
5.200000000000000000e+01 1.171703951071965122e+00 5.200000000000000000e+01
6.400000000000000000e+01 1.260836935911286316e+00 6.400000000000000000e+01
6.400000000000000000e+01 1.256839412380838183e+00 6.400000000000000000e+01
7.000000000000000000e+00 1.209857466258688952e+00 7.000000000000000000e+00
4.200000000000000000e+01 1.187849618255806261e+00 4.200000000000000000e+01
9.700000000000000000e+01 1.255156094994182014e+00 9.700000000000000000e+01
8.100000000000000000e+01 1.222737237443391578e+00 8.100000000000000000e+01
3.700000000000000000e+01 1.240956708642447115e+00 3.700000000000000000e+01
2.400000000000000000e+01 1.208125746296767611e+00 2.400000000000000000e+01
6.700000000000000000e+01 1.275352361025853920e+00 6.700000000000000000e+01
9.400000000000000000e+01 1.268096415369279306e+00 9.400000000000000000e+01
5.300000000000000000e+01 1.252289695109379375e+00 5.300000000000000000e+01
5.800000000000000000e+01 1.233910362861054821e+00 5.800000000000000000e+01
5.000000000000000000e+01 1.287932091304119453e+00 5.000000000000000000e+01
3.400000000000000000e+01 1.250107450097711626e+00 3.400000000000000000e+01
4.400000000000000000e+01 1.233593890849771446e+00 4.400000000000000000e+01
4.200000000000000000e+01 1.129384154732266721e+00 4.200000000000000000e+01
5.000000000000000000e+01 1.238635752205700546e+00 5.000000000000000000e+01
4.800000000000000000e+01 1.199882039846229764e+00 4.800000000000000000e+01
9.800000000000000000e+01 1.172061712212208784e+00 9.800000000000000000e+01
5.000000000000000000e+01 1.229305610417519956e+00 5.000000000000000000e+01
6.100000000000000000e+01 1.292151671762454157e+00 6.100000000000000000e+01
4.700000000000000000e+01 1.171231943439291268e+00 4.700000000000000000e+01
3.400000000000000000e+01 1.103957004656721974e+00 3.400000000000000000e+01
3.700000000000000000e+01 1.222230737678294155e+00 3.700000000000000000e+01
5.000000000000000000e+00 1.074606764850302154e+00 5.000000000000000000e+00
7.900000000000000000e+01 1.255374975323997555e+00 7.900000000000000000e+01
4.900000000000000000e+01 1.146062428348295192e+00 4.900000000000000000e+01
7.100000000000000000e+01 1.239601192101217331e+00 7.100000000000000000e+01
5.300000000000000000e+01 1.215875113071113844e+00 5.300000000000000000e+01
8.000000000000000000e+01 1.239473629876949534e+00 8.000000000000000000e+01
4.400000000000000000e+01 1.213032333752546821e+00 4.400000000000000000e+01
9.600000000000000000e+01 1.207153883547370521e+00 9.600000000000000000e+01
6.400000000000000000e+01 1.178245007065323646e+00 6.400000000000000000e+01
1.800000000000000000e+01 1.203485029734791878e+00 1.800000000000000000e+01
4.000000000000000000e+01 1.196044185756691469e+00 4.000000000000000000e+01
6.900000000000000000e+01 1.181445154374731299e+00 6.900000000000000000e+01
6.300000000000000000e+01 1.266370851555171484e+00 6.300000000000000000e+01
4.100000000000000000e+01 1.281432506050177222e+00 4.100000000000000000e+01
8.400000000000000000e+01 1.228761185396962663e+00 8.400000000000000000e+01
4.900000000000000000e+01 1.294835713890142292e+00 4.900000000000000000e+01
7.400000000000000000e+01 1.193479158287203967e+00 7.400000000000000000e+01
9.300000000000000000e+01 1.155469876980051103e+00 9.300000000000000000e+01
9.100000000000000000e+01 1.244066407536115193e+00 9.100000000000000000e+01
1.100000000000000000e+01 1.128739156147697598e+00 1.100000000000000000e+01
3.800000000000000000e+01 1.149345724426597881e+00 3.800000000000000000e+01
6.200000000000000000e+01 1.176859682991440170e+00 6.200000000000000000e+01
3.100000000000000000e+01 1.169923795104570674e+00 3.100000000000000000e+01
7.500000000000000000e+01 1.246500007133022114e+00 7.500000000000000000e+01
9.600000000000000000e+01 1.202742824769513774e+00 9.600000000000000000e+01
9.100000000000000000e+01 1.261425036677797040e+00 9.100000000000000000e+01
5.200000000000000000e+01 1.128625026152521915e+00 5.200000000000000000e+01
8.800000000000000000e+01 1.285087916791193496e+00 8.800000000000000000e+01
8.500000000000000000e+01 1.181091148379334932e+00 8.500000000000000000e+01
1.900000000000000000e+01 1.194592604113895451e+00 1.900000000000000000e+01
7.500000000000000000e+01 1.187993492512739113e+00 7.500000000000000000e+01
6.900000000000000000e+01 1.142812445197633586e+00 6.900000000000000000e+01
5.900000000000000000e+01 1.258003127313807701e+00 5.900000000000000000e+01
6.600000000000000000e+01 1.187411527249284671e+00 6.600000000000000000e+01
9.000000000000000000e+01 1.197044236834028608e+00 9.000000000000000000e+01
9.000000000000000000e+01 1.232896134752040185e+00 9.000000000000000000e+01
1.000000000000000000e+01 1.257868615694346159e+00 1.000000000000000000e+01
6.400000000000000000e+01 1.232700591987331951e+00 6.400000000000000000e+01
4.700000000000000000e+01 1.233953624322765341e+00 4.700000000000000000e+01
5.100000000000000000e+01 1.241904397618540212e+00 5.100000000000000000e+01
6.800000000000000000e+01 1.265015757956417630e+00 6.800000000000000000e+01
4.500000000000000000e+01 1.246171396000011367e+00 4.500000000000000000e+01
9.200000000000000000e+01 1.280722398525806272e+00 9.200000000000000000e+01
2.900000000000000000e+01 1.158352702917647248e+00 2.900000000000000000e+01
4.000000000000000000e+01 1.215718421973579044e+00 4.000000000000000000e+01
4.000000000000000000e+01 1.255234243157021146e+00 4.000000000000000000e+01
3.400000000000000000e+01 1.275914557060588761e+00 3.400000000000000000e+01
5.900000000000000000e+01 1.163536649182083993e+00 5.900000000000000000e+01
6.000000000000000000e+01 1.211513204589015569e+00 6.000000000000000000e+01
