4.500000000000000000e+01 3.175556598582045353e+01
4.545454545454545325e+01 3.240033260465304465e+01
4.590909090909091361e+01 3.305157929000657901e+01
4.636363636363635976e+01 3.370930604188102819e+01
4.681818181818181301e+01 3.437351286027640640e+01
4.727272727272727337e+01 3.504419974519274206e+01
4.772727272727272663e+01 3.572136669662998543e+01
4.818181818181818699e+01 3.640501371458816493e+01
4.863636363636364024e+01 3.709514079906728057e+01
4.909090909090908639e+01 3.779174795006730392e+01
4.954545454545454675e+01 3.849483516758827761e+01
5.000000000000000000e+01 3.920440245163019455e+01
5.045454545454545325e+01 3.992044980219301920e+01
5.090909090909091361e+01 4.064297721927678708e+01
5.136363636363636687e+01 4.137198470288147689e+01
5.181818181818181301e+01 4.210747225300708863e+01
5.227272727272727337e+01 4.284943986965365070e+01
5.272727272727272663e+01 4.359788755282114181e+01
5.318181818181818699e+01 4.435281530250955484e+01
5.363636363636363313e+01 4.511422311871889690e+01
5.409090909090908639e+01 4.588211100144918220e+01
5.454545454545454675e+01 4.665647895070038231e+01
5.500000000000000000e+01 4.743732696647252567e+01
5.545454545454545325e+01 4.822465504876558384e+01
5.590909090909091361e+01 4.901846319757960657e+01
5.636363636363636687e+01 4.981875141291454412e+01
5.681818181818181301e+01 5.062551969477037517e+01
5.727272727272727337e+01 5.143876804314716367e+01
5.772727272727272663e+01 5.225849645804490962e+01
5.818181818181818699e+01 5.308470493946355617e+01
5.863636363636363313e+01 5.391739348740311044e+01
5.909090909090908639e+01 5.475656210186364348e+01
5.954545454545454675e+01 5.560221078284509844e+01
6.000000000000000000e+01 5.645433953034746821e+01
6.045454545454545325e+01 5.731294834437076702e+01
6.090909090909091361e+01 5.817803722491500196e+01
6.136363636363636687e+01 5.904960617198019435e+01
6.181818181818182012e+01 5.992765518556628734e+01
6.227272727272727337e+01 6.081218426567330226e+01
6.272727272727272663e+01 6.170319341230127463e+01
6.318181818181818699e+01 6.260068262545015472e+01
6.363636363636363313e+01 6.350465190511995672e+01
6.409090909090909349e+01 6.441510125131070197e+01
6.454545454545454675e+01 6.533203066402241177e+01
6.500000000000000000e+01 6.625544014325502928e+01
6.545454545454545325e+01 6.718532968900855451e+01
6.590909090909090651e+01 6.812169930128303008e+01
6.636363636363637397e+01 6.906454898007842758e+01
6.681818181818182723e+01 7.001387872539477542e+01
6.727272727272726627e+01 7.096968853723201676e+01
6.772727272727273373e+01 7.193197841559025107e+01
6.818181818181817277e+01 7.290074836046933626e+01
6.863636363636362603e+01 7.387599837186940022e+01
6.909090909090909349e+01 7.485772844979040030e+01
6.954545454545454675e+01 7.584593859423230811e+01
7.000000000000000000e+01 7.684062880519516625e+01
7.045454545454545325e+01 7.784179908267894632e+01
7.090909090909090651e+01 7.884944942668366252e+01
7.136363636363637397e+01 7.986357983720930065e+01
7.181818181818182723e+01 8.088419031425586070e+01
7.227272727272726627e+01 8.191128085782332846e+01
7.272727272727273373e+01 8.294485146791181762e+01
7.318181818181817277e+01 8.398490214452115765e+01
7.363636363636362603e+01 8.503143288765144803e+01
7.409090909090909349e+01 8.608444369730266033e+01
7.454545454545454675e+01 8.714393457347480876e+01
7.500000000000000000e+01 8.820990551616789332e+01
7.545454545454545325e+01 8.928235652538194245e+01
7.590909090909090651e+01 9.036128760111689928e+01
7.636363636363637397e+01 9.144669874337276383e+01
7.681818181818182723e+01 9.253858995214957872e+01
7.727272727272726627e+01 9.363696122744728711e+01
7.772727272727273373e+01 9.474181256926601691e+01
7.818181818181817277e+01 9.585314397760555494e+01
7.863636363636364024e+01 9.697095545246612858e+01
7.909090909090909349e+01 9.809524699384756730e+01
7.954545454545454675e+01 9.922601860174994215e+01
8.000000000000000000e+01 1.003632702761732673e+02
8.045454545454545325e+01 1.015070020171175429e+02
8.090909090909090651e+01 1.026572138245827261e+02
8.136363636363637397e+01 1.038139056985688455e+02
8.181818181818182723e+01 1.049770776390758726e+02
8.227272727272726627e+01 1.061467296461038217e+02
8.272727272727273373e+01 1.073228617196527637e+02
8.318181818181817277e+01 1.085054738597225565e+02
8.363636363636364024e+01 1.096945660663133992e+02
8.409090909090909349e+01 1.108901383394250502e+02
8.454545454545454675e+01 1.120921906790576799e+02
8.500000000000000000e+01 1.133007230852112315e+02
8.545454545454545325e+01 1.145157355578857334e+02
8.590909090909090651e+01 1.157372280970811573e+02
8.636363636363637397e+01 1.169652007027975174e+02
8.681818181818182723e+01 1.181996533750347993e+02
8.727272727272726627e+01 1.194405861137929747e+02
8.772727272727273373e+01 1.206879989190721574e+02
8.818181818181817277e+01 1.219418917908721767e+02
8.863636363636364024e+01 1.232022647291932316e+02
8.909090909090909349e+01 1.244691177340351373e+02
8.954545454545454675e+01 1.257424508053980077e+02
9.000000000000000000e+01 1.270222639432818141e+02
