6.082051282051281049e+01 5.696129657527673373e+01
5.665404040404038710e+01 5.317665847188117567e+01
6.212500000000000000e+01 6.318504748239232072e+01
6.064171122994650887e+01 5.942797535026864608e+01
6.449494949494952323e+01 6.747169677820571110e+01
5.529040404040403445e+01 4.924274773874361699e+01
6.732051282051283181e+01 7.142709396425212276e+01
6.572916666666667140e+01 6.411581138335641583e+01
6.006313131313130782e+01 5.971130916482286466e+01
5.098901098901097839e+01 4.232459051680508821e+01
6.270053475935829113e+01 6.257040346893382576e+01
6.237500000000000000e+01 6.188829960508006423e+01
6.199494949494950902e+01 6.101349653970520848e+01
6.885416666666667140e+01 7.196884758988521469e+01
5.574494949494949481e+01 5.042560894426648588e+01
6.869791666666667140e+01 7.556044708026337275e+01
5.931818181818180591e+01 5.577658235657042241e+01
5.828042328042328535e+01 5.625496447506075270e+01
5.588383838383839475e+01 4.837344579890205409e+01
5.652173913043477427e+01 5.218987001977844642e+01
5.932051282051281049e+01 5.408945250774122826e+01
5.421052631578947967e+01 4.535407182462321174e+01
6.197089947089947515e+01 6.360715683117779662e+01
5.490641711229945798e+01 4.567232586878191825e+01
6.078877005347593609e+01 5.752351494906396567e+01
5.045977011494253617e+01 4.183384029023582684e+01
5.511494252873563227e+01 5.075625714697714130e+01
5.800000000000000000e+01 5.259111655270091745e+01
5.463383838383839475e+01 4.670682116143704121e+01
5.770053475935829113e+01 5.035621854474983650e+01
5.828947368421052744e+01 5.271106153903120628e+01
5.979166666666667140e+01 5.474975863313063229e+01
6.491161616161618042e+01 6.712035537015539433e+01
5.343750000000001421e+01 4.730156688339560134e+01
6.574494949494950902e+01 6.811262439656344725e+01
5.881578947368419819e+01 5.616648213194378059e+01
7.538265306122451648e+01 9.209318224634148464e+01
7.148717948717948900e+01 8.257453155707790415e+01
6.682051282051281760e+01 7.091918972295881929e+01
5.513157894736842479e+01 4.818139655271477295e+01
5.447089947089948936e+01 4.653525024024252588e+01
5.851851851851851904e+01 5.537235594356486956e+01
6.458333333333335702e+01 7.106244858528015129e+01
5.010000000000000142e+01 3.874703196343945422e+01
7.041666666666667140e+01 8.036987753032296666e+01
5.915404040404040131e+01 5.782268132797020854e+01
5.532828282828283761e+01 4.712480852717219904e+01
5.755050505050505905e+01 5.168903823829440825e+01
6.343582887700535622e+01 6.205991492468357507e+01
6.074494949494950902e+01 5.657406559562680570e+01
5.869565217391303946e+01 5.669071933756622172e+01
5.984693877551022467e+01 5.477672466359283021e+01
6.382051282051281049e+01 6.382492755306917331e+01
6.794871794871795601e+01 7.156746596413142925e+01
5.763157894736842479e+01 5.372596563232914235e+01
5.740641711229945798e+01 5.162703138363176691e+01
5.343750000000001421e+01 4.585036535378688427e+01
5.467391304347825098e+01 4.909062832275303379e+01
6.573979591836736347e+01 6.709035419507176812e+01
6.152406417112299408e+01 5.925488288493671263e+01
7.260416666666667140e+01 7.991785815607221366e+01
6.427083333333335702e+01 6.191161884805860183e+01
7.218750000000000000e+01 7.799924095110526423e+01
7.020053475935830534e+01 7.794370224255045798e+01
6.354166666666667140e+01 6.376229273719948765e+01
6.129999999999999716e+01 6.228351839760459541e+01
5.175000000000000000e+01 4.122474668520150942e+01
5.750000000000000000e+01 5.210968932574264301e+01
5.494949494949495516e+01 4.871382860208242960e+01
6.213541666666667140e+01 6.065437303778045930e+01
5.343582887700535622e+01 4.322718930729147502e+01
5.487500000000000000e+01 4.650061023013525130e+01
6.324494949494950902e+01 6.456685769551354781e+01
6.151041666666667140e+01 5.900966458883859644e+01
5.848717948717947479e+01 5.179016024968917264e+01
6.381578947368422661e+01 6.743949117545751903e+01
6.435606060606062329e+01 6.583957459567315595e+01
5.755347593582888521e+01 5.118632980881185546e+01
5.804232804232805165e+01 5.453392814074302919e+01
6.362500000000000000e+01 6.694144291344967712e+01
5.760000000000000142e+01 5.596769297008291488e+01
6.635416666666667140e+01 6.564594095527375828e+01
6.587500000000000000e+01 7.285252785786099139e+01
6.510416666666667140e+01 6.265043181811755346e+01
5.792328042328043125e+01 5.496751821285202055e+01
6.802631578947368496e+01 7.637260154343709928e+01
6.339947089947089154e+01 6.669399213992316788e+01
6.131578947368421240e+01 6.100701018164757983e+01
5.167112299465241421e+01 4.053622427202271439e+01
5.991161616161617331e+01 5.785047948407756735e+01
6.104166666666667140e+01 5.943930826230084818e+01
5.882051282051282470e+01 5.238656229178891266e+01
6.218750000000000000e+01 6.506315291299264914e+01
6.642676767676768179e+01 7.421910024947787576e+01
6.794871794871794179e+01 7.162433639610476632e+01
6.713541666666667140e+01 7.140902905550471758e+01
5.645833333333334991e+01 5.252898410929965678e+01
5.855263157894737702e+01 5.378471983277937341e+01
5.631578947368421240e+01 5.112373314906003685e+01
5.991161616161618753e+01 5.616352929182833265e+01
5.554232804232804455e+01 4.882987886789958765e+01
5.895833333333334991e+01 5.716686585230143436e+01
6.948717948717947479e+01 7.431715703865974376e+01
5.814171122994653729e+01 5.260749205201886269e+01
6.056122448979593287e+01 5.654883979491680890e+01
6.250000000000000000e+01 6.375459638060564771e+01
6.057291666666667140e+01 5.673211352246207895e+01
6.796717171717173755e+01 7.503003254858590765e+01
5.902406417112299408e+01 5.592376977706955898e+01
7.010416666666667140e+01 8.002759088390746456e+01
6.157894736842105488e+01 6.113603096229886802e+01
6.184782608695652328e+01 6.501464765935999424e+01
5.369949494949494095e+01 4.631695846697171959e+01
5.697089947089947515e+01 5.348773399491436464e+01
5.012362637362636519e+01 4.032892568683406154e+01
6.806122448979593287e+01 7.302542035753204175e+01
6.696524064171123314e+01 7.203961652382025704e+01
6.232051282051282470e+01 5.967524190692972041e+01
5.891304347826086740e+01 5.717684699886598310e+01
6.350000000000000000e+01 6.655341651152326676e+01
6.375000000000000000e+01 6.602708372809928505e+01
6.109693877551022467e+01 5.658906094221431005e+01
6.802083333333334281e+01 6.871035120957557751e+01
5.938131313131311373e+01 5.814498002827961898e+01
6.671717171717175177e+01 7.240531290216330262e+01
6.324494949494950902e+01 6.408665715341882674e+01
6.447916666666667140e+01 6.193581790525508524e+01
6.822916666666667140e+01 7.293611710844940887e+01
5.458994708994709555e+01 4.717478459536894064e+01
6.212500000000000000e+01 6.301570024061580000e+01
6.377551020408164106e+01 6.309274359857674597e+01
6.815789473684210975e+01 7.709321503306006207e+01
6.843750000000000000e+01 7.080730852369443085e+01
5.256313131313130782e+01 4.284026636436036739e+01
5.814171122994652308e+01 5.363475647259643608e+01
6.921717171717175177e+01 7.745193756022575826e+01
6.366161616161617331e+01 6.468437381873340541e+01
6.268939393939395899e+01 6.356808414021391229e+01
5.369565217391303946e+01 4.653119967702308202e+01
6.815384615384616041e+01 7.427547326741543543e+01
6.098717948717947479e+01 5.753747661207810893e+01
6.210526315789473983e+01 6.122043172370104003e+01
6.984693877551021046e+01 7.767475491095916595e+01
5.729166666666667140e+01 5.087862799078264686e+01
5.755347593582887100e+01 5.137213403468904716e+01
6.104166666666667140e+01 5.850181638590002109e+01
6.046717171717173045e+01 5.709447199118039862e+01
6.461229946524063905e+01 6.638267919896833291e+01
5.868421052631578760e+01 5.531840609440879319e+01
5.572916666666667140e+01 4.780450196629765713e+01
5.946524064171123314e+01 5.629892796471875727e+01
5.850000000000000000e+01 5.621286795919309043e+01
5.228260869565215785e+01 4.378013501211066938e+01
6.135416666666667140e+01 5.932208024517789369e+01
5.301767676767676107e+01 4.496877736912411194e+01
6.574494949494950902e+01 6.992504757650992531e+01
5.768518518518519045e+01 5.255204976600479227e+01
6.725935828877004496e+01 7.351809630781620797e+01
7.410256410256408799e+01 8.691151212352534117e+01
5.858585858585858119e+01 5.727289804775707438e+01
6.267676767676767469e+01 6.599206734309314015e+01
5.574494949494950902e+01 4.855548916680140081e+01
6.387700534759358817e+01 6.650757289310077169e+01
6.060606060606062329e+01 5.889691411989997505e+01
6.660256410256408799e+01 6.733271596499736233e+01
5.887700534759359527e+01 5.502256122033082875e+01
6.832051282051283181e+01 7.446859145043437422e+01
6.578947368421053454e+01 6.957400617777443586e+01
6.073979591836735636e+01 5.684667155888406853e+01
6.198717948717947479e+01 5.892521699735768692e+01
5.586956521739131176e+01 5.024903815869431867e+01
6.281250000000001421e+01 6.535339609923374837e+01
6.328877005347594320e+01 6.373392141467249417e+01
6.484693877551022467e+01 6.544907457822664298e+01
5.804347826086955564e+01 5.518179419027084975e+01
6.049465240641711006e+01 5.841066415842797710e+01
7.450000000000000000e+01 8.193589950708673086e+01
6.302083333333334991e+01 6.710917890170941291e+01
5.113756613756614655e+01 4.140612994963052529e+01
5.588541666666667140e+01 4.807380565272156048e+01
5.229166666666667140e+01 4.476649772894200652e+01
6.525641025641024839e+01 6.471000892797125914e+01
5.854166666666667140e+01 5.330877414965755179e+01
6.431818181818181301e+01 6.661524938241315397e+01
6.302631578947368496e+01 6.230589253695796259e+01
6.197916666666667140e+01 6.145874336931061066e+01
6.148717948717947479e+01 5.916966631995436643e+01
7.910256410256408799e+01 9.934632960563192228e+01
6.078877005347593609e+01 5.792938288166099881e+01
5.919312169312168947e+01 5.933537739606146744e+01
7.358288770053475503e+01 9.002873091562285879e+01
6.463383838383839475e+01 6.667397997192762205e+01
7.078877005347592899e+01 8.295816161950018852e+01
5.425000000000000000e+01 4.704013321572700335e+01
5.478260869565217916e+01 4.821870007155080629e+01
5.681122448979593287e+01 4.796328087662664075e+01
6.302083333333333570e+01 5.841964241128568602e+01
6.432291666666667140e+01 6.612769975270762757e+01
6.868421052631579471e+01 7.697833165864095406e+01
6.093582887700535622e+01 5.918916046324589075e+01
