1.421822762683405239e+00 4.898979485566353986e+00 3.464101615137753942e+00 5.106528013483369044e+00 3.809523809523809312e+00 6.972789115646260427e+01 7.091836734693877986e+01 9.518244864589303234e+01 2.400000000000000000e+01
1.218039316311110953e+00 3.464101615137757495e+00 2.645751311064591160e+00 4.095589284841194555e+00 1.200000000000000000e+01 6.464646464646463642e+01 7.222222222222221433e+01 8.404186141532342447e+01 1.200000000000000000e+01
1.372514271293461929e+00 4.408096694603393928e+00 2.572528202230802918e+00 3.961617609891094904e+00 4.259838998211090910e+00 5.155555555555555713e+01 5.085714285714286120e+01 7.314714185216325859e+01 9.000000000000000000e+01
1.527559663234058007e+00 3.287503659034452408e+00 1.906845802926448563e+00 3.353417383237589977e+00 2.453431372549019329e+00 6.533801020408165527e+01 7.091836734693877986e+01 8.604617019981938597e+01 3.200000000000000000e+01
1.543174417593162540e+00 4.271410380525042072e+00 2.519040826243140963e+00 4.333933095328709406e+00 1.982620320855615015e+00 6.352184400964887345e+01 6.483516483516483220e+01 9.035820361177445648e+01 8.200000000000000000e+01
1.343818940003608020e+00 3.651851665012083803e+00 2.331610465522335751e+00 3.351516334145957288e+00 4.713414634146340987e+00 5.821314102564103621e+01 5.364583333333332860e+01 8.063266000876433282e+01 5.200000000000000000e+01
1.535721461023822121e+00 3.767404466638948790e+00 1.829513140785562708e+00 3.912266207639523152e+00 7.215703971119133975e-01 5.348484848484847731e+01 5.240641711229945798e+01 7.134402306455913845e+01 6.000000000000000000e+01
1.431723807735612253e+00 3.005976717387371711e+00 1.548916124822580453e+00 3.227184237316280235e+00 2.032941069147965241e+00 5.558360558360558201e+01 5.521978021978021900e+01 7.855494964134730651e+01 7.400000000000000000e+01
1.475929241774533995e+00 5.099019513592788932e+00 3.316624790355398478e+00 4.925865501959653336e+00 1.666666666666666741e+00 6.309664694280078834e+01 6.487179487179487580e+01 8.232239758279877151e+01 2.600000000000000000e+01
1.776440330521882327e+00 3.902627371513785359e+00 2.004775057575571395e+00 4.456511205263791631e+00 1.544956140350877360e+00 6.422932330827066494e+01 6.789473684210526017e+01 8.960084510511137523e+01 5.600000000000000000e+01
1.463528625009794304e+00 3.040775722561616323e+00 1.483170250247147104e+00 3.331738334117104738e+00 1.363193596526929730e+00 6.185290404040403445e+01 6.313131313131312083e+01 8.667681046524384669e+01 9.600000000000000000e+01
1.568513926430522787e+00 4.573050519273265557e+00 2.635357856304218149e+00 4.588968154842876679e+00 2.448755066589461293e+00 6.235632183908045789e+01 7.183908045977010204e+01 8.844834185973896012e+01 1.000000000000000000e+02
1.578960535694429401e+00 3.525175850184141702e+00 1.420779972816615944e+00 4.469995711619697332e+00 8.787878787878786735e-01 6.305067481538069529e+01 6.417112299465239289e+01 8.581232484980731101e+01 4.200000000000000000e+01
1.324100017142195496e+00 3.871258567902145398e+00 2.626650031735411783e+00 3.914145947079285648e+00 4.202647975077882236e+00 5.579931972789117367e+01 5.306122448979593287e+01 7.952833564647126252e+01 6.000000000000000000e+01
1.590776825545380246e+00 4.511359021331792007e+00 2.164988085380034288e+00 4.790287661293404220e+00 1.472969338353953717e+00 5.931866383881229865e+01 6.032608695652172059e+01 8.314544455994592909e+01 8.200000000000000000e+01
1.386076178257529046e+00 5.099019513592788932e+00 3.464101615137752166e+00 5.169512182899884678e+00 2.048780487804878092e+00 6.230769230769232081e+01 5.948717948717947479e+01 8.216097417807833381e+01 2.600000000000000000e+01
1.373365824154277659e+00 6.480740698407865708e+00 3.464101615137751278e+00 6.610663609838683286e+00 1.159420289855072506e+00 5.650037792894936217e+01 5.899470899470900775e+01 7.676497615337306968e+01 4.200000000000000000e+01
1.556272473591228556e+00 3.186708769871326119e+00 1.867007167827152925e+00 3.197498970482924641e+00 3.051282051282051544e+00 7.115646258503402066e+01 8.520408163265307167e+01 9.633322740182232735e+01 3.000000000000000000e+01
1.543951426887647527e+00 2.449489742783179214e+00 1.414213562373093591e+00 3.520284798605239462e+00 4.000000000000000000e+00 7.950000000000000000e+01 7.950000000000000000e+01 9.084739156854529085e+01 6.000000000000000000e+00
1.343695101615903775e+00 4.539482006091416721e+00 2.722182941004819057e+00 4.073735896865354533e+00 2.788308397683397999e+00 5.738821138211382333e+01 5.926829268292685526e+01 8.359038058927365000e+01 9.600000000000000000e+01
1.523808185361307688e+00 3.375437903527040984e+00 1.792789962520997316e+00 3.644200388754340381e+00 1.733333333333333393e+00 6.229166666666667140e+01 6.510416666666667140e+01 8.421450647419733571e+01 4.000000000000000000e+01
1.689941664423613821e+00 3.365865436338598915e+00 1.640061997331331511e+00 4.152875400783729631e+00 1.500000000000000000e+00 7.091836734693877986e+01 7.806122448979593287e+01 9.636328620719805826e+01 3.600000000000000000e+01
1.258763533596879425e+00 4.000000000000004441e+00 3.162277660168377746e+00 4.329582314596631676e+00 6.222222222222222321e+00 6.294871794871794890e+01 6.102564102564102910e+01 8.328101215097061072e+01 1.600000000000000000e+01
2.043625384831262437e+00 1.999999999999999778e+00 9.999999999999992228e-01 4.165467625899276882e+00 nan 9.950000000000000000e+01 9.950000000000000000e+01 9.333785430847561315e+01 2.000000000000000000e+00
1.396025000508916314e+00 3.723115112147556527e+00 2.394781869231202620e+00 4.030072357291132334e+00 3.023384763741562065e+00 6.120370370370370239e+01 6.550000000000000000e+01 8.701112800736046893e+01 5.400000000000000000e+01
1.477155232474167024e+00 3.111972875488456580e+00 1.749219600691383603e+00 3.080238727955664224e+00 3.683539657223867891e+00 5.782828282828284472e+01 6.161616161616164078e+01 8.337039330207666410e+01 8.800000000000000000e+01
1.332112044240609361e+00 3.929645815211466164e+00 1.583301121749775220e+00 4.108170871495362420e+00 8.000000000000000444e-01 5.300000000000000000e+01 4.550000000000000000e+01 7.291951065671555909e+01 5.600000000000000000e+01
1.764697321422528997e+00 3.747522087408219793e+00 2.089529802646358014e+00 3.928503840242646650e+00 2.228485370051635162e+00 6.964779642264430493e+01 7.005347593582887100e+01 9.648699864906645018e+01 5.800000000000000000e+01
1.311769606653997444e+00 4.144021832308375508e+00 1.754478658600682861e+00 4.875451953093661750e+00 7.792565947242207081e-01 5.250000000000000000e+01 4.750000000000000000e+01 7.177335391364283623e+01 6.800000000000000000e+01
1.295438927904023263e+00 4.391851715568663828e+00 3.005852934204826798e+00 4.178595401377570795e+00 2.786577728143911692e+00 5.686413043478260931e+01 5.200000000000000000e+01 8.089499715181112549e+01 9.200000000000000000e+01
1.293794703606905516e+00 2.770261746883892595e+00 1.052409779148925306e+00 3.494619198926487424e+00 9.868421052631579649e-01 5.468460111317254757e+01 4.948979591836735636e+01 7.050558925209153927e+01 2.200000000000000000e+01
1.264265889709045521e+00 4.317796256667672417e+00 2.374683681272084179e+00 4.280814107624005160e+00 2.069642857142857117e+00 4.612135176651305102e+01 4.462365591397848164e+01 6.418164797745768624e+01 8.400000000000000000e+01
1.307054816525095475e+00 3.609134996572830989e+00 1.886749688517133094e+00 3.605479920140088446e+00 1.562500000000000000e+00 5.051851851851852615e+01 4.708994708994709555e+01 6.822800504414871625e+01 5.000000000000000000e+01
1.449214095451089923e+00 4.211628702983268191e+00 2.625560777372717425e+00 4.088470035669104163e+00 2.540115798180314410e+00 6.184881847475833183e+01 6.198979591836736347e+01 8.926700540501164483e+01 7.600000000000000000e+01
1.235144087008440472e+00 3.603445953932019385e+00 1.728245871888568264e+00 3.972513657701853163e+00 1.079787234042553390e+00 5.109427609427610406e+01 4.232804232804233635e+01 6.869566090011784354e+01 4.400000000000000000e+01
1.456757377233801831e+00 3.464101615137754830e+00 2.449489742783174329e+00 4.224320594894384939e+00 4.800000000000000711e+00 7.264309764309764716e+01 8.838383838383839475e+01 9.322148508222973362e+01 1.200000000000000000e+01
1.425979382802316175e+00 2.962229512518212093e+00 1.613189950345524926e+00 2.951854235203926979e+00 2.572380115858376559e+00 4.953453453453452937e+01 4.611111111111110716e+01 6.972504883387070151e+01 7.400000000000000000e+01
1.687624405965037599e+00 2.880339466127438186e+00 1.573226699546795393e+00 3.314677221511300953e+00 3.327197904975683240e+00 7.068938686585747178e+01 7.328042328042329245e+01 1.003993920028520108e+02 6.800000000000000000e+01
1.358174640250356724e+00 4.419853856684193616e+00 2.813666584095574130e+00 4.278184940900069400e+00 2.818815974016387393e+00 6.334733893557424977e+01 6.852941176470589824e+01 9.180794870012904596e+01 8.400000000000000000e+01
1.411949334348374219e+00 3.138661647567554613e+00 1.361922657351543497e+00 3.237965761503097006e+00 1.677088110346788952e+00 5.645819901139052632e+01 6.010101010101012520e+01 8.073033054718618473e+01 9.400000000000000000e+01
1.568973870127673864e+00 3.015151648101881410e+00 1.663226904076885893e+00 3.466428017010041440e+00 1.978395061728394966e+00 5.539682539682538476e+01 5.502645502645501097e+01 7.867024139933970162e+01 9.000000000000000000e+01
1.394226363325133944e+00 4.000000000000001776e+00 2.828427124746185406e+00 4.442009541103089987e+00 2.352941176470588314e+00 6.540404040404040131e+01 6.313131313131312083e+01 8.419805815583397646e+01 1.600000000000000000e+01
1.444624007583862113e+00 4.251961713882900007e+00 2.441980684251111811e+00 4.029382639266755994e+00 2.018829754123872000e+00 5.551378446115288057e+01 5.502645502645501097e+01 7.785632999774554719e+01 7.600000000000000000e+01
1.432767877510167986e+00 3.665629786446681582e+00 2.173034354722359840e+00 4.146515025434691637e+00 4.062328767123287498e+00 6.934667586841500508e+01 7.566137566137567205e+01 9.947404537175032146e+01 4.600000000000000000e+01
1.672486469693938771e+00 3.162277660168380855e+00 1.414213562373092703e+00 4.356014271693279483e+00 0.000000000000000000e+00 7.616161616161616621e+01 7.449494949494950902e+01 8.871737576350859911e+01 1.000000000000000000e+01
1.392808063607712921e+00 4.392122701886505887e+00 2.554975767101195672e+00 4.247197629442867495e+00 2.128048780487804770e+00 5.184789440603392308e+01 4.810810810810809102e+01 7.419727151837126655e+01 8.600000000000000000e+01
1.261616977382075344e+00 4.021250840970684415e+00 1.823360600830270073e+00 4.469001028453624791e+00 1.230263157894736725e+00 5.286485545106235406e+01 4.494949494949494806e+01 7.250902771653092316e+01 5.800000000000000000e+01
1.327117274476293352e+00 4.434583378632606987e+00 2.812736319737016544e+00 4.290781228831793470e+00 3.175692507901096917e+00 6.222789115646261848e+01 6.055555555555558556e+01 8.944326327496884232e+01 9.800000000000000000e+01
1.211658660887729333e+00 3.768298270362488100e+00 2.573732212427000121e+00 3.556775046052104372e+00 4.189583333333333215e+00 5.752314814814813815e+01 5.885416666666667140e+01 8.210246607724296553e+01 5.400000000000000000e+01
1.453260600051592411e+00 2.810524248303257977e+00 1.083125420397767380e+00 3.418553896103832646e+00 9.234306125550996169e-01 5.474193548387096797e+01 4.700000000000000000e+01 7.356158506411016162e+01 6.200000000000000000e+01
1.175686860720592586e+00 2.923647753794257120e+00 1.339675380098977797e+00 3.437216147455174120e+00 1.874417207971804444e+00 5.649572649572647975e+01 5.944444444444444997e+01 8.050643826194442454e+01 7.800000000000000000e+01
1.443883350731199888e+00 3.411189702003358359e+00 2.064545866788884521e+00 3.682713216563201275e+00 2.541044776119402826e+00 6.144736842105262298e+01 6.263157894736841769e+01 8.536638592661105918e+01 4.000000000000000000e+01
1.773736588961061011e+00 2.929489653808834859e+00 1.465198563708384416e+00 3.111569129097371711e+00 1.546021910374015595e+00 5.657142857142856940e+01 5.950000000000000000e+01 7.720001120100930336e+01 7.000000000000000000e+01
1.475929420291411720e+00 3.248864133333840609e+00 1.526770268126211416e+00 3.795818559656097602e+00 9.259259259259259300e-01 6.147812971342384003e+01 6.102564102564102910e+01 8.027582301015395672e+01 3.400000000000000000e+01
1.583455498918640680e+00 2.828427124746190735e+00 1.732050807568874973e+00 3.712428168332408962e+00 1.500000000000000000e+00 7.449494949494949481e+01 8.282828282828283761e+01 8.657983723653617858e+01 8.000000000000000000e+00
1.517535204468546839e+00 2.656402479886668555e+00 1.355882106693847122e+00 3.330057228687104853e+00 1.510416666666666519e+00 6.783333333333332860e+01 6.450000000000000000e+01 8.680751243122900007e+01 1.800000000000000000e+01
1.740997438620345728e+00 3.323894297787715946e+00 1.799673697962997032e+00 3.859908036357801553e+00 1.439024390243902385e+00 7.215924426450740725e+01 6.871794871794871540e+01 9.720319975680416746e+01 3.800000000000000000e+01
1.406279820109411327e+00 4.472135954999580498e+00 3.316624790355394481e+00 4.856429311786320646e+00 2.769230769230769607e+00 6.948717948717947479e+01 7.256410256410256920e+01 9.309715861024064054e+01 2.000000000000000000e+01
1.440439940910555716e+00 5.999999999999997335e+00 4.999999999999999112e+00 8.189944134078203319e+00 nan 7.171717171717173755e+01 7.449494949494950902e+01 8.411782157844476160e+01 6.000000000000000000e+00
1.571541953947642734e+00 4.460076905311534112e+00 2.267234361572675994e+00 4.283245716882653653e+00 2.535714285714285143e+00 5.504981884057970376e+01 5.781249999999999289e+01 7.729193269161405055e+01 9.200000000000000000e+01
1.351243973377958207e+00 3.111972875488456580e+00 1.223423127128247634e+00 3.622150923689936519e+00 1.110485559964726532e+00 4.786363636363635976e+01 4.350000000000000000e+01 6.609514495248697585e+01 8.800000000000000000e+01
1.582524169317430562e+00 3.974267717036507275e+00 2.023529397857597001e+00 4.231620488799982205e+00 1.654645760743321592e+00 5.986426767676767469e+01 6.085858585858585457e+01 8.327106339757855835e+01 6.400000000000000000e+01
1.492038768263504123e+00 3.498098863849139928e+00 1.748223175579021849e+00 3.707296485287980392e+00 1.894917582417582569e+00 6.082785087719296513e+01 6.197916666666667140e+01 8.157641916054282660e+01 3.800000000000000000e+01
1.442413175343315368e+00 3.669259018569607900e+00 1.937690750870004974e+00 3.947627101196616195e+00 1.852173913043478226e+00 5.978070175438598000e+01 6.263157894736841769e+01 8.323290671533544582e+01 4.800000000000000000e+01
1.409671716004452957e+00 3.080024803083043494e+00 1.169167304276033326e+00 3.848575168687906611e+00 1.810344827586207295e+00 6.555059523809524080e+01 6.614583333333334281e+01 8.562930679189886973e+01 2.800000000000000000e+01
1.350014074688834054e+00 4.683895516220591304e+00 2.645395520287479485e+00 5.057073920961766333e+00 1.966940191314446418e+00 5.257584114726970625e+01 4.810810810810809102e+01 7.556027845172233981e+01 9.800000000000000000e+01
1.343980755113085568e+00 2.656402479886668555e+00 1.174618943088019174e+00 3.427138514079124842e+00 2.250000000000000000e+00 6.290509259259258101e+01 6.614583333333334281e+01 8.010482068330935590e+01 1.800000000000000000e+01
1.578294576759446510e+00 3.308641206573625926e+00 1.607478777437284956e+00 3.839776486277767020e+00 1.572222222222221966e+00 6.184012066365006888e+01 6.282051282051281049e+01 8.285492828718172120e+01 3.400000000000000000e+01
1.657702700465644163e+00 3.111497628292656970e+00 1.564913180150238725e+00 3.602894436972714498e+00 1.697638146167557816e+00 6.125242248062016159e+01 5.989583333333332860e+01 8.613634037044572267e+01 8.600000000000000000e+01
1.604406298836750677e+00 3.999999999999999112e+00 2.999999999999997780e+00 6.393258426966287544e+00 nan 8.075000000000000000e+01 8.700000000000000000e+01 8.742702752864249760e+01 4.000000000000000000e+00
1.287398773919318895e+00 4.023631365412828842e+00 2.392754875381120971e+00 4.170098626483687454e+00 2.363082039911308385e+00 6.239817530140110335e+01 6.767676767676768179e+01 8.741497211035606085e+01 6.200000000000000000e+01
1.396200343850346526e+00 3.741657386773943994e+00 2.828427124746187182e+00 4.186337746624554157e+00 4.444444444444444642e+00 6.950000000000000000e+01 7.450000000000000000e+01 8.941408503658342966e+01 1.400000000000000000e+01
1.204237329874390694e+00 6.928203230275514102e+00 4.898979485566345993e+00 6.525746382879013652e+00 2.774774774774774855e+00 5.673611111111110006e+01 5.777777777777777857e+01 8.078431717184994909e+01 4.800000000000000000e+01
1.548678433745156680e+00 2.931893158047083503e+00 1.465946579023539975e+00 3.175619670243911674e+00 1.333545539427892335e+00 6.036375661375662105e+01 6.137566137566138735e+01 8.409815616370916302e+01 8.000000000000000000e+01
1.783115227438604400e+00 2.828427124746190735e+00 1.414213562373092925e+00 3.863165882137523433e+00 0.000000000000000000e+00 8.200000000000000000e+01 7.950000000000000000e+01 9.285233763841240773e+01 8.000000000000000000e+00
1.560235690144657683e+00 3.096338992284571656e+00 1.854138686676689129e+00 3.516755481444576947e+00 2.935714285714285943e+00 7.410256410256410220e+01 8.410256410256408799e+01 1.004461450517175507e+02 3.000000000000000000e+01
1.415234611850572977e+00 4.690415759823432396e+00 3.316624790355399366e+00 4.891270622434090498e+00 1.842105263157894690e+00 6.627039627039629011e+01 6.871794871794871540e+01 8.682154159867215526e+01 2.200000000000000000e+01
1.584225509875092364e+00 4.338733584634183238e+00 2.126267839143413330e+00 4.653240061493169932e+00 1.376600512163892676e+00 6.032608695652172770e+01 6.467391304347823677e+01 8.421297246170324513e+01 7.200000000000000000e+01
1.652276755432460664e+00 2.958956209219444133e+00 1.676114969720351233e+00 3.099253383899830627e+00 3.176328502415459720e+00 7.057142857142856940e+01 7.950000000000000000e+01 9.879517745339217072e+01 7.000000000000000000e+01
1.585686163132923543e+00 3.994785186379445463e+00 2.375317860756215538e+00 3.949593916458286724e+00 2.011813681368137097e+00 6.237373737373736304e+01 6.767676767676768179e+01 8.682046396642044783e+01 6.600000000000000000e+01
1.334444114756521360e+00 4.052422768424732702e+00 2.501596124595824033e+00 4.085095249930535743e+00 2.983289817232376073e+00 5.618279569892472836e+01 5.591397849462363467e+01 7.975696742252100080e+01 7.200000000000000000e+01
1.391505736594944809e+00 5.656854249492385023e+00 3.872983346207410360e+00 5.336365172000989254e+00 2.863636363636363757e+00 6.490641711229947930e+01 6.711229946524063905e+01 8.816966932308586991e+01 3.200000000000000000e+01
1.188046902265357474e+00 3.798288964661869382e+00 2.364715397206823777e+00 4.249555545671083401e+00 3.718531468531468320e+00 5.254166666666667140e+01 5.104166666666667140e+01 7.470221822734777106e+01 5.000000000000000000e+01
1.713112070260089492e+00 3.270489834451514533e+00 1.592042786067777937e+00 3.726239922724624343e+00 1.762883573228400946e+00 5.813756613756612524e+01 5.873015873015871335e+01 8.283081593290943090e+01 1.000000000000000000e+02
1.604406295904494462e+00 3.999999999999999112e+00 2.999999999999997780e+00 6.393258426966287544e+00 nan 8.075000000000000000e+01 8.700000000000000000e+01 8.742702725609491665e+01 4.000000000000000000e+00
1.439371333928147978e+00 2.895846236466803614e+00 1.490182215342445327e+00 3.549549030051662779e+00 1.750000000000000000e+00 6.551282051282049679e+01 6.487179487179487580e+01 8.714287947144103441e+01 2.400000000000000000e+01
1.277271939463038741e+00 3.543748937210325245e+00 1.583301121749775442e+00 3.820222431908995020e+00 1.110869565217391219e+00 5.234449760765551929e+01 4.684210526315789735e+01 7.100949317871331345e+01 4.400000000000000000e+01
1.867086696869012297e+00 2.977441048537719848e+00 1.476944300033986801e+00 3.226986504765546826e+00 8.981657179000631652e-01 5.896788396788397790e+01 6.060606060606060908e+01 8.034770202035412012e+01 7.800000000000000000e+01
2.043625384831262437e+00 1.999999999999999778e+00 9.999999999999992228e-01 4.165467625899276882e+00 nan 9.950000000000000000e+01 9.950000000000000000e+01 9.333785430847561315e+01 2.000000000000000000e+00
1.467088262757795469e+00 4.472135954999580498e+00 1.999999999999996447e+00 5.226866366495446670e+00 0.000000000000000000e+00 7.171717171717172334e+01 7.171717171717173755e+01 9.004646581510827730e+01 2.000000000000000000e+01
1.471741501517660700e+00 3.162277660168379967e+00 1.732050807568874529e+00 4.301162633521311562e+00 2.000000000000000000e+00 6.950000000000000000e+01 7.450000000000000000e+01 8.642629399472622254e+01 1.000000000000000000e+01
1.593582527098849067e+00 4.107074129711528521e+00 2.385135000601798616e+00 4.074177340752428655e+00 2.065579296753448979e+00 6.642616642616643219e+01 7.089947089947091285e+01 9.359740715360072727e+01 6.600000000000000000e+01
1.463869169518008162e+00 3.305054495489671673e+00 2.027412598355945228e+00 3.672300375684076190e+00 2.644230769230769162e+00 6.515151515151515582e+01 7.005347593582887100e+01 9.030484665190320470e+01 3.600000000000000000e+01
1.515659632655200095e+00 3.121428623488584186e+00 1.601679986839451564e+00 3.563905796532595538e+00 1.666666666666666519e+00 6.198979591836735636e+01 6.377551020408164817e+01 8.236253193072590761e+01 2.800000000000000000e+01
1.354183378824673989e+00 3.886566631452294196e+00 2.626754984157306794e+00 3.739226124251977978e+00 3.218123861566484223e+00 5.600103021978022610e+01 5.329670329670329210e+01 7.833884805336514034e+01 6.400000000000000000e+01
2.094369662576512248e+00 3.024252145332218866e+00 1.440234209659421172e+00 3.158095904700891854e+00 1.333333333333333259e+00 6.725935828877004496e+01 7.005347593582887100e+01 9.247362311767278698e+01 8.000000000000000000e+01
1.173050793925729751e+00 3.741657386773943994e+00 2.645751311064586275e+00 4.436129538575135811e+00 6.000000000000000000e+00 6.157509157509158371e+01 6.871794871794871540e+01 8.164410388697945109e+01 1.400000000000000000e+01
1.253871892324535775e+00 3.816820017066894444e+00 2.251303012126176561e+00 3.483657213437687084e+00 2.264189189189189211e+00 5.420673076923076650e+01 5.781249999999999289e+01 7.603474137982310310e+01 5.200000000000000000e+01
1.728729308329590486e+00 3.180853704930068471e+00 1.512594486849116793e+00 3.423995513119142409e+00 1.563140368852458773e+00 5.883200354609930827e+01 6.197916666666665719e+01 8.203850546263072374e+01 9.400000000000000000e+01
1.301639017897381789e+00 3.772614890255407083e+00 1.452293319757269385e+00 3.886602625979941550e+00 1.103773584905660243e+00 5.413921826965302841e+01 4.494949494949494806e+01 7.246427340345977086e+01 4.600000000000000000e+01
