1.213921071195838586e+00 4.898979485566353986e+00 3.464101615137753942e+00 3.840572873934304798e+00 3.809523809523809312e+00 6.972789115646260427e+01 7.091836734693877986e+01 9.917803794303425491e+01 2.400000000000000000e+01
1.024109371757477849e+00 3.464101615137757495e+00 2.645751311064591160e+00 2.999999999999998668e+00 1.200000000000000000e+01 6.464646464646463642e+01 7.222222222222221433e+01 8.868842167290593181e+01 1.200000000000000000e+01
1.333067682806718723e+00 4.408096694603393928e+00 2.572528202230802918e+00 3.568606305706537363e+00 4.259838998211090910e+00 5.155555555555555713e+01 5.085714285714286120e+01 7.393358770129056268e+01 9.000000000000000000e+01
1.374553855631162280e+00 3.287503659034452408e+00 1.906845802926448563e+00 2.795019558377368263e+00 2.453431372549019329e+00 6.533801020408165527e+01 7.091836734693877986e+01 8.891003460608848741e+01 3.200000000000000000e+01
1.464207651852099668e+00 4.271410380525042072e+00 2.519040826243140963e+00 3.787837203908467121e+00 1.982620320855615015e+00 6.352184400964887345e+01 6.483516483516483220e+01 9.178026693642020462e+01 8.200000000000000000e+01
1.291966109729043799e+00 3.651851665012083803e+00 2.331610465522335751e+00 2.934364643098553938e+00 4.713414634146340987e+00 5.821314102564103621e+01 5.364583333333332860e+01 8.207633380867073924e+01 5.200000000000000000e+01
1.491223791351282246e+00 3.767404466638948790e+00 1.829513140785562708e+00 3.291608694275559355e+00 7.215703971119133975e-01 5.348484848484847731e+01 5.240641711229945798e+01 7.325238004614287490e+01 6.000000000000000000e+01
1.371576747558259646e+00 3.005976717387371711e+00 1.548916124822580453e+00 2.932319336354965333e+00 2.032941069147965241e+00 5.558360558360558201e+01 5.521978021978021900e+01 7.990141914613406016e+01 7.400000000000000000e+01
1.337007807296098694e+00 5.099019513592788932e+00 3.316624790355398478e+00 3.668043818514910903e+00 1.666666666666666741e+00 6.309664694280078834e+01 6.487179487179487580e+01 8.543376968991518083e+01 2.600000000000000000e+01
1.720067877407219337e+00 3.902627371513785359e+00 2.004775057575571395e+00 3.783417009609021164e+00 1.544956140350877360e+00 6.422932330827066494e+01 6.789473684210526017e+01 9.193092936573717111e+01 5.600000000000000000e+01
1.248662455538791960e+00 3.040775722561616323e+00 1.483170250247147104e+00 2.996636823739406097e+00 1.363193596526929730e+00 6.185290404040403445e+01 6.313131313131312083e+01 8.853443870825678630e+01 9.600000000000000000e+01
1.518287208700942692e+00 4.573050519273265557e+00 2.635357856304218149e+00 4.036686293185326235e+00 2.448755066589461293e+00 6.235632183908045789e+01 7.183908045977010204e+01 8.962584552891146927e+01 1.000000000000000000e+02
1.499455349936291926e+00 3.525175850184141702e+00 1.420779972816615944e+00 3.751050905717124184e+00 8.787878787878786735e-01 6.305067481538069529e+01 6.417112299465239289e+01 8.836400136160050067e+01 4.200000000000000000e+01
1.217394724513790827e+00 3.871258567902145398e+00 2.626650031735411783e+00 3.446344578534231928e+00 4.202647975077882236e+00 5.579931972789117367e+01 5.306122448979593287e+01 8.084009596259971886e+01 6.000000000000000000e+01
1.538051736165838124e+00 4.511359021331792007e+00 2.164988085380034288e+00 4.135916102515434289e+00 1.472969338353953717e+00 5.931866383881229865e+01 6.032608695652172059e+01 8.479115432280987363e+01 8.200000000000000000e+01
1.186136823869866408e+00 5.099019513592788932e+00 3.464101615137752166e+00 3.926406329796582551e+00 2.048780487804878092e+00 6.230769230769232081e+01 5.948717948717947479e+01 8.469473021771653976e+01 2.600000000000000000e+01
1.304010030946199050e+00 6.480740698407865708e+00 3.464101615137751278e+00 5.244044240850755045e+00 1.159420289855072506e+00 5.650037792894936217e+01 5.899470899470900775e+01 7.834457545868187367e+01 4.200000000000000000e+01
1.416470137875199597e+00 3.186708769871326119e+00 1.867007167827152925e+00 2.668216840070788187e+00 3.051282051282051544e+00 7.115646258503402066e+01 8.520408163265307167e+01 1.000437495032759045e+02 3.000000000000000000e+01
1.101444123695407118e+00 2.449489742783179214e+00 1.414213562373093591e+00 2.345207879911713977e+00 4.000000000000000000e+00 7.950000000000000000e+01 7.950000000000000000e+01 1.005933901363091110e+02 6.000000000000000000e+00
1.329019796081261973e+00 4.539482006091416721e+00 2.722182941004819057e+00 3.718513830066395354e+00 2.788308397683397999e+00 5.738821138211382333e+01 5.926829268292685526e+01 8.428821703770259433e+01 9.600000000000000000e+01
1.483708157337129574e+00 3.375437903527040984e+00 1.792789962520997316e+00 3.070003782639406875e+00 1.733333333333333393e+00 6.229166666666667140e+01 6.510416666666667140e+01 8.679898085049744338e+01 4.000000000000000000e+01
1.559719207888949910e+00 3.365865436338598915e+00 1.640061997331331511e+00 3.408147656340172915e+00 1.500000000000000000e+00 7.091836734693877986e+01 7.806122448979593287e+01 1.001603005346580062e+02 3.600000000000000000e+01
1.062677248645047312e+00 4.000000000000004441e+00 3.162277660168377746e+00 3.240370349203928413e+00 6.222222222222222321e+00 6.294871794871794890e+01 6.102564102564102910e+01 8.700458980912175377e+01 1.600000000000000000e+01
9.927841863532740341e-01 1.999999999999999778e+00 9.999999999999992228e-01 1.999999999999999556e+00 nan 9.950000000000000000e+01 9.950000000000000000e+01 1.093597381267729958e+02 2.000000000000000000e+00
1.318455424941650689e+00 3.723115112147556527e+00 2.394781869231202620e+00 3.504284070755233849e+00 3.023384763741562065e+00 6.120370370370370239e+01 6.550000000000000000e+01 8.860574824439369479e+01 5.400000000000000000e+01
1.433628968012381932e+00 3.111972875488456580e+00 1.749219600691383603e+00 2.852456487574258848e+00 3.683539657223867891e+00 5.782828282828284472e+01 6.161616161616164078e+01 8.434003641144204266e+01 8.800000000000000000e+01
1.251664402485869632e+00 3.929645815211466164e+00 1.583301121749775220e+00 3.582033459181332535e+00 8.000000000000000444e-01 5.300000000000000000e+01 4.550000000000000000e+01 7.410038909028605758e+01 5.600000000000000000e+01
1.681742173776073823e+00 3.747522087408219793e+00 2.089529802646358014e+00 3.301970048557650639e+00 2.228485370051635162e+00 6.964779642264430493e+01 7.005347593582887100e+01 9.931312279477434402e+01 5.800000000000000000e+01
1.261685103575071576e+00 4.144021832308375508e+00 1.754478658600682861e+00 4.223335435601539345e+00 7.792565947242207081e-01 5.250000000000000000e+01 4.750000000000000000e+01 7.293028319235675383e+01 6.800000000000000000e+01
1.249999969750368312e+00 4.391851715568663828e+00 3.005852934204826798e+00 3.776989511028463475e+00 2.786577728143911692e+00 5.686413043478260931e+01 5.200000000000000000e+01 8.155652057724090298e+01 9.200000000000000000e+01
1.054027408624389928e+00 2.770261746883892595e+00 1.052409779148925306e+00 2.900098068123040385e+00 9.868421052631579649e-01 5.468460111317254757e+01 4.948979591836735636e+01 7.297259170172134191e+01 2.200000000000000000e+01
1.223886996769321112e+00 4.317796256667672417e+00 2.374683681272084179e+00 3.794672696177097571e+00 2.069642857142857117e+00 4.612135176651305102e+01 4.462365591397848164e+01 6.516923004779602024e+01 8.400000000000000000e+01
1.222551543909222049e+00 3.609134996572830989e+00 1.886749688517133094e+00 3.119768895137563280e+00 1.562500000000000000e+00 5.051851851851852615e+01 4.708994708994709555e+01 6.979477132662874794e+01 5.000000000000000000e+01
1.374994553792850516e+00 4.211628702983268191e+00 2.625560777372717425e+00 3.592807891093924955e+00 2.540115798180314410e+00 6.184881847475833183e+01 6.198979591836736347e+01 9.065469205736152958e+01 7.600000000000000000e+01
1.066022166174406482e+00 3.603445953932019385e+00 1.728245871888568264e+00 3.392400919501339818e+00 1.079787234042553390e+00 5.109427609427610406e+01 4.232804232804233635e+01 7.023417347105578301e+01 4.400000000000000000e+01
1.130893038443683274e+00 3.464101615137754830e+00 2.449489742783174329e+00 2.999999999999999556e+00 4.800000000000000711e+00 7.264309764309764716e+01 8.838383838383839475e+01 9.962032892973736864e+01 1.200000000000000000e+01
1.273896664837910198e+00 2.962229512518212093e+00 1.613189950345524926e+00 2.707959912744651199e+00 2.572380115858376559e+00 4.953453453453452937e+01 4.611111111111110716e+01 7.072506258878428298e+01 7.400000000000000000e+01
1.583975464673944122e+00 2.880339466127438186e+00 1.573226699546795393e+00 2.970807779856719399e+00 3.327197904975683240e+00 7.068938686585747178e+01 7.328042328042329245e+01 1.026034769029940179e+02 6.800000000000000000e+01
1.321154261101885607e+00 4.419853856684193616e+00 2.813666584095574130e+00 3.812425785702866499e+00 2.818815974016387393e+00 6.334733893557424977e+01 6.852941176470589824e+01 9.280297649081914813e+01 8.400000000000000000e+01
1.386983132872433355e+00 3.138661647567554613e+00 1.361922657351543497e+00 2.976804571128422783e+00 1.677088110346788952e+00 5.645819901139052632e+01 6.010101010101012520e+01 8.166089681520666943e+01 9.400000000000000000e+01
1.516122300049943750e+00 3.015151648101881410e+00 1.663226904076885893e+00 3.143365963775967664e+00 1.978395061728394966e+00 5.539682539682538476e+01 5.502645502645501097e+01 7.993384108011780143e+01 9.000000000000000000e+01
1.131641525483658262e+00 4.000000000000001776e+00 2.828427124746185406e+00 3.240370349203928413e+00 2.352941176470588314e+00 6.540404040404040131e+01 6.313131313131312083e+01 8.834689406430450731e+01 1.600000000000000000e+01
1.408252580304029333e+00 4.251961713882900007e+00 2.441980684251111811e+00 3.529397307339576795e+00 2.018829754123872000e+00 5.551378446115288057e+01 5.502645502645501097e+01 7.900966636575114421e+01 7.600000000000000000e+01
1.360075908347439411e+00 3.665629786446681582e+00 2.173034354722359840e+00 3.544151145640880518e+00 4.062328767123287498e+00 6.934667586841500508e+01 7.566137566137567205e+01 1.019000007262969802e+02 4.600000000000000000e+01
1.173417795073587788e+00 3.162277660168380855e+00 1.414213562373092703e+00 2.915475947422649483e+00 0.000000000000000000e+00 7.616161616161616621e+01 7.449494949494950902e+01 9.535194579108721769e+01 1.000000000000000000e+01
1.363154720205374426e+00 4.392122701886505887e+00 2.554975767101195672e+00 3.822047755433746197e+00 2.128048780487804770e+00 5.184789440603392308e+01 4.810810810810809102e+01 7.492987972924667872e+01 8.600000000000000000e+01
1.168079924379656243e+00 4.021250840970684415e+00 1.823360600830270073e+00 3.833836838700291683e+00 1.230263157894736725e+00 5.286485545106235406e+01 4.494949494949494806e+01 7.407303527217931105e+01 5.800000000000000000e+01
1.230978990161257780e+00 4.434583378632606987e+00 2.812736319737016544e+00 3.843503382215480713e+00 3.175692507901096917e+00 6.222789115646261848e+01 6.055555555555558556e+01 9.028526265244092031e+01 9.800000000000000000e+01
1.103455121369193659e+00 3.768298270362488100e+00 2.573732212427000121e+00 3.178167397182804610e+00 4.189583333333333215e+00 5.752314814814813815e+01 5.885416666666667140e+01 8.312608476230531096e+01 5.400000000000000000e+01
1.387207774682631900e+00 2.810524248303257977e+00 1.083125420397767380e+00 3.040443739535368284e+00 9.234306125550996169e-01 5.474193548387096797e+01 4.700000000000000000e+01 7.509982694923577640e+01 6.200000000000000000e+01
1.086943453100648993e+00 2.923647753794257120e+00 1.339675380098977797e+00 3.136559221495199168e+00 1.874417207971804444e+00 5.649572649572647975e+01 5.944444444444444997e+01 8.174455891968044341e+01 7.800000000000000000e+01
1.324658698804000112e+00 3.411189702003358359e+00 2.064545866788884521e+00 3.150302923117843878e+00 2.541044776119402826e+00 6.144736842105262298e+01 6.263157894736841769e+01 8.764464725846703175e+01 4.000000000000000000e+01
1.432238076425510709e+00 2.929489653808834859e+00 1.465198563708384416e+00 2.790654979105231526e+00 1.546021910374015595e+00 5.657142857142856940e+01 5.950000000000000000e+01 7.886301526121999927e+01 7.000000000000000000e+01
1.297390859954004716e+00 3.248864133333840609e+00 1.526770268126211416e+00 3.097441965727053770e+00 9.259259259259259300e-01 6.147812971342384003e+01 6.102564102564102910e+01 8.339676278811027998e+01 3.400000000000000000e+01
1.141825226529886050e+00 2.828427124746190735e+00 1.732050807568874973e+00 2.516611478423583570e+00 1.500000000000000000e+00 7.449494949494949481e+01 8.282828282828283761e+01 9.337645134410016112e+01 8.000000000000000000e+00
1.204808865374817239e+00 2.656402479886668555e+00 1.355882106693847122e+00 2.670344289339604327e+00 1.510416666666666519e+00 6.783333333333332860e+01 6.450000000000000000e+01 9.153074304080141133e+01 1.800000000000000000e+01
1.556298682798492816e+00 3.323894297787715946e+00 1.799673697962997032e+00 3.154846027374320183e+00 1.439024390243902385e+00 7.215924426450740725e+01 6.871794871794871540e+01 1.009918310283769074e+02 3.800000000000000000e+01
1.174307355717558510e+00 4.472135954999580498e+00 3.316624790355394481e+00 3.618136134933164438e+00 2.769230769230769607e+00 6.948717948717947479e+01 7.256410256410256920e+01 9.722307749766790153e+01 2.000000000000000000e+01
9.851054136393965210e-01 5.999999999999997335e+00 4.999999999999999112e+00 3.999999999999996891e+00 nan 7.171717171717173755e+01 7.449494949494950902e+01 9.219495682663158220e+01 6.000000000000000000e+00
1.511181920580083826e+00 4.460076905311534112e+00 2.267234361572675994e+00 3.712131701710291498e+00 2.535714285714285143e+00 5.504981884057970376e+01 5.781249999999999289e+01 7.874773248789855984e+01 9.200000000000000000e+01
1.233749305666552942e+00 3.111972875488456580e+00 1.223423127128247634e+00 3.268616160035691554e+00 1.110485559964726532e+00 4.786363636363635976e+01 4.350000000000000000e+01 6.746383496404858704e+01 8.800000000000000000e+01
1.547333714150338713e+00 3.974267717036507275e+00 2.023529397857597001e+00 3.657464124509522296e+00 1.654645760743321592e+00 5.986426767676767469e+01 6.085858585858585457e+01 8.492558120051320714e+01 6.400000000000000000e+01
1.437359579836996248e+00 3.498098863849139928e+00 1.748223175579021849e+00 3.119039673686826220e+00 1.894917582417582569e+00 6.082785087719296513e+01 6.197916666666667140e+01 8.400260245707677598e+01 3.800000000000000000e+01
1.387594728527326238e+00 3.669259018569607900e+00 1.937690750870004974e+00 3.374979046031712837e+00 1.852173913043478226e+00 5.978070175438598000e+01 6.263157894736841769e+01 8.553499581336203050e+01 4.800000000000000000e+01
1.122666776952424339e+00 3.080024803083043494e+00 1.169167304276033326e+00 3.115809339680867485e+00 1.810344827586207295e+00 6.555059523809524080e+01 6.614583333333334281e+01 8.967067854930675708e+01 2.800000000000000000e+01
1.334455282876117810e+00 4.683895516220591304e+00 2.645395520287479485e+00 4.524142551645648602e+00 1.966940191314446418e+00 5.257584114726970625e+01 4.810810810810809102e+01 7.631739296333341827e+01 9.800000000000000000e+01
1.122537627413243921e+00 2.656402479886668555e+00 1.174618943088019174e+00 2.779690184946336018e+00 2.250000000000000000e+00 6.290509259259258101e+01 6.614583333333334281e+01 8.323765662290665546e+01 1.800000000000000000e+01
1.345464895197706623e+00 3.308641206573625926e+00 1.607478777437284956e+00 3.202550236113217430e+00 1.572222222222221966e+00 6.184012066365006888e+01 6.282051282051281049e+01 8.572114714522616907e+01 3.400000000000000000e+01
1.612367031192178501e+00 3.111497628292656970e+00 1.564913180150238725e+00 3.242206762916820750e+00 1.697638146167557816e+00 6.125242248062016159e+01 5.989583333333332860e+01 8.764688583649159170e+01 8.600000000000000000e+01
9.882743871900619981e-01 3.999999999999999112e+00 2.999999999999997780e+00 2.999999999999996447e+00 nan 8.075000000000000000e+01 8.700000000000000000e+01 9.849139748648842385e+01 4.000000000000000000e+00
1.214114920368371653e+00 4.023631365412828842e+00 2.392754875381120971e+00 3.575931486009205074e+00 2.363082039911308385e+00 6.239817530140110335e+01 6.767676767676768179e+01 8.950635215357596053e+01 6.200000000000000000e+01
1.143561745022442899e+00 3.741657386773943994e+00 2.828427124746187182e+00 3.020761493398642195e+00 4.444444444444444642e+00 6.950000000000000000e+01 7.450000000000000000e+01 9.465607901131565427e+01 1.400000000000000000e+01
1.111464079256825332e+00 6.928203230275514102e+00 4.898979485566345993e+00 5.423713365090993221e+00 2.774774774774774855e+00 5.673611111111110006e+01 5.777777777777777857e+01 8.192749581929396641e+01 4.800000000000000000e+01
1.466310979805288461e+00 2.931893158047083503e+00 1.465946579023539975e+00 2.837911024793575709e+00 1.333545539427892335e+00 6.036375661375662105e+01 6.137566137566138735e+01 8.594092694852677994e+01 8.000000000000000000e+01
1.145251811642074680e+00 2.828427124746190735e+00 1.414213562373092925e+00 2.549509756796392246e+00 0.000000000000000000e+00 8.200000000000000000e+01 7.950000000000000000e+01 1.007409657163104839e+02 8.000000000000000000e+00
1.411791953570516123e+00 3.096338992284571656e+00 1.854138686676689129e+00 2.883489598971678003e+00 2.935714285714285943e+00 7.410256410256410220e+01 8.410256410256408799e+01 1.045860090784623964e+02 3.000000000000000000e+01
1.175841866732582952e+00 4.690415759823432396e+00 3.316624790355399366e+00 3.643175438093431140e+00 1.842105263157894690e+00 6.627039627039629011e+01 6.871794871794871540e+01 9.012300424146260980e+01 2.200000000000000000e+01
1.558012730584010130e+00 4.338733584634183238e+00 2.126267839143413330e+00 4.005129226913699547e+00 1.376600512163892676e+00 6.032608695652172770e+01 6.467391304347823677e+01 8.573032371217514935e+01 7.200000000000000000e+01
1.564034557691083904e+00 2.958956209219444133e+00 1.676114969720351233e+00 2.772167545684165013e+00 3.176328502415459720e+00 7.057142857142856940e+01 7.950000000000000000e+01 1.009326816826486066e+02 7.000000000000000000e+01
1.516623203941476650e+00 3.994785186379445463e+00 2.375317860756215538e+00 3.398875518208700264e+00 2.011813681368137097e+00 6.237373737373736304e+01 6.767676767676768179e+01 8.857038764811163389e+01 6.600000000000000000e+01
1.289418397099144853e+00 4.052422768424732702e+00 2.501596124595824033e+00 3.618729564032615809e+00 2.983289817232376073e+00 5.618279569892472836e+01 5.591397849462363467e+01 8.076750764686366324e+01 7.200000000000000000e+01
1.283098945015527681e+00 5.656854249492385023e+00 3.872983346207410360e+00 4.123105625617659697e+00 2.863636363636363757e+00 6.490641711229947930e+01 6.711229946524063905e+01 9.088659360136297494e+01 3.200000000000000000e+01
1.150789845041982007e+00 3.798288964661869382e+00 2.364715397206823777e+00 3.776394086099596592e+00 3.718531468531468320e+00 5.254166666666667140e+01 5.104166666666667140e+01 7.570794723340839028e+01 5.000000000000000000e+01
1.647461680689554342e+00 3.270489834451514533e+00 1.592042786067777937e+00 3.390423481115638182e+00 1.762883573228400946e+00 5.813756613756612524e+01 5.873015873015871335e+01 8.410653986649506919e+01 1.000000000000000000e+02
9.882743871900619981e-01 3.999999999999999112e+00 2.999999999999997780e+00 2.999999999999996447e+00 nan 8.075000000000000000e+01 8.700000000000000000e+01 9.849139673648753046e+01 4.000000000000000000e+00
1.307597331082035907e+00 2.895846236466803614e+00 1.490182215342445327e+00 2.903522228695493812e+00 1.750000000000000000e+00 6.551282051282049679e+01 6.487179487179487580e+01 9.094454659265703356e+01 2.400000000000000000e+01
1.166423908033397794e+00 3.543748937210325245e+00 1.583301121749775442e+00 3.242892399007666793e+00 1.110869565217391219e+00 5.234449760765551929e+01 4.684210526315789735e+01 7.297670945868469516e+01 4.400000000000000000e+01
1.795440763827845343e+00 2.977441048537719848e+00 1.476944300033986801e+00 2.864987783458313508e+00 8.981657179000631652e-01 5.896788396788397790e+01 6.060606060606060908e+01 8.227000278973086722e+01 7.800000000000000000e+01
9.927841863532740341e-01 1.999999999999999778e+00 9.999999999999992228e-01 1.999999999999999556e+00 nan 9.950000000000000000e+01 9.950000000000000000e+01 1.093597381267729958e+02 2.000000000000000000e+00
9.784572676940441749e-01 4.472135954999580498e+00 1.999999999999996447e+00 3.674234614174765046e+00 0.000000000000000000e+00 7.171717171717172334e+01 7.171717171717173755e+01 9.533027249857131835e+01 2.000000000000000000e+01
1.139574589559436690e+00 3.162277660168379967e+00 1.732050807568874529e+00 2.999999999999999556e+00 2.000000000000000000e+00 6.950000000000000000e+01 7.450000000000000000e+01 9.293072427430104199e+01 1.000000000000000000e+01
1.489044855948199464e+00 4.107074129711528521e+00 2.385135000601798616e+00 3.506364979768213708e+00 2.065579296753448979e+00 6.642616642616643219e+01 7.089947089947091285e+01 9.565305728651063077e+01 6.600000000000000000e+01
1.375750903607702913e+00 3.305054495489671673e+00 2.027412598355945228e+00 3.086365678362791964e+00 2.644230769230769162e+00 6.515151515151515582e+01 7.005347593582887100e+01 9.311698548415203902e+01 3.600000000000000000e+01
1.327512225912623522e+00 3.121428623488584186e+00 1.601679986839451564e+00 2.949128000635500513e+00 1.666666666666666519e+00 6.198979591836735636e+01 6.377551020408164817e+01 8.532130474387842867e+01 2.800000000000000000e+01
1.316332965828178381e+00 3.886566631452294196e+00 2.626754984157306794e+00 3.264522397879182858e+00 3.218123861566484223e+00 5.600103021978022610e+01 5.329670329670329210e+01 7.967415665274367598e+01 6.400000000000000000e+01
1.645045113085359834e+00 3.024252145332218866e+00 1.440234209659421172e+00 2.802251952507924582e+00 1.333333333333333259e+00 6.725935828877004496e+01 7.005347593582887100e+01 9.509461986908571873e+01 8.000000000000000000e+01
1.008337106835504482e+00 3.741657386773943994e+00 2.645751311064586275e+00 3.316624790355400254e+00 6.000000000000000000e+00 6.157509157509158371e+01 6.871794871794871540e+01 8.543381761961185816e+01 1.400000000000000000e+01
1.159079960005610976e+00 3.816820017066894444e+00 2.251303012126176561e+00 3.030229043040868486e+00 2.264189189189189211e+00 5.420673076923076650e+01 5.781249999999999289e+01 7.760138292687527439e+01 5.200000000000000000e+01
1.659171836033451530e+00 3.180853704930068471e+00 1.512594486849116793e+00 3.094960081547738273e+00 1.563140368852458773e+00 5.883200354609930827e+01 6.197916666666665719e+01 8.340434474308121082e+01 9.400000000000000000e+01
1.158514428187394918e+00 3.772614890255407083e+00 1.452293319757269385e+00 3.351650986846505642e+00 1.103773584905660243e+00 5.413921826965302841e+01 4.494949494949494806e+01 7.372424655092343926e+01 4.600000000000000000e+01
