1.396749063049164574e+00 3.443857242552258668e+00 2.384285458271298896e+00 2.968574111153525319e+00 3.343269230769230660e+00 5.500326960109678964e+01 5.653164221963583458e+01 7.870821976108129547e+01 4.000000000000000000e+01
2.002976334746505938e+00 3.411189702003358359e+00 1.582670705516974197e+00 3.145967414381766414e+00 1.015151515151515138e+00 5.552521351663259708e+01 5.719796937734624720e+01 7.708684965549633716e+01 4.000000000000000000e+01
1.585163758287544633e+00 3.473953464439372585e+00 2.163658939889099297e+00 2.917233780040032975e+00 2.217672413793103203e+00 5.459661248784993859e+01 5.282615755175925898e+01 7.628057846581148738e+01 4.000000000000000000e+01
1.480426422804655084e+00 3.314454017339988567e+00 1.698660169901905936e+00 3.152464559537923261e+00 2.089285714285714413e+00 4.625241134096697948e+01 4.472454101088580813e+01 6.534668475404139087e+01 4.000000000000000000e+01
1.479087378178796763e+00 3.314454017339988567e+00 1.799743106557645911e+00 2.929891028178473356e+00 3.202380952380952106e+00 5.314578819887341865e+01 5.397886279926350994e+01 7.549286140971176451e+01 4.000000000000000000e+01
1.529357314102111731e+00 3.646778057984196852e+00 1.886982335441064862e+00 3.380765824125984143e+00 1.853794642857142794e+00 5.564444903603191506e+01 5.517769148938357660e+01 8.088353190763669431e+01 4.000000000000000000e+01
1.177647988255603462e+00 3.473953464439372585e+00 1.735583917900362261e+00 3.255715723014466878e+00 9.918699186991868366e-01 4.622012522063334217e+01 4.483093195221069038e+01 6.442409458019957924e+01 4.000000000000000000e+01
1.468163693051490304e+00 3.473953464439372585e+00 1.877321446520074710e+00 3.428556137769015688e+00 4.178571428571428825e+00 4.369537623787500991e+01 3.684940546850403820e+01 6.260971766658450832e+01 4.000000000000000000e+01
1.220551807209213635e+00 3.443857242552258668e+00 2.272979917606407163e+00 2.746837021877582163e+00 2.066715542521993854e+00 6.164786523421745557e+01 6.632122531846977154e+01 8.806841451721949454e+01 4.000000000000000000e+01
1.985840844086744328e+00 3.443857242552258668e+00 1.902732803625868163e+00 3.057180326675362991e+00 2.265679442508711006e+00 5.924405067383362677e+01 6.296380955562417370e+01 8.462120709515151873e+01 4.000000000000000000e+01
1.090552921662280683e+00 6.324555320336762598e+00 4.786357832276956437e+00 5.041494487418060721e+00 4.173913043478260754e+00 5.257072127026494002e+01 5.653867167310455244e+01 7.683113033651656565e+01 4.000000000000000000e+01
2.197041319954741834e+00 3.314454017339988567e+00 1.631239964284333155e+00 3.048936594289995750e+00 1.428571428571428603e+00 5.660101184435123400e+01 5.527370365825044018e+01 7.928851244729838754e+01 4.000000000000000000e+01
1.509495595775177668e+00 3.443857242552258668e+00 2.316770332177366498e+00 3.501796036347750718e+00 1.716831683168316802e+00 6.556562035222754048e+01 6.847402679868665132e+01 9.393033811199329364e+01 4.000000000000000000e+01
1.635080308673244387e+00 3.473953464439372585e+00 8.708924494393767146e-01 3.498004137781242751e+00 1.000000000000000000e+00 5.411294722639734545e+01 5.858489019215728177e+01 7.609435251699653691e+01 4.000000000000000000e+01
1.687189161961992312e+00 3.443857242552258668e+00 1.419540045770196768e+00 3.279083931008116792e+00 9.705882352941176405e-01 4.970409319205595011e+01 4.144376618145506797e+01 6.770748384485405325e+01 4.000000000000000000e+01
1.352451869163225462e+00 3.375437903527040984e+00 1.589378190184209227e+00 3.122886167174085514e+00 1.364942528735632044e+00 4.487754135865926486e+01 3.940070412777330944e+01 6.147170225932251952e+01 4.000000000000000000e+01
1.727010072163951415e+00 6.324555320336762598e+00 2.938098700622116421e+00 4.789311015167001528e+00 1.505376344086021501e+00 5.172953807486018718e+01 5.106610187090392117e+01 7.419488735890557507e+01 4.000000000000000000e+01
1.126071165289276976e+00 3.473953464439372585e+00 2.575540468384234227e+00 3.431533451842742277e+00 2.750000000000000000e+00 5.537652016368659957e+01 5.499943042302577112e+01 8.091191109342990728e+01 4.000000000000000000e+01
1.236842852066344145e+00 3.335914189305272171e+00 2.279791787480049514e+00 3.193634644497747921e+00 8.317241379310344129e+00 5.921078300721044485e+01 6.931734641827360122e+01 8.690365321801630216e+01 4.000000000000000000e+01
1.459620859124212133e+00 3.375437903527040984e+00 2.156629294080520509e+00 3.103983073348040023e+00 2.065384615384615152e+00 5.347765231980213230e+01 5.525795014636016589e+01 7.574847944344656980e+01 4.000000000000000000e+01
1.882353102693095082e+00 3.375437903527040984e+00 1.651865542228165173e+00 3.353568398594739541e+00 1.156655844155844104e+00 5.895440588742165033e+01 5.726453258438839811e+01 8.326803901112724304e+01 4.000000000000000000e+01
1.218397328694827086e+00 3.515112659837269060e+00 1.558358291480920643e+00 3.457444245603601196e+00 9.119047619047619957e-01 4.550097875655170299e+01 3.744261412621606411e+01 6.422443279916848269e+01 4.000000000000000000e+01
1.574524266914945514e+00 3.427873620019256773e+00 2.153040378750250117e+00 3.071031718584416481e+00 1.684831460674157455e+00 5.927750124961607980e+01 6.094592409332467753e+01 8.511698635098639443e+01 4.000000000000000000e+01
1.891221127894623599e+00 3.443857242552258668e+00 1.903840565717556110e+00 3.031679067309862141e+00 2.477328431372549211e+00 6.372331347652901457e+01 6.908062439983530112e+01 9.063179608759453743e+01 4.000000000000000000e+01
1.556341137249559248e+00 3.443857242552258668e+00 1.919203738302714957e+00 3.310427675770106326e+00 2.122641509433962348e+00 5.996446066803867581e+01 5.695522096319736249e+01 8.581467910772272489e+01 4.000000000000000000e+01
1.755545934075451342e+00 3.411189702003358359e+00 1.966822154892377883e+00 3.133033926455284668e+00 1.462121212121212155e+00 5.581077402466619475e+01 5.685715844851220169e+01 7.956400764365653799e+01 4.000000000000000000e+01
1.308714012948040351e+00 3.515112659837269060e+00 2.438353278893779841e+00 3.236373183817654375e+00 3.849706744868035102e+00 7.003258615461754744e+01 7.485313192825891804e+01 1.030708051621805907e+02 4.000000000000000000e+01
1.493562619492913468e+00 3.586363173595479736e+00 1.920642976805968072e+00 3.270415072708053206e+00 1.880208333333333259e+00 5.940324431223452706e+01 5.276213917464895076e+01 8.340214394129436926e+01 4.000000000000000000e+01
1.459052259733812695e+00 3.552343858581805236e+00 1.673122985994517808e+00 3.242324445430777580e+00 1.513392857142857206e+00 5.823934916303794296e+01 5.564254440996800355e+01 8.329234006924801292e+01 4.000000000000000000e+01
1.182066916070061868e+00 2.430710570620359778e+00 9.397295479798126738e-01 2.581031967207872757e+00 1.581081081081081363e+00 5.163937157764054575e+01 4.643955013980297508e+01 7.184155446911940146e+01 4.000000000000000000e+01
1.492502923099441992e+00 3.473953464439372585e+00 1.962727995149988969e+00 2.772447236640432244e+00 2.666666666666666963e+00 5.777366094874709290e+01 5.317939107430588308e+01 8.155337022822574511e+01 4.000000000000000000e+01
1.310703229008824744e+00 3.473953464439372585e+00 1.573568523694683918e+00 3.561822747743819129e+00 8.636363636363636465e-01 5.886960129995604518e+01 5.863049300402006025e+01 8.252992341784695896e+01 4.000000000000000000e+01
1.439900625534965783e+00 3.515112659837269060e+00 1.427242164738387054e+00 3.327479068260028150e+00 7.397260273972602329e-01 5.669620698633151790e+01 6.239189567545172821e+01 8.011668289363197459e+01 4.000000000000000000e+01
1.627656977362103907e+00 3.515112659837269060e+00 1.764996719859651675e+00 2.964820660567155652e+00 2.607954545454545414e+00 4.322411236114928101e+01 4.166882221489169780e+01 6.211938260512150123e+01 4.000000000000000000e+01
1.292682557730731929e+00 6.324555320336762598e+00 3.947884021021084600e+00 4.862824161280089541e+00 1.739130434782608869e+00 5.664388244605706291e+01 6.006149299859732338e+01 8.174481331828776831e+01 4.000000000000000000e+01
1.259337044215968593e+00 3.586363173595479736e+00 2.254263686688545931e+00 3.240161294563143723e+00 1.666666666666666741e+00 6.306097246467445672e+01 6.284596301856132072e+01 8.796935974153926452e+01 4.000000000000000000e+01
1.717023403406612969e+00 3.473953464439372585e+00 1.649892527204641191e+00 3.157794207068807868e+00 1.575824175824175999e+00 4.649454294158697110e+01 4.839389808618046374e+01 6.614936709382172353e+01 4.000000000000000000e+01
1.761741654818056002e+00 3.411189702003358359e+00 1.892952717685006503e+00 3.246857453198566557e+00 1.606249999999999956e+00 5.207180686288365479e+01 5.236442190903494520e+01 7.506338635359408329e+01 4.000000000000000000e+01
1.122452225520837121e+00 3.375437903527040984e+00 1.581224580736932728e+00 2.997679026654630707e+00 9.556451612903225090e-01 5.398011872791509091e+01 4.808091187338123262e+01 7.515397862612370261e+01 4.000000000000000000e+01
1.978585104690458563e+00 3.552343858581805236e+00 1.442549963953976055e+00 3.423730970353362935e+00 1.966666666666666563e+00 6.354790777485984421e+01 6.440475313584117600e+01 8.765536639340515990e+01 4.000000000000000000e+01
1.640532890765554752e+00 3.375437903527040984e+00 1.605902817205741684e+00 3.173526202752870340e+00 9.090909090909090606e-01 6.274184565089959165e+01 5.868803964969163189e+01 8.618510722740369090e+01 4.000000000000000000e+01
1.702913424829326061e+00 3.443857242552258668e+00 1.961609209824293432e+00 3.296557382562415039e+00 2.541666666666666519e+00 6.406247090157216917e+01 6.965059051693530989e+01 9.385940670900083660e+01 4.000000000000000000e+01
1.073755663587324216e+00 6.324555320336760822e+00 4.690220916243956317e+00 4.814750064314675448e+00 4.210526315789473450e+00 4.986495342229866878e+01 4.044061548223579905e+01 6.869055760829094481e+01 4.000000000000000000e+01
1.222802687004003630e+00 3.427873620019257661e+00 1.841471792371099259e+00 3.675406649659485048e+00 1.344262295081967151e+00 6.094979578106130447e+01 6.440458887925707643e+01 8.718638506688071743e+01 4.000000000000000000e+01
1.683746730442744255e+00 3.443857242552258668e+00 1.794399897291654389e+00 3.401784283481367410e+00 2.515776699029125929e+00 5.579774772334133814e+01 5.164025017792589267e+01 8.056786790586667735e+01 4.000000000000000000e+01
1.140402036560702825e+00 6.324555320336762598e+00 5.046062407430477847e+00 4.696022953409335621e+00 1.833333333333333259e+00 6.106701654765405607e+01 6.059010218561078887e+01 8.403564556176155520e+01 4.000000000000000000e+01
1.092819073327057966e+00 3.402564240911784665e+00 2.282300696337528301e+00 2.851935883567991326e+00 2.146682727946627178e+00 4.771551062963279577e+01 4.329901440244854882e+01 6.604036363015043776e+01 4.000000000000000000e+01
2.153229554696802772e+00 3.586363173595479736e+00 1.399208244098614662e+00 3.215527839518688591e+00 1.162095639943741210e+00 4.954023541096314176e+01 4.962050865194917293e+01 7.091033522980161763e+01 4.000000000000000000e+01
1.407035848039975612e+00 3.515112659837269060e+00 2.171010699790212772e+00 3.236705566800180289e+00 6.452380952380953438e+00 5.551594647295643625e+01 6.228898365017234795e+01 8.149374988374319173e+01 4.000000000000000000e+01
1.799794961119144387e+00 3.443857242552258668e+00 1.926415738105500708e+00 3.055576668699627074e+00 2.407142857142857473e+00 6.154677179199614301e+01 7.131176310990547051e+01 8.659355560656901218e+01 4.000000000000000000e+01
